Eigvals	106
0.9567975651529161	0.6411455093203879	0.41944315769144536	0.2798983265641082	0.25064179224197025	0.1784085146386103	0.16376518649338856	0.1215877882100509	0.08506778239236915	0.06537850068958034	0.03824031511051576	0.02903698740097066	0.027545966690160878	0.017392285682290815	0.01630980537910018	0.012911721547136018	0.010870493831179301	0.008436564329690949	0.007444445036839803	0.006629295077661801	0.0035280667435763635	0.0028154166539167413	0.0011766891078765496	0.0006603602175278556	0.00036799391467353537	0.00031789516631006013	0.0001234167660231786	0.0	0.0	0.0	0.0	0.0	0.0	0.0	0.0	0.0	0.0	0.0	0.0	0.0	0.0	0.0	0.0	0.0	0.0	0.0	0.0	0.0	0.0	0.0	0.0	0.0	0.0	0.0	0.0	0.0	0.0	0.0	0.0	0.0	0.0	0.0	0.0	0.0	0.0	0.0	0.0	0.0	0.0	0.0	0.0	0.0	0.0	0.0	0.0	0.0	0.0	0.0	0.0	0.0	0.0	0.0	0.0	0.0	0.0	0.0	0.0	0.0	0.0	0.0	0.0	0.0	0.0	0.0	0.0	0.0	0.0	0.0	0.0	0.0	0.0	0.0	0.0	0.0	0.0	0.0

Proportion explained	106
0.28595761980328493	0.19161884443499952	0.12535877115975963	0.08365307580857297	0.0749091897211177	0.05332086541267786	0.04894442109999106	0.03633888272712657	0.025424166470342038	0.019539640488645985	0.011428864252787913	0.008678270206626723	0.008232649576862238	0.005198023905769211	0.004874503547588888	0.0038589198965945444	0.003248859168609529	0.002521431850268298	0.0022249176430030547	0.0019812941738400324	0.0010544315801420164	0.0008414421967931012	0.00035167649750765393	0.00019736153486852288	0.00010998216109101328	9.500917269837091e-05	3.68855084305808e-05	0.0	0.0	0.0	0.0	0.0	0.0	0.0	0.0	0.0	0.0	0.0	0.0	0.0	0.0	0.0	0.0	0.0	0.0	0.0	0.0	0.0	0.0	0.0	0.0	0.0	0.0	0.0	0.0	0.0	0.0	0.0	0.0	0.0	0.0	0.0	0.0	0.0	0.0	0.0	0.0	0.0	0.0	0.0	0.0	0.0	0.0	0.0	0.0	0.0	0.0	0.0	0.0	0.0	0.0	0.0	0.0	0.0	0.0	0.0	0.0	0.0	0.0	0.0	0.0	0.0	0.0	0.0	0.0	0.0	0.0	0.0	0.0	0.0	0.0	0.0	0.0	0.0	0.0	0.0

Species	0	0

Site	106	106
G1-11	0.03804986137137798	0.017460030534915724	0.03070331677649056	0.06026696720441628	-0.09456864122467537	0.011491354275023472	0.024853564542284406	-0.0021267980833266265	0.015006739172724309	0.011727231008493396	-0.008860851325973335	-0.005962053396324844	0.0031246708350641957	-0.006179116912251692	0.0031689410689707364	-0.002215094436969492	-0.014636807891736865	-0.012289996008723363	0.0019701344054962626	0.014497610579947254	0.003941585852346307	0.0062440589642497315	0.0005375872509938442	-0.00038551700053543605	0.0007360174617174368	0.0007178291488789465	-0.00031182243076878014	-0.0	0.0	0.0	0.0	0.0	0.0	0.0	0.0	0.0	0.0	0.0	0.0	0.0	0.0	0.0	0.0	0.0	0.0	0.0	0.0	0.0	0.0	0.0	0.0	0.0	0.0	0.0	0.0	0.0	0.0	0.0	0.0	0.0	0.0	0.0	0.0	0.0	0.0	0.0	0.0	0.0	0.0	0.0	0.0	0.0	0.0	0.0	0.0	0.0	0.0	0.0	0.0	0.0	0.0	0.0	0.0	0.0	0.0	0.0	0.0	0.0	0.0	0.0	0.0	0.0	0.0	0.0	0.0	0.0	0.0	0.0	0.0	0.0	0.0	0.0	0.0	0.0	0.0	0.0
G1-12	-0.07131502970524328	0.052213991172154264	0.010894248330168605	0.0007703062933084766	-0.012208218489567532	0.007884605147238674	0.014223565020115805	0.002848509674821791	0.007942605360713036	-0.0252778087044728	0.00010170127011797244	-0.014219825761569913	0.017819980714476512	-0.005635886130619581	0.003526783700469966	-0.01317402714210319	-0.012622016462522897	-0.010846409936421575	-0.01643419015156827	0.004960338223527943	0.009825315315350771	0.0045690533476620285	-0.0023885520323227915	0.0029295449745216683	0.0018874380936646986	0.0008289044974704665	5.284344098209496e-06	-0.0	0.0	0.0	0.0	0.0	0.0	0.0	-0.0	0.0	0.0	-0.0	0.0	0.0	0.0	0.0	-0.0	0.0	-0.0	-0.0	0.0	0.0	0.0	-0.0	-0.0	-0.0	0.0	0.0	0.0	0.0	0.0	0.0	0.0	0.0	0.0	0.0	0.0	0.0	0.0	0.0	0.0	0.0	0.0	0.0	0.0	0.0	0.0	0.0	0.0	0.0	0.0	0.0	0.0	0.0	0.0	0.0	0.0	0.0	0.0	0.0	0.0	0.0	0.0	0.0	0.0	0.0	0.0	0.0	0.0	0.0	0.0	0.0	0.0	0.0	0.0	0.0	0.0	0.0	0.0	0.0
G1-13	0.04355459134084051	-0.059305447229437314	-0.03657627744803956	0.050169231832631	-0.05831990076151407	0.02887917773920224	-5.6157041428616286e-05	-0.013414813069173673	-0.016733448956285892	0.0052688602007893975	-0.02286442087891814	-0.006165907786771272	0.012725263095368658	0.004124272957221168	0.013758885511429083	-0.009049527047313799	-0.01778127596893802	-0.009451197884806955	-0.0023479529958761814	0.002588200619607417	0.005410759424205196	0.00704644646253	0.000924309978931305	0.0006390590352410875	-2.4656306202523144e-05	0.002460334565980717	-0.0008195809168964366	-0.0	0.0	0.0	0.0	0.0	0.0	0.0	0.0	0.0	0.0	-0.0	0.0	0.0	-0.0	0.0	-0.0	0.0	-0.0	0.0	-0.0	0.0	-0.0	0.0	-0.0	-0.0	0.0	0.0	0.0	0.0	0.0	0.0	0.0	0.0	0.0	0.0	0.0	0.0	0.0	0.0	0.0	0.0	0.0	0.0	0.0	0.0	0.0	0.0	0.0	0.0	0.0	0.0	0.0	0.0	0.0	0.0	0.0	0.0	0.0	0.0	0.0	0.0	0.0	0.0	0.0	0.0	0.0	0.0	0.0	0.0	0.0	0.0	0.0	0.0	0.0	0.0	0.0	0.0	0.0	0.0
G1-130	0.02346011830311508	-0.26930643852522634	0.06373452426430357	0.03708754346030625	-0.103316365615471	0.06111230130771509	0.03589371695617138	-0.019241092340106195	0.03491447393968912	0.021287233854350024	0.0019776142098445067	0.009788949420035109	-0.009295349739206111	-0.001350760316919859	0.0038683504088724385	0.008924839596161237	-0.004886193110250718	0.007322264809997932	-0.002306170680447897	0.0008501173202087061	0.002388516176431475	0.003655178236015786	0.001202763903273548	0.0008608585989804102	-0.000795995431346924	-2.2680421602098142e-05	-0.00029966723037125076	-0.0	0.0	0.0	0.0	0.0	0.0	0.0	-0.0	0.0	0.0	-0.0	0.0	0.0	-0.0	0.0	-0.0	0.0	-0.0	0.0	0.0	0.0	-0.0	0.0	-0.0	-0.0	0.0	0.0	0.0	0.0	0.0	0.0	0.0	0.0	0.0	0.0	0.0	0.0	0.0	0.0	0.0	0.0	0.0	0.0	0.0	0.0	0.0	0.0	0.0	0.0	0.0	0.0	0.0	0.0	0.0	0.0	0.0	0.0	0.0	0.0	0.0	0.0	0.0	0.0	0.0	0.0	0.0	0.0	0.0	0.0	0.0	0.0	0.0	0.0	0.0	0.0	0.0	0.0	0.0	0.0
G1-131	0.04331673825973375	-0.06377902763444115	-0.037553800195822155	0.04836480458488118	-0.060045472659452405	0.02788584910411546	0.00258538072952723	-0.015888861443216044	-0.0076648608096632044	-0.010542479833047154	-0.008894262634780107	0.003154491280683297	-0.018043042319492796	-0.0013614221108178709	0.002371307403446879	0.0034529910209220305	0.0036002616614068308	-0.00550618890426036	0.007333405795830445	0.010031498643782624	0.010420524692399824	0.008114718663762486	-0.00024003019844048024	-0.0020149513811519204	0.0020060268140276913	-0.0007019049746329969	-0.002210271793135762	-0.0	-0.0	0.0	-0.0	-0.0	-0.0	0.0	-0.0	-0.0	0.0	-0.0	0.0	-0.0	0.0	-0.0	0.0	-0.0	-0.0	-0.0	0.0	-0.0	0.0	-0.0	-0.0	-0.0	0.0	0.0	0.0	0.0	0.0	0.0	0.0	0.0	0.0	0.0	0.0	0.0	0.0	0.0	0.0	0.0	0.0	0.0	0.0	0.0	0.0	0.0	0.0	0.0	0.0	0.0	0.0	0.0	0.0	0.0	0.0	0.0	0.0	0.0	0.0	0.0	0.0	0.0	0.0	0.0	0.0	0.0	0.0	0.0	0.0	0.0	0.0	0.0	0.0	0.0	0.0	0.0	0.0	0.0
G1-132	0.04409455300080688	-0.06215396907286063	-0.04015378902057902	0.0492441386878142	-0.06090885684298182	0.02657238848252593	-0.0006123784739775586	-0.017969657136184352	-0.00724285106988168	-0.007178504166560973	0.004641385326308391	0.0012739573284280333	-0.005645597788297371	-0.000770414965409396	-0.0026773232312052213	0.010326060093664335	0.011643936309373552	0.006996856990991575	0.0009435672714944815	-0.001808995328305046	0.002291668316751032	0.0007875651013758603	-0.000830469979787591	4.664593427960744e-05	-0.0004972971200821128	-0.003837679116430915	-0.00023880191766481276	0.0	0.0	0.0	-0.0	-0.0	0.0	0.0	-0.0	-0.0	-0.0	0.0	-0.0	0.0	-0.0	-0.0	-0.0	-0.0	0.0	-0.0	-0.0	0.0	-0.0	0.0	0.0	-0.0	0.0	0.0	0.0	0.0	0.0	0.0	0.0	0.0	0.0	0.0	0.0	0.0	0.0	0.0	0.0	0.0	0.0	0.0	0.0	0.0	0.0	0.0	0.0	0.0	0.0	0.0	0.0	0.0	0.0	0.0	0.0	0.0	0.0	0.0	0.0	0.0	0.0	0.0	0.0	0.0	0.0	0.0	0.0	0.0	0.0	0.0	0.0	0.0	0.0	0.0	0.0	0.0	0.0	0.0
G1-135	0.04433609376037229	-0.05767904060181154	-0.03921003204316204	0.0510776566636292	-0.05922920134672127	0.027555212944296043	-0.0032652286828547877	-0.015483676311641914	-0.016250249378447445	0.0085026355379603	-0.009229612740194175	-0.008055207518634965	0.024904170484192637	0.004806425287903882	0.00860256285857516	-0.002012345882076632	-0.009393182591535954	0.0028666319054293067	-0.008714852024113451	-0.009269705819851159	-0.002099303517685839	-0.00042862681240761057	0.0003387189055887754	0.002547696656980226	-0.0017679326784555648	0.00015208598949460858	0.001783128296027416	-0.0	-0.0	0.0	-0.0	-0.0	-0.0	-0.0	-0.0	-0.0	-0.0	0.0	-0.0	-0.0	0.0	-0.0	0.0	-0.0	0.0	-0.0	0.0	-0.0	0.0	-0.0	0.0	0.0	0.0	0.0	0.0	0.0	0.0	0.0	0.0	0.0	0.0	0.0	0.0	0.0	0.0	0.0	0.0	0.0	0.0	0.0	0.0	0.0	0.0	0.0	0.0	0.0	0.0	0.0	0.0	0.0	0.0	0.0	0.0	0.0	0.0	0.0	0.0	0.0	0.0	0.0	0.0	0.0	0.0	0.0	0.0	0.0	0.0	0.0	0.0	0.0	0.0	0.0	0.0	0.0	0.0	0.0
G1-136	0.08186525574730882	-0.06702317971561471	-0.02443054639170034	0.05235148791275935	-0.04232975707643054	0.0028544407775526162	-0.02254375959309786	-0.01688300904904428	-0.01771056504188263	-0.0037827230524771598	-0.002110507806186873	-0.00601148048388881	0.015143406052538368	-0.013517020430858132	-0.01198406057856147	-0.008605870564726299	-0.013393254849055002	-0.0102349699719596	-0.009978812493078675	0.0027700819250232656	-0.01764424899712303	-0.013210952051632566	0.0023604730063844386	-0.0032757193115530367	0.004507874203000598	-0.006060070454055447	-0.00113600150614983	-0.0	0.0	0.0	0.0	0.0	0.0	0.0	-0.0	0.0	0.0	-0.0	0.0	0.0	-0.0	0.0	-0.0	0.0	-0.0	0.0	-0.0	0.0	-0.0	0.0	-0.0	-0.0	0.0	0.0	0.0	0.0	0.0	0.0	0.0	0.0	0.0	0.0	0.0	0.0	0.0	0.0	0.0	0.0	0.0	0.0	0.0	0.0	0.0	0.0	0.0	0.0	0.0	0.0	0.0	0.0	0.0	0.0	0.0	0.0	0.0	0.0	0.0	0.0	0.0	0.0	0.0	0.0	0.0	0.0	0.0	0.0	0.0	0.0	0.0	0.0	0.0	0.0	0.0	0.0	0.0	0.0
G1-138	0.044094553000806884	-0.062153969072860867	-0.04015378902057905	0.049244138687814284	-0.06090885684298179	0.02657238848252596	-0.0006123784739775038	-0.01796965713618433	-0.007242851069881718	-0.007178504166561085	0.004641385326308428	0.0012739573284279884	-0.0056455977882975215	-0.0007704149654095236	-0.00267732323120513	0.0103260600936645	0.011643936309373716	0.006996856990991584	0.0009435672714945521	-0.0018089953283049445	0.002291668316750583	0.0007875651013754959	-0.0008304699797877015	4.6645934278876944e-05	-0.0004972971200831872	-0.003837679116429849	-0.00023880191766621178	-0.0	-0.0	0.0	0.0	0.0	-0.0	-0.0	0.0	0.0	0.0	-0.0	0.0	-0.0	0.0	0.0	0.0	0.0	-0.0	0.0	0.0	-0.0	0.0	-0.0	-0.0	0.0	0.0	0.0	0.0	0.0	0.0	0.0	0.0	0.0	0.0	0.0	0.0	0.0	0.0	0.0	0.0	0.0	0.0	0.0	0.0	0.0	0.0	0.0	0.0	0.0	0.0	0.0	0.0	0.0	0.0	0.0	0.0	0.0	0.0	0.0	0.0	0.0	0.0	0.0	0.0	0.0	0.0	0.0	0.0	0.0	0.0	0.0	0.0	0.0	0.0	0.0	0.0	0.0	0.0	0.0
G1-139	-0.0716974703571514	0.06359702096262139	0.007677757100836407	-0.007777809130029655	-0.00782051473034871	0.004448913437388381	0.003940748346818758	-0.0042961559413797435	-0.0028958049421617636	0.003970364793640553	0.00878793100800718	0.004538703626078674	0.019274373265052054	-0.012663564759014536	0.009879690537346646	-0.0023213688545343026	-0.016377898787176007	0.0068804174885390024	0.01350265419823824	-0.012200610114586972	-0.00424352967375642	-0.005685439680215448	0.0014071036204503457	-0.0007829909567256897	-0.0012783652457467438	0.0007588143484074275	0.00043822457459006853	-0.0	-0.0	0.0	-0.0	-0.0	0.0	-0.0	0.0	0.0	-0.0	0.0	-0.0	0.0	-0.0	0.0	-0.0	-0.0	0.0	0.0	0.0	0.0	-0.0	-0.0	0.0	-0.0	0.0	0.0	0.0	0.0	0.0	0.0	0.0	0.0	0.0	0.0	0.0	0.0	0.0	0.0	0.0	0.0	0.0	0.0	0.0	0.0	0.0	0.0	0.0	0.0	0.0	0.0	0.0	0.0	0.0	0.0	0.0	0.0	0.0	0.0	0.0	0.0	0.0	0.0	0.0	0.0	0.0	0.0	0.0	0.0	0.0	0.0	0.0	0.0	0.0	0.0	0.0	0.0	0.0	0.0
G1-14	0.04439059348364098	-0.059654167011261444	-0.039865151222008635	0.05242763100610805	-0.06239820617557049	0.0273410527462384	-0.002443814344890853	-0.021861332475067684	-0.008776150738332857	0.0031734757489122285	0.006361938458310474	-0.006223474719935821	0.015399212104292733	-0.014854125991606317	-0.0045666050707167906	0.007256661829852253	-0.007085360935646827	-0.0008283489664884763	-0.0032549922453624083	0.005868479273985687	-0.004487477203376649	-0.0007684610535011208	0.0005187141977145595	0.002986451304474119	-0.006463391368337253	0.005923836718002066	0.001485287200799088	-0.0	-0.0	0.0	-0.0	-0.0	-0.0	-0.0	0.0	-0.0	-0.0	0.0	-0.0	-0.0	0.0	-0.0	0.0	-0.0	0.0	-0.0	0.0	-0.0	0.0	-0.0	0.0	0.0	0.0	0.0	0.0	0.0	0.0	0.0	0.0	0.0	0.0	0.0	0.0	0.0	0.0	0.0	0.0	0.0	0.0	0.0	0.0	0.0	0.0	0.0	0.0	0.0	0.0	0.0	0.0	0.0	0.0	0.0	0.0	0.0	0.0	0.0	0.0	0.0	0.0	0.0	0.0	0.0	0.0	0.0	0.0	0.0	0.0	0.0	0.0	0.0	0.0	0.0	0.0	0.0	0.0	0.0
G1-140	-0.0716974703571514	0.06359702096262139	0.007677757100836396	-0.007777809130029679	-0.007820514730348707	0.004448913437388372	0.003940748346818776	-0.00429615594137976	-0.002895804942161736	0.0039703647936405444	0.008787931008007194	0.004538703626078646	0.019274373265051915	-0.012663564759014475	0.00987969053734673	-0.002321368854534262	-0.01637789878717601	0.006880417488538999	0.01350265419823823	-0.012200610114586877	-0.004243529673756463	-0.005685439680215286	0.0014071036204505874	-0.0007829909567253118	-0.0012783652457465293	0.0007588143484075035	0.00043822457458950155	-0.0	0.0	0.0	0.0	0.0	-0.0	0.0	-0.0	-0.0	0.0	-0.0	0.0	-0.0	0.0	-0.0	0.0	0.0	-0.0	-0.0	-0.0	-0.0	0.0	0.0	-0.0	0.0	0.0	0.0	0.0	0.0	0.0	0.0	0.0	0.0	0.0	0.0	0.0	0.0	0.0	0.0	0.0	0.0	0.0	0.0	0.0	0.0	0.0	0.0	0.0	0.0	0.0	0.0	0.0	0.0	0.0	0.0	0.0	0.0	0.0	0.0	0.0	0.0	0.0	0.0	0.0	0.0	0.0	0.0	0.0	0.0	0.0	0.0	0.0	0.0	0.0	0.0	0.0	0.0	0.0	0.0
G1-141	0.04932224089847197	0.022441352326668187	0.054911637620749854	0.015548882363289782	0.005599585849376929	-0.03203312292396037	-0.007303944308182604	0.008979141113794099	0.0038877360464266166	-0.03277548310102544	-0.017094189680018752	0.004716473858648775	0.008583316167869235	0.005356383545776925	0.0012502356633043975	-0.008631220419287416	-0.007984973769173707	0.004419537414397865	0.013029202199157477	-0.004515610023111368	0.007672942339984596	-0.0042365852936462195	-0.00010561840174385699	0.0036462062106757637	0.00025646941647068303	-0.001342885646922648	0.002272970764785411	-0.0	-0.0	0.0	-0.0	-0.0	-0.0	-0.0	-0.0	-0.0	-0.0	0.0	-0.0	-0.0	0.0	-0.0	0.0	-0.0	0.0	-0.0	0.0	-0.0	0.0	-0.0	0.0	0.0	0.0	0.0	0.0	0.0	0.0	0.0	0.0	0.0	0.0	0.0	0.0	0.0	0.0	0.0	0.0	0.0	0.0	0.0	0.0	0.0	0.0	0.0	0.0	0.0	0.0	0.0	0.0	0.0	0.0	0.0	0.0	0.0	0.0	0.0	0.0	0.0	0.0	0.0	0.0	0.0	0.0	0.0	0.0	0.0	0.0	0.0	0.0	0.0	0.0	0.0	0.0	0.0	0.0	0.0
G1-142	-0.07268416970176912	0.05739255742315919	0.012298704434879586	-0.002453109312565667	-0.009899209881208	0.011226078110727506	0.013544463599262077	0.00773804541939998	0.009452485246104947	-0.03873077493979739	-0.01639449273248671	0.006953026751803705	0.00730700493692039	0.007968599997130033	0.001932526373305081	-0.0035702277673922153	0.0014324759507603228	0.0006173770436267201	0.006642111687583024	0.0002533516709556497	-0.004306585817169799	0.0012014422658445628	-0.0013117159703036991	-0.0017586912630049992	-0.00034185266928645706	-0.00017100780389084843	-0.0002214363238884299	-0.0	-0.0	0.0	-0.0	0.0	-0.0	-0.0	-0.0	-0.0	-0.0	-0.0	0.0	0.0	-0.0	0.0	0.0	0.0	0.0	-0.0	0.0	-0.0	0.0	-0.0	-0.0	0.0	0.0	0.0	0.0	0.0	0.0	0.0	0.0	0.0	0.0	0.0	0.0	0.0	0.0	0.0	0.0	0.0	0.0	0.0	0.0	0.0	0.0	0.0	0.0	0.0	0.0	0.0	0.0	0.0	0.0	0.0	0.0	0.0	0.0	0.0	0.0	0.0	0.0	0.0	0.0	0.0	0.0	0.0	0.0	0.0	0.0	0.0	0.0	0.0	0.0	0.0	0.0	0.0	0.0	0.0
G1-143	-0.07268416970176912	0.05739255742315919	0.01229870443487959	-0.002453109312565665	-0.009899209881207995	0.011226078110727584	0.013544463599262082	0.007738045419400011	0.009452485246104864	-0.03873077493979737	-0.016394492732486683	0.006953026751803735	0.007307004936920353	0.007968599997129979	0.0019325263733050888	-0.003570227767392197	0.0014324759507604733	0.0006173770436268101	0.006642111687582903	0.0002533516709557121	-0.004306585817169838	0.0012014422658445023	-0.0013117159703039756	-0.0017586912630050623	-0.0003418526692859531	-0.0001710078038905569	-0.0002214363238887633	-0.0	-0.0	-0.0	0.0	-0.0	-0.0	-0.0	-0.0	-0.0	-0.0	0.0	-0.0	0.0	-0.0	-0.0	-0.0	-0.0	-0.0	0.0	0.0	-0.0	-0.0	-0.0	-0.0	-0.0	0.0	0.0	0.0	0.0	0.0	0.0	0.0	0.0	0.0	0.0	0.0	0.0	0.0	0.0	0.0	0.0	0.0	0.0	0.0	0.0	0.0	0.0	0.0	0.0	0.0	0.0	0.0	0.0	0.0	0.0	0.0	0.0	0.0	0.0	0.0	0.0	0.0	0.0	0.0	0.0	0.0	0.0	0.0	0.0	0.0	0.0	0.0	0.0	0.0	0.0	0.0	0.0	0.0	0.0
G1-144	-0.07268416970176914	0.057392557423159206	0.012298704434879605	-0.0024531093125656615	-0.009899209881207995	0.011226078110727568	0.013544463599262074	0.007738045419399978	0.00945248524610494	-0.03873077493979741	-0.01639449273248673	0.006953026751803827	0.007307004936920386	0.007968599997130033	0.0019325263733050168	-0.0035702277673922214	0.0014324759507602762	0.000617377043626831	0.006642111687583075	0.00025335167095578856	-0.004306585817169928	0.001201442265844462	-0.0013117159703036564	-0.0017586912630049307	-0.00034185266928733396	-0.00017100780389030365	-0.00022143632388818394	0.0	0.0	0.0	0.0	0.0	0.0	0.0	0.0	0.0	-0.0	0.0	-0.0	0.0	-0.0	0.0	-0.0	-0.0	0.0	0.0	-0.0	0.0	-0.0	0.0	0.0	0.0	0.0	0.0	0.0	0.0	0.0	0.0	0.0	0.0	0.0	0.0	0.0	0.0	0.0	0.0	0.0	0.0	0.0	0.0	0.0	0.0	0.0	0.0	0.0	0.0	0.0	0.0	0.0	0.0	0.0	0.0	0.0	0.0	0.0	0.0	0.0	0.0	0.0	0.0	0.0	0.0	0.0	0.0	0.0	0.0	0.0	0.0	0.0	0.0	0.0	0.0	0.0	0.0	0.0	0.0
G1-15	0.04878898481623468	-0.06881007887769705	-0.10766496758101496	0.08159493011725676	-0.05716334470572519	0.0049989493963775436	-0.03898878666225966	-0.0006792802910823585	0.07823185872496585	0.03751318510244348	-0.005736710124259073	0.014171053922484833	0.010490679924998275	0.019155910777170472	-0.005703316290587308	-0.006728809590734084	-0.006168790517693708	-0.0008274579440629161	-0.0039937682796975845	0.0011272089494259929	0.00334748452164642	0.001097897596601773	0.0006728939434041217	1.9008708228342923e-05	0.0006030442731199788	-0.0008444564184140548	-0.0004393771730481278	-0.0	0.0	0.0	0.0	0.0	0.0	0.0	-0.0	0.0	0.0	-0.0	0.0	0.0	-0.0	-0.0	-0.0	0.0	-0.0	0.0	0.0	0.0	0.0	0.0	-0.0	-0.0	0.0	0.0	0.0	0.0	0.0	0.0	0.0	0.0	0.0	0.0	0.0	0.0	0.0	0.0	0.0	0.0	0.0	0.0	0.0	0.0	0.0	0.0	0.0	0.0	0.0	0.0	0.0	0.0	0.0	0.0	0.0	0.0	0.0	0.0	0.0	0.0	0.0	0.0	0.0	0.0	0.0	0.0	0.0	0.0	0.0	0.0	0.0	0.0	0.0	0.0	0.0	0.0	0.0	0.0
G1-175	0.3787933477093316	0.010889366985027245	-0.11610979825499226	-0.2345584744183232	-0.060317307564499795	0.1705314987346075	0.059814764744485015	0.056630812393507604	0.01828550084484892	0.017574160457657455	-0.014092129459873308	-0.013543566471937036	-0.003147037948612948	-0.0032017237497559753	-0.0245815914925519	-0.02052723283038397	0.012221390286815592	-0.010962062497406676	0.008444829968605773	-0.0023521544025735313	-0.003972375778825061	-0.0017670830097428153	-0.0019918841858546942	-0.00011154172728966605	0.0005910312783239322	-0.0001272991601153374	0.00040962442727825627	-0.0	-0.0	0.0	-0.0	-0.0	-0.0	-0.0	-0.0	-0.0	-0.0	0.0	-0.0	-0.0	0.0	-0.0	0.0	-0.0	0.0	-0.0	0.0	-0.0	0.0	-0.0	0.0	0.0	0.0	0.0	0.0	0.0	0.0	0.0	0.0	0.0	0.0	0.0	0.0	0.0	0.0	0.0	0.0	0.0	0.0	0.0	0.0	0.0	0.0	0.0	0.0	0.0	0.0	0.0	0.0	0.0	0.0	0.0	0.0	0.0	0.0	0.0	0.0	0.0	0.0	0.0	0.0	0.0	0.0	0.0	0.0	0.0	0.0	0.0	0.0	0.0	0.0	0.0	0.0	0.0	0.0	0.0
G1-176	0.017136763026611736	-0.14287216123839203	0.22657810725017236	-0.0359963114727146	0.02060410600084298	-0.06296750773133447	0.030801273289366073	0.05367794008902312	0.03421446533094637	0.01696693257623236	-0.012295090490833084	-0.017953144063214962	0.013239595972043739	0.01982538391157261	-0.011955857768087979	-0.00810307395659196	0.0032828346369525785	0.0008315376435356687	0.000650659630401857	0.0022655695699726765	0.001853920515375807	-0.0021273832265838967	-0.0022237553020788927	-4.621891417296369e-05	0.0002661041851340282	1.3351935075877986e-05	-0.00014359498355504297	-0.0	0.0	0.0	0.0	0.0	0.0	0.0	-0.0	0.0	0.0	-0.0	0.0	0.0	-0.0	0.0	-0.0	0.0	-0.0	0.0	0.0	0.0	-0.0	0.0	-0.0	-0.0	0.0	0.0	0.0	0.0	0.0	0.0	0.0	0.0	0.0	0.0	0.0	0.0	0.0	0.0	0.0	0.0	0.0	0.0	0.0	0.0	0.0	0.0	0.0	0.0	0.0	0.0	0.0	0.0	0.0	0.0	0.0	0.0	0.0	0.0	0.0	0.0	0.0	0.0	0.0	0.0	0.0	0.0	0.0	0.0	0.0	0.0	0.0	0.0	0.0	0.0	0.0	0.0	0.0	0.0
G1-177	0.1297356828630585	-0.05817208670628932	-0.1368647779327894	0.025253302338880363	0.08794595801457215	-0.06326143103703634	0.02994435427000814	0.0630375049863914	0.057740439035376345	-0.010697398299812522	0.03312714145792727	0.02543340455227484	0.010713658130981445	0.006206017110994867	0.0037430664663788073	-0.03776240776609928	0.004295502091780772	0.004917490923501007	-0.003692640147441612	-0.0028874893935719285	-0.0012906656293861934	-0.0023390132407357716	0.0035386225936259045	0.0010621876875822657	-0.0026986380097830174	0.00012816006348506366	-0.0010167718182910264	-0.0	0.0	0.0	0.0	0.0	0.0	0.0	-0.0	0.0	0.0	-0.0	0.0	0.0	-0.0	0.0	-0.0	0.0	-0.0	0.0	-0.0	0.0	-0.0	0.0	-0.0	-0.0	0.0	0.0	0.0	0.0	0.0	0.0	0.0	0.0	0.0	0.0	0.0	0.0	0.0	0.0	0.0	0.0	0.0	0.0	0.0	0.0	0.0	0.0	0.0	0.0	0.0	0.0	0.0	0.0	0.0	0.0	0.0	0.0	0.0	0.0	0.0	0.0	0.0	0.0	0.0	0.0	0.0	0.0	0.0	0.0	0.0	0.0	0.0	0.0	0.0	0.0	0.0	0.0	0.0	0.0
G1-178	-0.06633019377940869	-0.02433491929371615	-0.05569556207872103	-0.004511607113477479	0.0070973716362931144	0.024764806975217553	-0.005167511648277863	-0.013194819740737131	-0.02468326365564098	-0.03484515857676062	0.0028572194964650147	-0.005818393300791159	0.010766935405806491	0.006345557704916628	0.004621421006920749	-0.004759872758567234	0.00330961122178885	0.007991838833951803	-0.012576150152157857	-0.011349458297423036	0.003383489831202527	0.0036523388401958753	0.0005801882953115814	0.0022128147790193564	0.0015612299008592448	-0.000759564121393389	0.0015275340774216202	-0.0	-0.0	0.0	-0.0	-0.0	-0.0	-0.0	0.0	-0.0	-0.0	0.0	-0.0	-0.0	0.0	-0.0	0.0	-0.0	0.0	-0.0	0.0	-0.0	0.0	-0.0	0.0	0.0	0.0	0.0	0.0	0.0	0.0	0.0	0.0	0.0	0.0	0.0	0.0	0.0	0.0	0.0	0.0	0.0	0.0	0.0	0.0	0.0	0.0	0.0	0.0	0.0	0.0	0.0	0.0	0.0	0.0	0.0	0.0	0.0	0.0	0.0	0.0	0.0	0.0	0.0	0.0	0.0	0.0	0.0	0.0	0.0	0.0	0.0	0.0	0.0	0.0	0.0	0.0	0.0	0.0	0.0
G1-180	0.12921191558094275	0.034016824795001475	-0.039711026434767295	0.05639978081575973	-0.0856203156552047	-0.001917148484153152	0.16931969102163616	0.08588990840308434	-0.01268213167198716	0.0044031275036472434	0.01033117343816603	-0.004181770232336784	0.016760680183585466	0.009623022969565081	0.02026341108337394	-0.001433074408804609	0.004900317970659408	0.01360094138442929	0.0013572427310346738	-0.0008267714303413277	-0.00026662250053078847	0.00019105629020666127	0.002052988034394665	0.0009148945419487743	-0.0009152477535718218	-3.754139395858566e-05	-0.0002803049671861506	-0.0	0.0	0.0	0.0	0.0	0.0	0.0	-0.0	0.0	0.0	-0.0	0.0	0.0	-0.0	0.0	-0.0	0.0	-0.0	0.0	0.0	0.0	0.0	0.0	-0.0	-0.0	0.0	0.0	0.0	0.0	0.0	0.0	0.0	0.0	0.0	0.0	0.0	0.0	0.0	0.0	0.0	0.0	0.0	0.0	0.0	0.0	0.0	0.0	0.0	0.0	0.0	0.0	0.0	0.0	0.0	0.0	0.0	0.0	0.0	0.0	0.0	0.0	0.0	0.0	0.0	0.0	0.0	0.0	0.0	0.0	0.0	0.0	0.0	0.0	0.0	0.0	0.0	0.0	0.0	0.0
G1-182	0.16190863501422775	-0.06495816700045878	-0.15703179499296108	0.019414153894385618	0.11130083046411131	-0.09232375297083907	0.05146986571823092	0.10565843742907285	0.04080598975447427	-0.02131167065713158	-0.06309730274504212	-0.07909436388885173	-0.015010557907282498	-0.031193331652336797	0.01073194729711457	0.048301359878248525	-0.008406753303283386	0.008078474541755814	0.004881279351919941	-0.0031448315258858187	-0.0035463299502578064	0.0018022025548806676	-0.001547040982616683	5.09380066744608e-05	0.0009898948376462697	-0.00032805996322526887	0.0005365925725431336	-0.0	-0.0	0.0	-0.0	-0.0	-0.0	-0.0	-0.0	-0.0	-0.0	0.0	-0.0	-0.0	0.0	-0.0	0.0	-0.0	0.0	-0.0	0.0	-0.0	0.0	-0.0	0.0	0.0	0.0	0.0	0.0	0.0	0.0	0.0	0.0	0.0	0.0	0.0	0.0	0.0	0.0	0.0	0.0	0.0	0.0	0.0	0.0	0.0	0.0	0.0	0.0	0.0	0.0	0.0	0.0	0.0	0.0	0.0	0.0	0.0	0.0	0.0	0.0	0.0	0.0	0.0	0.0	0.0	0.0	0.0	0.0	0.0	0.0	0.0	0.0	0.0	0.0	0.0	0.0	0.0	0.0	0.0
G1-187	0.11243264858045486	0.09443450009906702	0.08022803888950106	0.006489847821835945	0.046297677857855345	0.09803733233489431	-0.07356341284043734	0.03362205975486742	0.0019380340562876394	0.05454725702737046	0.02804753138507535	-0.014753403150223755	0.01684912900959124	-0.01767079605677529	0.005105229789006145	0.004332191743475089	-0.01474324345149324	-0.008476284030389166	-0.0022641199312208177	-0.023481274335700467	0.008071694698465377	0.006850049297670294	-0.005942226448766208	-0.0031401143460915754	-0.0009521556772193944	-0.0004156424075274486	-0.0012996469611295325	-0.0	0.0	0.0	0.0	0.0	0.0	0.0	-0.0	0.0	0.0	-0.0	0.0	0.0	-0.0	0.0	-0.0	0.0	-0.0	0.0	-0.0	0.0	-0.0	0.0	-0.0	-0.0	0.0	0.0	0.0	0.0	0.0	0.0	0.0	0.0	0.0	0.0	0.0	0.0	0.0	0.0	0.0	0.0	0.0	0.0	0.0	0.0	0.0	0.0	0.0	0.0	0.0	0.0	0.0	0.0	0.0	0.0	0.0	0.0	0.0	0.0	0.0	0.0	0.0	0.0	0.0	0.0	0.0	0.0	0.0	0.0	0.0	0.0	0.0	0.0	0.0	0.0	0.0	0.0	0.0	0.0
G1-188	-0.07381106399665413	0.056415061379710876	0.0057460932975144695	-0.013116508735957572	-0.0018534651810078987	-0.0032574911470092897	0.006763800211739659	0.002082896501146309	-0.007395564255806113	0.010548470539646738	0.008889884437031656	-0.005322589904326464	0.0001244978177393544	0.006025592242721238	-0.0012129472153441896	0.0064723939753777784	0.009348708931467149	0.006319744442284905	-0.0020521100332259587	-0.012351580640308335	0.014337755828902845	-0.010271886182977485	0.00570907903080547	-0.004868434351121224	-0.0008617102068713968	-0.0017025346061495894	0.00021761310842666095	-0.0	-0.0	0.0	-0.0	-0.0	-0.0	-0.0	-0.0	-0.0	-0.0	0.0	-0.0	-0.0	0.0	-0.0	0.0	-0.0	-0.0	-0.0	0.0	-0.0	0.0	-0.0	0.0	0.0	0.0	0.0	0.0	0.0	0.0	0.0	0.0	0.0	0.0	0.0	0.0	0.0	0.0	0.0	0.0	0.0	0.0	0.0	0.0	0.0	0.0	0.0	0.0	0.0	0.0	0.0	0.0	0.0	0.0	0.0	0.0	0.0	0.0	0.0	0.0	0.0	0.0	0.0	0.0	0.0	0.0	0.0	0.0	0.0	0.0	0.0	0.0	0.0	0.0	0.0	0.0	0.0	0.0	0.0
G1-189	-0.0712733210750942	0.05590908793050873	0.006747232925378407	-0.008926039372571505	-0.007338517931196194	-0.0006995229703973402	0.005612876368825217	-0.0008748869837422503	-0.0007261124390921491	-0.0022003386607714927	0.021600808593085736	0.004308657136885152	-0.0040681997618995085	-0.003122462804938918	0.014881148045453811	0.0012586639780445142	-0.0011984599011627174	0.010132687638588708	-0.0045238273906455725	-0.017942079141760534	0.007470231596555483	0.0007550639668605266	-0.0030974889201807613	-0.004322759518023307	0.002586100818918185	-0.0007614977767718202	0.0008753077568001196	-0.0	-0.0	0.0	-0.0	-0.0	-0.0	-0.0	0.0	-0.0	-0.0	0.0	-0.0	-0.0	0.0	-0.0	0.0	-0.0	0.0	-0.0	0.0	-0.0	0.0	-0.0	0.0	0.0	0.0	0.0	0.0	0.0	0.0	0.0	0.0	0.0	0.0	0.0	0.0	0.0	0.0	0.0	0.0	0.0	0.0	0.0	0.0	0.0	0.0	0.0	0.0	0.0	0.0	0.0	0.0	0.0	0.0	0.0	0.0	0.0	0.0	0.0	0.0	0.0	0.0	0.0	0.0	0.0	0.0	0.0	0.0	0.0	0.0	0.0	0.0	0.0	0.0	0.0	0.0	0.0	0.0	0.0
G1-190	0.23270140282784635	0.09505178773198857	-0.014124997416810154	-0.3313124930149144	-0.16269331906288545	-0.12554271495591432	-0.09195397255730271	-0.10288382968912098	0.04307801559072831	-0.018422146787324862	-0.004162193054804391	-0.006076889576596108	-0.0017069323420367665	-0.0022456140160503437	0.024007065466867726	0.0068252198722572	-0.003506084198005524	0.007764208175973826	-0.006955456922089117	0.0006450618833962731	0.0011031573792115955	0.0011451486552229314	0.0022341949148844795	0.00038717653321236807	-0.0007082464504487261	9.783100053178297e-05	-0.0004416329784518753	-0.0	0.0	0.0	0.0	0.0	0.0	0.0	-0.0	0.0	0.0	-0.0	0.0	0.0	-0.0	0.0	-0.0	0.0	-0.0	0.0	-0.0	0.0	-0.0	0.0	-0.0	-0.0	0.0	0.0	0.0	0.0	0.0	0.0	0.0	0.0	0.0	0.0	0.0	0.0	0.0	0.0	0.0	0.0	0.0	0.0	0.0	0.0	0.0	0.0	0.0	0.0	0.0	0.0	0.0	0.0	0.0	0.0	0.0	0.0	0.0	0.0	0.0	0.0	0.0	0.0	0.0	0.0	0.0	0.0	0.0	0.0	0.0	0.0	0.0	0.0	0.0	0.0	0.0	0.0	0.0	0.0
G1-192	0.15879690472688204	0.10700436157293755	0.10843903643473024	0.018353738101393093	0.06445780877946632	0.12191051084053568	-0.11162170313020921	0.07050285742015104	0.01623351715343148	-0.05040241936679843	-0.06659256271392867	0.0803422776716226	0.0005009176785850437	-0.025807560705666407	-0.00549718622241311	0.01976537617775017	0.00538972925303667	0.010347897490770716	-0.02195329078295452	0.008880808382474221	-0.0002795586325408389	-0.002534041730838902	0.004691523271214244	0.0018832145086605091	0.00012858718323679208	0.00037106063930869007	0.0008461996900907792	-0.0	-0.0	0.0	-0.0	-0.0	-0.0	-0.0	0.0	-0.0	-0.0	0.0	-0.0	-0.0	0.0	-0.0	0.0	-0.0	0.0	-0.0	0.0	-0.0	0.0	-0.0	0.0	0.0	0.0	0.0	0.0	0.0	0.0	0.0	0.0	0.0	0.0	0.0	0.0	0.0	0.0	0.0	0.0	0.0	0.0	0.0	0.0	0.0	0.0	0.0	0.0	0.0	0.0	0.0	0.0	0.0	0.0	0.0	0.0	0.0	0.0	0.0	0.0	0.0	0.0	0.0	0.0	0.0	0.0	0.0	0.0	0.0	0.0	0.0	0.0	0.0	0.0	0.0	0.0	0.0	0.0	0.0
G1-193	0.03840678207179245	0.016053787960100773	0.026647130324454458	0.05788429521527696	-0.09328386916075596	0.009649741639712016	0.022497510577528225	-0.0007770847733436854	0.017108813551192363	0.004865796499194555	0.003307844646475731	7.60667221370694e-05	-0.005015342657333721	0.008199750889517111	-0.00017346057493523184	0.007736780952786493	0.00812659040603769	0.006327883695664797	-0.0012550322150717153	-0.003739379255504822	0.0052546889627882514	0.0028510920194442205	0.0005730264056648555	0.0003850292649917561	-0.0010047932953500883	0.00020016219406803168	-0.00084727288709707	-0.0	0.0	-0.0	0.0	0.0	0.0	0.0	-0.0	-0.0	0.0	-0.0	0.0	0.0	-0.0	0.0	-0.0	-0.0	-0.0	-0.0	-0.0	0.0	0.0	0.0	-0.0	-0.0	0.0	0.0	0.0	0.0	0.0	0.0	0.0	0.0	0.0	0.0	0.0	0.0	0.0	0.0	0.0	0.0	0.0	0.0	0.0	0.0	0.0	0.0	0.0	0.0	0.0	0.0	0.0	0.0	0.0	0.0	0.0	0.0	0.0	0.0	0.0	0.0	0.0	0.0	0.0	0.0	0.0	0.0	0.0	0.0	0.0	0.0	0.0	0.0	0.0	0.0	0.0	0.0	0.0	0.0
G2-1100	-0.07534838579741855	0.060633866564779995	0.005967547633153375	-0.008302132518756078	-0.0022076992147329255	-0.001917595054666762	0.005006266133564409	0.00027138596594791515	-0.010698035694094297	0.018309347850510378	0.0019807199959935204	-0.006426121159545525	0.01669697794225673	-0.00015164845680920854	-0.0021316852247777237	0.0015485059516861014	0.0007224571243140012	0.00021856528790726543	-0.00595113267495937	0.002203180829440463	-0.0077564478623496766	0.0007478763032759521	-0.0001483739579929815	0.0005628294615277815	-0.0002465938814479789	0.0002947804156731486	2.6844925266764745e-06	-0.0	0.0	0.0	-0.0	-0.0	0.0	0.0	0.0	-0.0	-0.0	-0.0	-0.0	0.0	0.0	0.0	-0.0	0.0	-0.0	-0.0	0.0	0.0	0.0	-0.0	-0.0	0.0	0.0	0.0	0.0	0.0	0.0	0.0	0.0	0.0	0.0	0.0	0.0	0.0	0.0	0.0	0.0	0.0	0.0	0.0	0.0	0.0	0.0	0.0	0.0	0.0	0.0	0.0	0.0	0.0	0.0	0.0	0.0	0.0	0.0	0.0	0.0	0.0	0.0	0.0	0.0	0.0	0.0	0.0	0.0	0.0	0.0	0.0	0.0	0.0	0.0	0.0	0.0	0.0	0.0	0.0
G2-1101	0.04293521692707326	0.030732044579187292	0.04773680186777684	0.010826348306678923	0.012468008475995532	-0.046052045322455326	-0.017248497002538	0.004816811412683934	-0.014582424476728006	0.028466358589884482	-0.0012060294312847576	-0.005041546819746537	0.011314385830718775	0.0055177076590732154	-0.003736648607126852	0.003876312219054548	0.0016445891164617106	-0.0010333267362027353	-0.011751460462970336	0.0047917345889920224	-0.013038317385037879	0.00041708594393763957	-0.0005999664485104849	-0.001426839164606277	-0.004238677471576453	-5.30606123680057e-06	-0.000632607273596551	-0.0	0.0	0.0	0.0	0.0	0.0	0.0	-0.0	0.0	0.0	-0.0	0.0	0.0	-0.0	0.0	-0.0	0.0	-0.0	0.0	-0.0	0.0	-0.0	0.0	-0.0	-0.0	0.0	0.0	0.0	0.0	0.0	0.0	0.0	0.0	0.0	0.0	0.0	0.0	0.0	0.0	0.0	0.0	0.0	0.0	0.0	0.0	0.0	0.0	0.0	0.0	0.0	0.0	0.0	0.0	0.0	0.0	0.0	0.0	0.0	0.0	0.0	0.0	0.0	0.0	0.0	0.0	0.0	0.0	0.0	0.0	0.0	0.0	0.0	0.0	0.0	0.0	0.0	0.0	0.0	0.0
G2-1102	-0.07534838579741855	0.060633866564779995	0.005967547633153369	-0.008302132518756083	-0.002207699214732917	-0.0019175950546667666	0.005006266133564415	0.00027138596594792605	-0.010698035694094292	0.018309347850510374	0.001980719995993497	-0.006426121159545522	0.016696977942256726	-0.00015164845680919612	-0.00213168522477777	0.0015485059516860986	0.000722457124313999	0.00021856528790730305	-0.0059511326749593346	0.002203180829440443	-0.007756447862349675	0.0007478763032759502	-0.00014837395799298028	0.0005628294615278499	-0.00024659388144799286	0.00029478041567301805	2.6844925269499962e-06	-0.0	0.0	0.0	-0.0	0.0	-0.0	0.0	0.0	0.0	-0.0	-0.0	0.0	0.0	-0.0	0.0	0.0	-0.0	0.0	0.0	-0.0	0.0	-0.0	-0.0	-0.0	0.0	0.0	0.0	0.0	0.0	0.0	0.0	0.0	0.0	0.0	0.0	0.0	0.0	0.0	0.0	0.0	0.0	0.0	0.0	0.0	0.0	0.0	0.0	0.0	0.0	0.0	0.0	0.0	0.0	0.0	0.0	0.0	0.0	0.0	0.0	0.0	0.0	0.0	0.0	0.0	0.0	0.0	0.0	0.0	0.0	0.0	0.0	0.0	0.0	0.0	0.0	0.0	0.0	0.0	0.0
G2-1103	0.08283763657195195	-0.04102279422604455	-0.032601895191228684	0.02953548131868034	0.05493671176289254	-0.0470731176572033	-0.038159559224529495	-0.051803861335949455	-0.07958621852767933	0.041901572790302724	-0.022456552965939194	-0.018718220693735892	0.04058351022940411	-0.048710992817476956	0.00414316850895364	-0.043197573495870195	0.043313638221474465	0.026060584399505992	0.014039163692254292	0.01423961661807499	0.007546027035102002	0.005992768323742183	-0.0009167830781002547	0.00015278864909657692	0.0006865024196672358	-0.0005073750307762074	-3.813313544237248e-05	-0.0	-0.0	0.0	-0.0	-0.0	-0.0	-0.0	-0.0	0.0	0.0	0.0	-0.0	-0.0	0.0	-0.0	0.0	0.0	0.0	-0.0	0.0	-0.0	0.0	0.0	0.0	0.0	0.0	0.0	0.0	0.0	0.0	0.0	0.0	0.0	0.0	0.0	0.0	0.0	0.0	0.0	0.0	0.0	0.0	0.0	0.0	0.0	0.0	0.0	0.0	0.0	0.0	0.0	0.0	0.0	0.0	0.0	0.0	0.0	0.0	0.0	0.0	0.0	0.0	0.0	0.0	0.0	0.0	0.0	0.0	0.0	0.0	0.0	0.0	0.0	0.0	0.0	0.0	0.0	0.0	0.0
G2-1104	0.1907211265807793	0.09914069753519565	0.05104182866959282	-0.007487516529511509	0.12040290337917979	0.07174576220627804	0.047002090870398375	0.06564096278228448	0.001404873238684653	0.011189040504935039	0.0403849177194328	-0.0012911194883404263	-0.04092666784164105	-0.01791256029570906	0.044092900483073995	-0.02744665246531076	0.002603257051419253	-0.007016208586974239	-0.014586200818766614	-0.0013238162554375893	-0.0006696995536994923	-0.0020047679178718243	0.004170869756358663	-0.0004000867368308556	-0.0010639104695351598	0.00033119795379210127	-0.0009174725253890365	-0.0	0.0	0.0	0.0	0.0	0.0	0.0	-0.0	0.0	0.0	-0.0	0.0	0.0	-0.0	0.0	-0.0	0.0	-0.0	0.0	-0.0	0.0	-0.0	0.0	-0.0	-0.0	0.0	0.0	0.0	0.0	0.0	0.0	0.0	0.0	0.0	0.0	0.0	0.0	0.0	0.0	0.0	0.0	0.0	0.0	0.0	0.0	0.0	0.0	0.0	0.0	0.0	0.0	0.0	0.0	0.0	0.0	0.0	0.0	0.0	0.0	0.0	0.0	0.0	0.0	0.0	0.0	0.0	0.0	0.0	0.0	0.0	0.0	0.0	0.0	0.0	0.0	0.0	0.0	0.0	0.0
G2-1105	-0.07591169377279075	0.055382767112829766	0.008840569188533801	-0.012588676713467209	0.0008817426690184533	-0.0020242573412275963	0.009390896545500097	0.005940791294660698	-0.007897281478460916	0.007264396248969422	-0.006576753567672429	0.0016217913557060358	-0.010719788781455476	0.004775232873429434	0.0037417420394924403	0.0014023144201975183	0.004779746628626141	-0.003211865758855437	0.0007043308318900417	0.0032804446050584577	0.0006726998207138788	0.0019078607718613797	-0.00028756585247792244	-0.00014097441744295676	4.9421361299922895e-05	-1.2039887462142166e-05	0.00019997553002384005	-0.0	0.0	0.0	-0.0	0.0	-0.0	-0.0	-0.0	0.0	0.0	0.0	-0.0	0.0	-0.0	-0.0	0.0	-0.0	-0.0	-0.0	0.0	-0.0	-0.0	0.0	0.0	0.0	0.0	0.0	0.0	0.0	0.0	0.0	0.0	0.0	0.0	0.0	0.0	0.0	0.0	0.0	0.0	0.0	0.0	0.0	0.0	0.0	0.0	0.0	0.0	0.0	0.0	0.0	0.0	0.0	0.0	0.0	0.0	0.0	0.0	0.0	0.0	0.0	0.0	0.0	0.0	0.0	0.0	0.0	0.0	0.0	0.0	0.0	0.0	0.0	0.0	0.0	0.0	0.0	0.0	0.0
G2-1106	-0.07591169377279075	0.055382767112829766	0.008840569188533804	-0.012588676713467212	0.0008817426690184637	-0.002024257341227595	0.009390896545500092	0.005940791294660699	-0.007897281478460912	0.0072643962489694226	-0.006576753567672415	0.001621791355706014	-0.010719788781455462	0.00477523287342941	0.0037417420394924546	0.0014023144201974489	0.004779746628626169	-0.0032118657588554125	0.0007043308318900179	0.0032804446050584855	0.0006726998207138634	0.0019078607718613612	-0.0002875658524778557	-0.0001409744174429996	4.942136129996907e-05	-1.2039887462384714e-05	0.00019997553002371756	-0.0	0.0	0.0	-0.0	-0.0	-0.0	0.0	0.0	-0.0	0.0	0.0	0.0	-0.0	0.0	0.0	-0.0	-0.0	0.0	0.0	-0.0	0.0	-0.0	0.0	-0.0	0.0	0.0	0.0	0.0	0.0	0.0	0.0	0.0	0.0	0.0	0.0	0.0	0.0	0.0	0.0	0.0	0.0	0.0	0.0	0.0	0.0	0.0	0.0	0.0	0.0	0.0	0.0	0.0	0.0	0.0	0.0	0.0	0.0	0.0	0.0	0.0	0.0	0.0	0.0	0.0	0.0	0.0	0.0	0.0	0.0	0.0	0.0	0.0	0.0	0.0	0.0	0.0	0.0	0.0	0.0
G2-1107	-0.07591169377279075	0.055382767112829766	0.008840569188533801	-0.012588676713467205	0.0008817426690184533	-0.002024257341227595	0.009390896545500092	0.005940791294660704	-0.00789728147846092	0.007264396248969419	-0.006576753567672424	0.0016217913557060534	-0.01071978878145546	0.0047752328734294094	0.003741742039492424	0.001402314420197499	0.004779746628626157	-0.003211865758855437	0.0007043308318900355	0.0032804446050584833	0.0006726998207138404	0.001907860771861377	-0.0002875658524779475	-0.00014097441744302826	4.942136130001321e-05	-1.2039887462299474e-05	0.00019997553002357185	-0.0	-0.0	0.0	-0.0	0.0	-0.0	0.0	-0.0	0.0	-0.0	0.0	-0.0	-0.0	0.0	0.0	0.0	0.0	0.0	-0.0	-0.0	-0.0	0.0	-0.0	0.0	-0.0	0.0	0.0	0.0	0.0	0.0	0.0	0.0	0.0	0.0	0.0	0.0	0.0	0.0	0.0	0.0	0.0	0.0	0.0	0.0	0.0	0.0	0.0	0.0	0.0	0.0	0.0	0.0	0.0	0.0	0.0	0.0	0.0	0.0	0.0	0.0	0.0	0.0	0.0	0.0	0.0	0.0	0.0	0.0	0.0	0.0	0.0	0.0	0.0	0.0	0.0	0.0	0.0	0.0	0.0
G2-1108	-0.07591169377279074	0.055382767112829766	0.008840569188533797	-0.012588676713467202	0.000881742669018462	-0.002024257341227589	0.009390896545500085	0.005940791294660694	-0.007897281478460926	0.0072643962489694295	-0.006576753567672388	0.001621791355706084	-0.01071978878145544	0.004775232873429438	0.0037417420394924234	0.001402314420197508	0.0047797466286261985	-0.0032118657588554246	0.0007043308318900276	0.003280444605058509	0.0006726998207138323	0.0019078607718613718	-0.00028756585247788975	-0.00014097441744312074	4.942136129997473e-05	-1.203988746263416e-05	0.00019997553002353217	-0.0	-0.0	0.0	0.0	-0.0	-0.0	0.0	0.0	-0.0	0.0	0.0	-0.0	0.0	-0.0	0.0	-0.0	0.0	0.0	-0.0	-0.0	0.0	0.0	-0.0	0.0	0.0	0.0	0.0	0.0	0.0	0.0	0.0	0.0	0.0	0.0	0.0	0.0	0.0	0.0	0.0	0.0	0.0	0.0	0.0	0.0	0.0	0.0	0.0	0.0	0.0	0.0	0.0	0.0	0.0	0.0	0.0	0.0	0.0	0.0	0.0	0.0	0.0	0.0	0.0	0.0	0.0	0.0	0.0	0.0	0.0	0.0	0.0	0.0	0.0	0.0	0.0	0.0	0.0	0.0	0.0
G2-1109	-0.07591169377279075	0.05538276711282977	0.008840569188533804	-0.012588676713467209	0.0008817426690184637	-0.002024257341227593	0.009390896545500085	0.0059407912946607	-0.007897281478460923	0.007264396248969423	-0.006576753567672405	0.0016217913557060523	-0.01071978878145545	0.004775232873429459	0.0037417420394924355	0.0014023144201975079	0.00477974662862621	-0.003211865758855428	0.0007043308318900346	0.0032804446050585033	0.0006726998207138865	0.0019078607718613718	-0.00028756585247787935	-0.00014097441744303176	4.9421361299931135e-05	-1.2039887462427211e-05	0.00019997553002366428	-0.0	0.0	0.0	0.0	-0.0	-0.0	0.0	0.0	-0.0	0.0	-0.0	0.0	0.0	0.0	0.0	0.0	-0.0	0.0	0.0	0.0	0.0	0.0	0.0	0.0	-0.0	0.0	0.0	0.0	0.0	0.0	0.0	0.0	0.0	0.0	0.0	0.0	0.0	0.0	0.0	0.0	0.0	0.0	0.0	0.0	0.0	0.0	0.0	0.0	0.0	0.0	0.0	0.0	0.0	0.0	0.0	0.0	0.0	0.0	0.0	0.0	0.0	0.0	0.0	0.0	0.0	0.0	0.0	0.0	0.0	0.0	0.0	0.0	0.0	0.0	0.0	0.0	0.0	0.0	0.0
G2-1110	-0.07591169377279075	0.05538276711282975	0.008840569188533804	-0.012588676713467205	0.0008817426690184533	-0.002024257341227595	0.00939089654550009	0.005940791294660701	-0.00789728147846092	0.007264396248969414	-0.006576753567672434	0.0016217913557060547	-0.010719788781455455	0.0047752328734294355	0.003741742039492432	0.001402314420197538	0.004779746628626186	-0.0032118657588553934	0.0007043308318900421	0.0032804446050584608	0.000672699820713847	0.0019078607718613833	-0.0002875658524779638	-0.0001409744174429666	4.942136129992476e-05	-1.2039887462305969e-05	0.00019997553002380763	-0.0	-0.0	0.0	-0.0	-0.0	0.0	0.0	-0.0	-0.0	0.0	-0.0	0.0	-0.0	0.0	-0.0	0.0	0.0	-0.0	0.0	-0.0	0.0	-0.0	0.0	0.0	0.0	0.0	0.0	0.0	0.0	0.0	0.0	0.0	0.0	0.0	0.0	0.0	0.0	0.0	0.0	0.0	0.0	0.0	0.0	0.0	0.0	0.0	0.0	0.0	0.0	0.0	0.0	0.0	0.0	0.0	0.0	0.0	0.0	0.0	0.0	0.0	0.0	0.0	0.0	0.0	0.0	0.0	0.0	0.0	0.0	0.0	0.0	0.0	0.0	0.0	0.0	0.0	0.0	0.0	0.0
G2-1111	0.04178775499072089	0.02630709596931068	0.04983956394561096	0.006176959037280549	0.015375674793256296	-0.044747035102068414	-0.012469472125549098	0.009851541671978518	-0.013895879117678967	0.018446340917246656	-0.013620031405864512	0.0021198313591800117	-0.018922517076482077	0.015574983039598766	0.0023539158564129057	0.002656236031319939	0.011689846085111222	-0.006757479636387468	-0.005006806679461924	0.00646774257323929	0.002414858012471638	0.006236324994198259	-0.00031578412827301525	0.00023449970847333237	0.0034924453841743783	0.000865660863071455	-0.001956225181051861	-0.0	0.0	0.0	0.0	0.0	0.0	0.0	-0.0	0.0	0.0	-0.0	0.0	0.0	-0.0	0.0	-0.0	0.0	-0.0	0.0	-0.0	0.0	-0.0	0.0	-0.0	-0.0	0.0	0.0	0.0	0.0	0.0	0.0	0.0	0.0	0.0	0.0	0.0	0.0	0.0	0.0	0.0	0.0	0.0	0.0	0.0	0.0	0.0	0.0	0.0	0.0	0.0	0.0	0.0	0.0	0.0	0.0	0.0	0.0	0.0	0.0	0.0	0.0	0.0	0.0	0.0	0.0	0.0	0.0	0.0	0.0	0.0	0.0	0.0	0.0	0.0	0.0	0.0	0.0	0.0	0.0
G2-1113	-0.07591169377279074	0.055382767112829766	0.008840569188533803	-0.012588676713467202	0.000881742669018462	-0.002024257341227595	0.009390896545500087	0.005940791294660698	-0.007897281478460924	0.007264396248969417	-0.006576753567672405	0.0016217913557060417	-0.010719788781455443	0.004775232873429435	0.0037417420394924438	0.0014023144201975274	0.004779746628626231	-0.003211865758855402	0.000704330831890039	0.003280444605058465	0.0006726998207138506	0.0019078607718613202	-0.00028756585247784265	-0.00014097441744302178	4.942136129995949e-05	-1.20398874625423e-05	0.0001999755300239149	-0.0	0.0	0.0	0.0	-0.0	0.0	-0.0	0.0	-0.0	-0.0	0.0	0.0	-0.0	-0.0	-0.0	0.0	-0.0	-0.0	0.0	-0.0	-0.0	0.0	0.0	-0.0	-0.0	0.0	0.0	0.0	0.0	0.0	0.0	0.0	0.0	0.0	0.0	0.0	0.0	0.0	0.0	0.0	0.0	0.0	0.0	0.0	0.0	0.0	0.0	0.0	0.0	0.0	0.0	0.0	0.0	0.0	0.0	0.0	0.0	0.0	0.0	0.0	0.0	0.0	0.0	0.0	0.0	0.0	0.0	0.0	0.0	0.0	0.0	0.0	0.0	0.0	0.0	0.0	0.0	0.0	0.0
G2-194	0.07134493723962353	0.014149718898843176	0.040220052498327254	0.04739300676169562	-0.06713251509298776	-0.02114077380575696	0.0015241738096736935	-8.764651199775669e-05	0.0021946237927564574	0.03221299138877222	0.010853635220627983	0.010085188877521497	-0.025609856113652556	-0.00329373923019643	0.00048551450620062085	0.00047996103242610953	0.005939900519678926	0.0007254382821614636	0.006751013849763773	-0.001482854214812395	-0.008257420708845538	-0.011316144558963072	-0.0014912839836552392	-0.0006762819618268441	0.003733892934847215	0.0009229128010177061	0.0019424527989977106	-0.0	-0.0	0.0	-0.0	-0.0	-0.0	-0.0	0.0	-0.0	-0.0	0.0	-0.0	-0.0	0.0	-0.0	0.0	-0.0	0.0	-0.0	0.0	-0.0	0.0	-0.0	0.0	0.0	0.0	0.0	0.0	0.0	0.0	0.0	0.0	0.0	0.0	0.0	0.0	0.0	0.0	0.0	0.0	0.0	0.0	0.0	0.0	0.0	0.0	0.0	0.0	0.0	0.0	0.0	0.0	0.0	0.0	0.0	0.0	0.0	0.0	0.0	0.0	0.0	0.0	0.0	0.0	0.0	0.0	0.0	0.0	0.0	0.0	0.0	0.0	0.0	0.0	0.0	0.0	0.0	0.0	0.0
G2-197	0.07653905293407205	-0.0655892652078298	-0.023685289317357416	0.03947446345207578	-0.034871793218192115	-0.0018494813683136364	-0.021231026531372627	-0.01733341247947699	-0.02250236829658304	0.017238086268261392	-0.002404940291362163	0.01336633850398825	-0.03963283367589849	-0.011360758584326202	0.003951945890429953	0.002486447718834075	-0.001492732090424865	-0.012277086064382568	0.009834619745334096	0.006859897211224635	-0.0039001769938891246	-0.0021510879756426503	-0.0006505191233568881	0.0013445667580350134	-0.002502653710043803	-0.0003607234205352983	0.0022877188196294487	-0.0	-0.0	0.0	-0.0	-0.0	-0.0	-0.0	0.0	-0.0	-0.0	0.0	-0.0	-0.0	0.0	-0.0	0.0	-0.0	0.0	-0.0	0.0	-0.0	0.0	-0.0	0.0	0.0	0.0	0.0	0.0	0.0	0.0	0.0	0.0	0.0	0.0	0.0	0.0	0.0	0.0	0.0	0.0	0.0	0.0	0.0	0.0	0.0	0.0	0.0	0.0	0.0	0.0	0.0	0.0	0.0	0.0	0.0	0.0	0.0	0.0	0.0	0.0	0.0	0.0	0.0	0.0	0.0	0.0	0.0	0.0	0.0	0.0	0.0	0.0	0.0	0.0	0.0	0.0	0.0	0.0	0.0
G2-198	-0.17584781452703793	-0.09006383064786136	0.1559250707388947	-0.08929719877205992	-0.004373428598346893	0.021551075772881925	0.08123998827944019	0.028840698381036253	0.058568527358455635	-0.014414658307010374	0.027749282323094607	0.0020800021249500374	0.00537889641536428	-0.007964798389476769	-0.0010650746299986076	0.006426557866844281	0.0015059228436962585	0.003139085906217367	0.005733007058682876	0.005974918065954165	-0.0008707199948476333	0.0004457184572546174	0.00012872370212524252	0.00021549299801356785	0.000639511401790913	-0.00026061693854982664	0.00038609559953585627	-0.0	-0.0	0.0	-0.0	-0.0	-0.0	-0.0	-0.0	-0.0	-0.0	0.0	-0.0	-0.0	0.0	-0.0	0.0	-0.0	0.0	-0.0	0.0	-0.0	0.0	-0.0	0.0	0.0	0.0	0.0	0.0	0.0	0.0	0.0	0.0	0.0	0.0	0.0	0.0	0.0	0.0	0.0	0.0	0.0	0.0	0.0	0.0	0.0	0.0	0.0	0.0	0.0	0.0	0.0	0.0	0.0	0.0	0.0	0.0	0.0	0.0	0.0	0.0	0.0	0.0	0.0	0.0	0.0	0.0	0.0	0.0	0.0	0.0	0.0	0.0	0.0	0.0	0.0	0.0	0.0	0.0	0.0
G2-199	-0.07534838579741858	0.06063386656477998	0.0059675476331533675	-0.008302132518756071	-0.0022076992147329454	-0.0019175950546667796	0.005006266133564409	0.0002713859659478926	-0.010698035694094311	0.018309347850510374	0.0019807199959934597	-0.006426121159545492	0.016696977942256785	-0.0001516484568091519	-0.0021316852247778135	0.0015485059516862241	0.0007224571243140277	0.0002185652879073096	-0.005951132674959204	0.0022031808294405027	-0.007756447862349563	0.0007478763032761176	-0.00014837395799314465	0.0005628294615277986	-0.0002465938814479625	0.0002947804156732696	2.6844925271759414e-06	-0.0	0.0	0.0	-0.0	0.0	0.0	-0.0	-0.0	-0.0	-0.0	0.0	-0.0	-0.0	-0.0	-0.0	-0.0	-0.0	0.0	0.0	0.0	-0.0	-0.0	0.0	0.0	-0.0	0.0	0.0	0.0	0.0	0.0	0.0	0.0	0.0	0.0	0.0	0.0	0.0	0.0	0.0	0.0	0.0	0.0	0.0	0.0	0.0	0.0	0.0	0.0	0.0	0.0	0.0	0.0	0.0	0.0	0.0	0.0	0.0	0.0	0.0	0.0	0.0	0.0	0.0	0.0	0.0	0.0	0.0	0.0	0.0	0.0	0.0	0.0	0.0	0.0	0.0	0.0	0.0	0.0	0.0
G2-21	0.023973384266066874	-0.22588766356557452	0.09770767897180684	-0.032999222791287655	0.05685768562620084	-0.03283953688298418	-0.028190302393952923	0.0004235899505886966	-0.018723935719079116	0.04045923349726389	-0.0027078137006796826	0.010525153171854765	-0.013286959684078174	0.008959350674184555	0.006407035475452716	-0.0011301370902621702	-0.0016955053305579028	-0.0016335631071436507	-0.0023056944972566725	-0.0037118686720995155	-0.0018984317834602983	-0.002012530376464927	0.006512074085080159	0.0019986353061517996	-0.0013334343150835913	-0.0004512578185225474	-0.0003115951686339761	-0.0	-0.0	0.0	0.0	0.0	-0.0	-0.0	-0.0	0.0	0.0	0.0	-0.0	-0.0	0.0	-0.0	0.0	0.0	-0.0	-0.0	0.0	-0.0	0.0	0.0	-0.0	0.0	0.0	0.0	0.0	0.0	0.0	0.0	0.0	0.0	0.0	0.0	0.0	0.0	0.0	0.0	0.0	0.0	0.0	0.0	0.0	0.0	0.0	0.0	0.0	0.0	0.0	0.0	0.0	0.0	0.0	0.0	0.0	0.0	0.0	0.0	0.0	0.0	0.0	0.0	0.0	0.0	0.0	0.0	0.0	0.0	0.0	0.0	0.0	0.0	0.0	0.0	0.0	0.0	0.0	0.0
G2-210	-0.07181154735606715	0.053398405266106654	0.006864965808297453	-0.005859323329195609	-0.011538273708816198	0.00044759967155104933	0.008932756385685848	-0.00731590300417699	0.004800443848761547	-0.006979442786558648	0.03418923788885974	0.008211745971425871	-0.017171558262101705	-0.019500263974294114	0.0027482828156281686	0.013372555276318594	0.006984903811123718	0.006642678321716185	0.005853882593479695	0.00043703697164625805	-0.0029540843184962017	-0.000659606012697958	-0.0029080423932114265	0.002530057457898926	0.0017756113103235597	0.00020110552625936332	-0.00026608947210026053	-0.0	-0.0	0.0	-0.0	-0.0	-0.0	-0.0	-0.0	-0.0	-0.0	0.0	-0.0	-0.0	0.0	-0.0	0.0	-0.0	0.0	-0.0	0.0	-0.0	0.0	-0.0	0.0	0.0	0.0	0.0	0.0	0.0	0.0	0.0	0.0	0.0	0.0	0.0	0.0	0.0	0.0	0.0	0.0	0.0	0.0	0.0	0.0	0.0	0.0	0.0	0.0	0.0	0.0	0.0	0.0	0.0	0.0	0.0	0.0	0.0	0.0	0.0	0.0	0.0	0.0	0.0	0.0	0.0	0.0	0.0	0.0	0.0	0.0	0.0	0.0	0.0	0.0	0.0	0.0	0.0	0.0	0.0
G2-211	0.19715773107890158	0.03401520909819858	-0.011238985318708936	0.049648378331211385	0.14760926516704292	-0.03630913619969488	0.179517857974346	-0.1951092763160678	0.03909651107553251	-0.04713591555146638	-0.00210189201759068	0.013779633509868112	-0.022279656626394206	0.0049029869273926425	0.005289140355206674	-0.004226067555982525	-0.002164420307632918	-0.007176880089254344	-0.013127317792402294	0.002169403768428975	-0.002498200192874217	-0.0029346547257257955	0.0016838996912838231	-0.00029946493129676496	0.00011121080477109051	0.00032966507097547364	0.0004453731238838495	-0.0	-0.0	0.0	-0.0	-0.0	-0.0	-0.0	-0.0	-0.0	-0.0	0.0	-0.0	-0.0	0.0	-0.0	0.0	-0.0	0.0	-0.0	0.0	-0.0	0.0	-0.0	0.0	0.0	0.0	0.0	0.0	0.0	0.0	0.0	0.0	0.0	0.0	0.0	0.0	0.0	0.0	0.0	0.0	0.0	0.0	0.0	0.0	0.0	0.0	0.0	0.0	0.0	0.0	0.0	0.0	0.0	0.0	0.0	0.0	0.0	0.0	0.0	0.0	0.0	0.0	0.0	0.0	0.0	0.0	0.0	0.0	0.0	0.0	0.0	0.0	0.0	0.0	0.0	0.0	0.0	0.0	0.0
G2-212	0.05734266138058324	0.032638352022345725	0.05995088576382149	0.036804244297738396	-0.013785198896461846	-0.06406865626192482	-0.021512943542285758	0.0032035811199165815	-0.0017234321799972866	-0.04303185957677975	0.02634708804044568	-0.005417517685158845	0.005496580184254165	-0.01796685846893747	-0.02533972023224294	0.0045836880675975645	0.03087744782055048	-0.05012941883744628	0.011007008200288333	-0.03557129169949175	-0.004744033395194133	0.012756013659026646	0.006230572240283613	0.003093373709831188	-0.00021050466548353362	3.821700010690986e-05	0.00017811969233825692	-0.0	-0.0	0.0	-0.0	-0.0	-0.0	-0.0	-0.0	-0.0	-0.0	0.0	-0.0	-0.0	0.0	-0.0	0.0	-0.0	0.0	-0.0	0.0	-0.0	0.0	-0.0	0.0	0.0	0.0	0.0	0.0	0.0	0.0	0.0	0.0	0.0	0.0	0.0	0.0	0.0	0.0	0.0	0.0	0.0	0.0	0.0	0.0	0.0	0.0	0.0	0.0	0.0	0.0	0.0	0.0	0.0	0.0	0.0	0.0	0.0	0.0	0.0	0.0	0.0	0.0	0.0	0.0	0.0	0.0	0.0	0.0	0.0	0.0	0.0	0.0	0.0	0.0	0.0	0.0	0.0	0.0	0.0
G2-213	-0.06730634853652274	-0.021867903634403937	-0.05350913050345017	-0.0067596598356587595	0.010824483139353394	0.032008990056626024	-0.004695767754635624	-0.012747863517259933	-0.023760745521019862	-0.04606878549709224	-0.025698931893422528	0.009020198086668731	0.00862589392804615	0.0030295729691950705	0.005655175804846985	-0.008995937260484702	-0.011738120800559727	0.004648292565472361	0.02519266598190259	-0.005937330078394884	-0.0007146391945068595	-0.001161551299995326	0.004037113481269801	-0.0002420110738415	-0.002209149862409095	-0.0002296110081993015	-0.0007176538214124022	-0.0	0.0	0.0	0.0	0.0	0.0	0.0	-0.0	0.0	0.0	-0.0	0.0	0.0	-0.0	0.0	-0.0	0.0	-0.0	0.0	-0.0	0.0	-0.0	0.0	-0.0	-0.0	0.0	0.0	0.0	0.0	0.0	0.0	0.0	0.0	0.0	0.0	0.0	0.0	0.0	0.0	0.0	0.0	0.0	0.0	0.0	0.0	0.0	0.0	0.0	0.0	0.0	0.0	0.0	0.0	0.0	0.0	0.0	0.0	0.0	0.0	0.0	0.0	0.0	0.0	0.0	0.0	0.0	0.0	0.0	0.0	0.0	0.0	0.0	0.0	0.0	0.0	0.0	0.0	0.0	0.0
G2-214	0.04537091285386863	0.029973593258745417	0.053267808737642516	0.009915539077901468	0.010897286281420874	-0.03865908301939397	-0.014391313513573051	0.006963463680183245	-0.006264084027660699	-0.002066116430701874	-0.014617791327576242	0.0203282460872849	-0.008345559678894486	0.006500138518245786	0.013492820630528406	-0.0027457029177313796	-0.005370432002678536	0.0072487762421714445	0.02268771715689604	-0.008297693351317824	-0.010953882637913597	0.0014588817222809497	-0.0023463426450394515	-0.0014593001761562402	0.001373324072118974	-0.000776475643944363	-4.166790845313215e-05	-0.0	-0.0	0.0	0.0	0.0	0.0	-0.0	-0.0	0.0	0.0	-0.0	-0.0	0.0	0.0	0.0	-0.0	0.0	-0.0	0.0	-0.0	0.0	-0.0	0.0	-0.0	-0.0	0.0	0.0	0.0	0.0	0.0	0.0	0.0	0.0	0.0	0.0	0.0	0.0	0.0	0.0	0.0	0.0	0.0	0.0	0.0	0.0	0.0	0.0	0.0	0.0	0.0	0.0	0.0	0.0	0.0	0.0	0.0	0.0	0.0	0.0	0.0	0.0	0.0	0.0	0.0	0.0	0.0	0.0	0.0	0.0	0.0	0.0	0.0	0.0	0.0	0.0	0.0	0.0	0.0	0.0
G2-215	-0.07268416970176914	0.057392557423159185	0.012298704434879616	-0.0024531093125656853	-0.009899209881208036	0.011226078110727521	0.013544463599262065	0.007738045419399873	0.009452485246104958	-0.0387307749397974	-0.016394492732486686	0.0069530267518037965	0.007307004936920341	0.007968599997130139	0.0019325263733051285	-0.00357022776739207	0.0014324759507604022	0.000617377043626975	0.006642111687583001	0.0002533516709560125	-0.004306585817169658	0.0012014422658446241	-0.0013117159703039342	-0.0017586912630050912	-0.0003418526692866631	-0.00017100780389103443	-0.0002214363238895182	0.0	0.0	0.0	-0.0	0.0	-0.0	-0.0	0.0	0.0	0.0	-0.0	-0.0	-0.0	0.0	-0.0	0.0	0.0	0.0	-0.0	0.0	-0.0	-0.0	-0.0	-0.0	-0.0	0.0	0.0	0.0	0.0	0.0	0.0	0.0	0.0	0.0	0.0	0.0	0.0	0.0	0.0	0.0	0.0	0.0	0.0	0.0	0.0	0.0	0.0	0.0	0.0	0.0	0.0	0.0	0.0	0.0	0.0	0.0	0.0	0.0	0.0	0.0	0.0	0.0	0.0	0.0	0.0	0.0	0.0	0.0	0.0	0.0	0.0	0.0	0.0	0.0	0.0	0.0	0.0	0.0	0.0
G2-216	0.04911089699877409	0.021444105772811122	0.05478782890908261	0.017168348587286716	0.003929632169083534	-0.03184032662216294	-0.006598691342185672	0.006085570056535467	0.006355298880477958	-0.034975390354461976	-0.010443168558267317	0.005978265915404109	0.0019965110589182785	-0.0047220181016239485	-0.007941131422010058	-0.004063871045254891	-0.00821931845026694	0.005088739961038896	0.015924211947381795	0.0028678556667491926	0.003472848406288978	-0.004907264667007029	0.0034594186867432457	-0.004029975118049428	0.0012679077347937983	0.0022905649982155507	-0.0033399868425377064	-0.0	0.0	0.0	0.0	0.0	0.0	0.0	-0.0	0.0	0.0	-0.0	0.0	0.0	-0.0	0.0	-0.0	0.0	-0.0	0.0	-0.0	0.0	-0.0	0.0	-0.0	-0.0	0.0	0.0	0.0	0.0	0.0	0.0	0.0	0.0	0.0	0.0	0.0	0.0	0.0	0.0	0.0	0.0	0.0	0.0	0.0	0.0	0.0	0.0	0.0	0.0	0.0	0.0	0.0	0.0	0.0	0.0	0.0	0.0	0.0	0.0	0.0	0.0	0.0	0.0	0.0	0.0	0.0	0.0	0.0	0.0	0.0	0.0	0.0	0.0	0.0	0.0	0.0	0.0	0.0	0.0
G2-217	0.048380412144681396	0.024934209549443066	0.05574821340507191	0.016806941264701093	0.005218747434441021	-0.03324560488758652	-0.008607288898123094	0.010654115369646965	0.0024010339829567953	-0.032802124171139896	-0.022076101980935518	0.008261717341109523	0.008648289444566675	0.011039740097518402	0.003688413285194835	-0.008251136805902283	-0.0016229446735170807	0.002077530193353222	0.009713546865172224	0.0013000588608659796	-0.007805218164973194	0.00548669199755985	-0.004578332532173153	-0.0031712607238267923	-0.004658266077927747	-0.0011853541608690616	-0.0005121761665754166	-0.0	0.0	0.0	0.0	0.0	0.0	0.0	-0.0	0.0	0.0	-0.0	0.0	0.0	-0.0	0.0	-0.0	0.0	-0.0	0.0	-0.0	0.0	-0.0	0.0	-0.0	-0.0	0.0	0.0	0.0	0.0	0.0	0.0	0.0	0.0	0.0	0.0	0.0	0.0	0.0	0.0	0.0	0.0	0.0	0.0	0.0	0.0	0.0	0.0	0.0	0.0	0.0	0.0	0.0	0.0	0.0	0.0	0.0	0.0	0.0	0.0	0.0	0.0	0.0	0.0	0.0	0.0	0.0	0.0	0.0	0.0	0.0	0.0	0.0	0.0	0.0	0.0	0.0	0.0	0.0	0.0
G2-218	-0.07108087923913411	0.05474546973337032	0.012059717601863064	-0.0031541729922663054	-0.009726232866310951	0.011812858501640483	0.01480877654989228	0.006381079011914074	0.01071521640896279	-0.038134898029677004	-0.012013844547947471	0.0027892493433117247	0.0068703884980023285	0.004883914796224409	-0.0009262394059181736	-0.004424017805496807	-0.0018711235952412063	0.0013138293087173118	0.010327518615354988	-0.003905298474145862	0.009533872337849036	-0.007985577925981893	0.0037259147153102337	0.005599311875468023	0.002690804969423661	-0.00047008274414186903	-0.00020214167341899407	-0.0	-0.0	0.0	0.0	-0.0	-0.0	0.0	0.0	-0.0	0.0	0.0	-0.0	-0.0	0.0	-0.0	0.0	-0.0	0.0	-0.0	0.0	-0.0	0.0	0.0	0.0	0.0	0.0	0.0	0.0	0.0	0.0	0.0	0.0	0.0	0.0	0.0	0.0	0.0	0.0	0.0	0.0	0.0	0.0	0.0	0.0	0.0	0.0	0.0	0.0	0.0	0.0	0.0	0.0	0.0	0.0	0.0	0.0	0.0	0.0	0.0	0.0	0.0	0.0	0.0	0.0	0.0	0.0	0.0	0.0	0.0	0.0	0.0	0.0	0.0	0.0	0.0	0.0	0.0	0.0	0.0
G2-219	0.0433929721002202	0.028072548132079274	0.050652217267839056	0.0075466382154517975	0.013036123994771187	-0.045052169733977666	-0.014142008647623874	0.004565996234144653	-0.0140684083367717	0.02652545116871383	-0.007324239524037332	-0.008914019528055456	0.0018922789023198016	-0.0024265081729376477	0.0015508503003508819	-0.00187422978201786	-0.013670248158424185	-0.010912575809852233	-0.004573685530339816	0.002207538215201963	0.013768365103293524	-0.004885273525050977	0.004547706991865464	-0.010236735544515764	-0.0015631192013096996	-0.000943142665485885	0.002391014913612246	-0.0	-0.0	0.0	-0.0	-0.0	-0.0	-0.0	0.0	-0.0	-0.0	0.0	-0.0	-0.0	0.0	-0.0	0.0	-0.0	0.0	-0.0	0.0	-0.0	0.0	-0.0	0.0	0.0	0.0	0.0	0.0	0.0	0.0	0.0	0.0	0.0	0.0	0.0	0.0	0.0	0.0	0.0	0.0	0.0	0.0	0.0	0.0	0.0	0.0	0.0	0.0	0.0	0.0	0.0	0.0	0.0	0.0	0.0	0.0	0.0	0.0	0.0	0.0	0.0	0.0	0.0	0.0	0.0	0.0	0.0	0.0	0.0	0.0	0.0	0.0	0.0	0.0	0.0	0.0	0.0	0.0	0.0
G2-22	-0.16496211130087118	-0.18217777524287318	0.02865061919751325	-0.09650523646237862	0.04730314413923285	0.04308419765532617	0.023195389959452004	-0.007110811103141524	-0.018652791291289904	0.04522578767627513	-0.005681412314781149	0.00825507185247101	-0.009663394854865906	0.005453468353996727	0.016731298810957314	0.0035174813476369637	-0.0006137452623614378	0.002539634775696436	0.00010119136105642662	-0.002000556504037829	-0.005727601794188917	7.964332080301094e-05	0.004781535124531026	0.0022509975780719118	-0.0004916112804641915	-0.0013358277318559417	0.0008731659966141775	-0.0	-0.0	0.0	-0.0	-0.0	-0.0	-0.0	0.0	-0.0	-0.0	0.0	-0.0	-0.0	0.0	-0.0	0.0	-0.0	0.0	-0.0	0.0	-0.0	0.0	-0.0	0.0	0.0	0.0	0.0	0.0	0.0	0.0	0.0	0.0	0.0	0.0	0.0	0.0	0.0	0.0	0.0	0.0	0.0	0.0	0.0	0.0	0.0	0.0	0.0	0.0	0.0	0.0	0.0	0.0	0.0	0.0	0.0	0.0	0.0	0.0	0.0	0.0	0.0	0.0	0.0	0.0	0.0	0.0	0.0	0.0	0.0	0.0	0.0	0.0	0.0	0.0	0.0	0.0	0.0	0.0	0.0
G2-220	0.04434876112343601	0.029911238169971727	0.051513214592342475	0.007988194416775321	0.014218644798794403	-0.04059023060877429	-0.013610678414903848	0.005668822303616286	-0.013356279995014854	0.021870169690401207	-0.017913241563045166	-0.0017980722359907419	0.006980104734783308	0.00012178454023248727	-0.005399175717212379	-0.0039420659926020256	-0.013409461608245422	-0.008209254425881895	0.01576872409098603	0.003333512103236705	-0.0007228554693128256	-0.011211583471755092	0.0060187492655893815	0.005472849784789973	-0.0015988749013622883	0.0016096165713051333	-0.001031319824184966	-0.0	0.0	0.0	0.0	0.0	0.0	0.0	-0.0	0.0	0.0	-0.0	0.0	0.0	-0.0	0.0	-0.0	0.0	-0.0	0.0	-0.0	0.0	-0.0	0.0	-0.0	-0.0	0.0	0.0	0.0	0.0	0.0	0.0	0.0	0.0	0.0	0.0	0.0	0.0	0.0	0.0	0.0	0.0	0.0	0.0	0.0	0.0	0.0	0.0	0.0	0.0	0.0	0.0	0.0	0.0	0.0	0.0	0.0	0.0	0.0	0.0	0.0	0.0	0.0	0.0	0.0	0.0	0.0	0.0	0.0	0.0	0.0	0.0	0.0	0.0	0.0	0.0	0.0	0.0	0.0	0.0
G2-221	0.18180052322109236	0.13282730508782856	0.0798101846893743	0.020382233520340205	0.15396021257971418	0.11487063198700097	0.02564962635056416	-0.13306110537010982	0.035159479201264936	0.0686315287582103	-0.017426712812853698	-0.00827716162584432	0.031045533175869618	0.015867141442358818	-0.02215169943194914	0.024074596242866685	-0.0031150560786071734	0.007314662084521646	0.016096232249634204	-0.004703634464155813	0.0022572359225080324	0.004165509400277624	-0.00318481361296218	0.000588760360012491	0.0005298797601587345	-0.0004397026559800853	-3.0321068388673956e-05	-0.0	-0.0	0.0	0.0	0.0	-0.0	0.0	-0.0	0.0	0.0	0.0	-0.0	0.0	0.0	-0.0	-0.0	0.0	-0.0	-0.0	0.0	0.0	0.0	0.0	-0.0	-0.0	0.0	0.0	0.0	0.0	0.0	0.0	0.0	0.0	0.0	0.0	0.0	0.0	0.0	0.0	0.0	0.0	0.0	0.0	0.0	0.0	0.0	0.0	0.0	0.0	0.0	0.0	0.0	0.0	0.0	0.0	0.0	0.0	0.0	0.0	0.0	0.0	0.0	0.0	0.0	0.0	0.0	0.0	0.0	0.0	0.0	0.0	0.0	0.0	0.0	0.0	0.0	0.0	0.0	0.0
G2-222	0.043869494729999785	0.028236454406954253	0.046956765122837224	0.009600723081188768	0.012771919388577838	-0.04485590088344323	-0.015857793758327476	0.0031742503044884327	-0.013101468301115762	0.028263914992948433	0.0037468965235203464	-0.008715242171825979	0.011242380884310052	0.0004142503087259332	-0.006162063432885492	0.0036284024173397576	-0.0041385572865577465	0.0012949339953792463	-0.009029184569438844	-0.0007935834146892669	0.001488148516571435	-0.008184129404036128	0.0032841298033057125	0.0073098099179494565	0.00178362203311523	0.0007307792097074574	-0.00019511659182349378	-0.0	0.0	0.0	0.0	0.0	-0.0	0.0	0.0	0.0	0.0	0.0	-0.0	0.0	-0.0	-0.0	-0.0	0.0	0.0	0.0	-0.0	0.0	0.0	0.0	0.0	0.0	0.0	0.0	0.0	0.0	0.0	0.0	0.0	0.0	0.0	0.0	0.0	0.0	0.0	0.0	0.0	0.0	0.0	0.0	0.0	0.0	0.0	0.0	0.0	0.0	0.0	0.0	0.0	0.0	0.0	0.0	0.0	0.0	0.0	0.0	0.0	0.0	0.0	0.0	0.0	0.0	0.0	0.0	0.0	0.0	0.0	0.0	0.0	0.0	0.0	0.0	0.0	0.0	0.0	0.0
G2-223	-0.07549185747661302	0.05822097499907071	0.008798401918619416	-0.01218505778034182	-0.0012329202723386286	-0.0008758139159496974	0.008474260394570431	0.00021493422033876396	-0.00959396485375337	0.017635417009233323	-0.004570278832220588	-0.010387433704514263	0.007526604462876963	-0.008621710050063638	0.004046048678490512	-0.002594958106334306	-0.013420129525301172	-0.011037986832936697	0.0005797534954198045	0.0039945833717181314	0.012078600592572337	-0.0018369920239059434	0.003815154033300466	-0.006947257803701108	-0.0020740941094045283	-0.0008944326916099779	0.0016002447365342657	-0.0	-0.0	0.0	-0.0	-0.0	-0.0	-0.0	0.0	-0.0	-0.0	0.0	-0.0	-0.0	0.0	-0.0	0.0	-0.0	0.0	-0.0	0.0	-0.0	0.0	-0.0	0.0	0.0	0.0	0.0	0.0	0.0	0.0	0.0	0.0	0.0	0.0	0.0	0.0	0.0	0.0	0.0	0.0	0.0	0.0	0.0	0.0	0.0	0.0	0.0	0.0	0.0	0.0	0.0	0.0	0.0	0.0	0.0	0.0	0.0	0.0	0.0	0.0	0.0	0.0	0.0	0.0	0.0	0.0	0.0	0.0	0.0	0.0	0.0	0.0	0.0	0.0	0.0	0.0	0.0	0.0	0.0
G2-224	-0.07492359386175314	0.05633205199515518	0.008755425653942972	-0.010662322168320582	-0.00025714416085849927	-0.00018566567428593585	0.009417126563778256	0.0008525778081477369	-0.009222773156331339	0.01682305002634721	-0.004772317700766661	-0.009198320405202442	0.00636831703397914	-0.007436921055153934	0.0006789195739496885	-0.0037158063915268174	-0.011062263554523706	-0.009522082084822405	0.0018512155391801279	0.007292825609108442	0.007310352060354385	-0.0020579384894459695	0.0031388240757928743	0.008612288868503837	0.0025578009333247108	0.0007207118565562016	-0.0010810648106255002	-0.0	0.0	0.0	0.0	0.0	0.0	0.0	-0.0	0.0	0.0	-0.0	0.0	0.0	-0.0	0.0	-0.0	0.0	-0.0	0.0	-0.0	0.0	-0.0	0.0	-0.0	-0.0	0.0	0.0	0.0	0.0	0.0	0.0	0.0	0.0	0.0	0.0	0.0	0.0	0.0	0.0	0.0	0.0	0.0	0.0	0.0	0.0	0.0	0.0	0.0	0.0	0.0	0.0	0.0	0.0	0.0	0.0	0.0	0.0	0.0	0.0	0.0	0.0	0.0	0.0	0.0	0.0	0.0	0.0	0.0	0.0	0.0	0.0	0.0	0.0	0.0	0.0	0.0	0.0	0.0	0.0
G2-23	-0.16114350467186023	-0.19931960914295976	0.029021724294029477	-0.09233650903380053	0.040035316615281244	0.055028529379852024	0.03302766442261203	0.0021693310503397944	0.000492615078955933	-0.011854555605475341	-0.028383233400640057	-0.02185842507157023	0.018939819408772967	0.01416905543640826	-0.00723925400231152	-0.0015750700018710192	0.009991551493031355	-0.0037107363804977354	-0.010691086699767082	-0.003824483773403545	0.003488124880217705	-0.0036522546345710556	5.251270386584868e-05	-0.002271641809319167	0.0022632246325759464	0.0031315738300636887	0.0003003578820949868	-0.0	-0.0	0.0	-0.0	-0.0	-0.0	-0.0	0.0	-0.0	-0.0	0.0	-0.0	-0.0	0.0	-0.0	0.0	-0.0	0.0	-0.0	0.0	-0.0	0.0	-0.0	0.0	0.0	0.0	0.0	0.0	0.0	0.0	0.0	0.0	0.0	0.0	0.0	0.0	0.0	0.0	0.0	0.0	0.0	0.0	0.0	0.0	0.0	0.0	0.0	0.0	0.0	0.0	0.0	0.0	0.0	0.0	0.0	0.0	0.0	0.0	0.0	0.0	0.0	0.0	0.0	0.0	0.0	0.0	0.0	0.0	0.0	0.0	0.0	0.0	0.0	0.0	0.0	0.0	0.0	0.0	0.0
G2-24	0.032834582663623685	-0.24347430335247225	0.10110798888604204	-0.02544399948151987	0.04981731398779906	-0.024788646964255073	-0.021489420568269385	0.008665775224353517	-0.003198583348450856	-0.013388478356001666	-0.021355154453561533	-0.014246489057584348	0.013011516461766005	0.010287444479401286	-0.014371520735395165	-0.00790458506649303	0.002832699957279715	-0.006120754730120864	-0.007464887279509456	-0.0023707615934164786	0.0037410008622709994	9.650092545183195e-05	-0.0015893149244583283	-0.0006198662612573413	-0.0008934846388862527	-0.0009472185107339935	-0.0005024522658829744	-0.0	0.0	0.0	0.0	0.0	0.0	0.0	-0.0	0.0	0.0	-0.0	0.0	0.0	-0.0	0.0	-0.0	0.0	-0.0	0.0	-0.0	0.0	-0.0	0.0	-0.0	-0.0	0.0	0.0	0.0	0.0	0.0	0.0	0.0	0.0	0.0	0.0	0.0	0.0	0.0	0.0	0.0	0.0	0.0	0.0	0.0	0.0	0.0	0.0	0.0	0.0	0.0	0.0	0.0	0.0	0.0	0.0	0.0	0.0	0.0	0.0	0.0	0.0	0.0	0.0	0.0	0.0	0.0	0.0	0.0	0.0	0.0	0.0	0.0	0.0	0.0	0.0	0.0	0.0	0.0	0.0
G2-25	0.19645916425882703	-0.03770797084974995	-0.127658585660836	-0.09350179417393169	0.046061139204637426	-0.07323041650778918	0.08113756484911597	0.059002862439808776	-0.13158161287818337	0.00350035200462099	0.04650384848211784	0.06326870978367909	0.033287136018066904	0.02281580302655495	-0.02911216187241165	0.02730751800268034	-0.017461066607247996	-0.0021225531591904105	0.0033543113407047227	0.008399876249799763	0.007359936354197751	0.004231879911343389	-0.0029941187963164477	-0.0006200278525582284	0.001322431207888119	-3.481429559808011e-05	0.0003513445718303289	-0.0	-0.0	0.0	-0.0	-0.0	-0.0	-0.0	-0.0	-0.0	-0.0	0.0	-0.0	-0.0	0.0	-0.0	0.0	-0.0	0.0	-0.0	0.0	-0.0	0.0	-0.0	0.0	0.0	0.0	0.0	0.0	0.0	0.0	0.0	0.0	0.0	0.0	0.0	0.0	0.0	0.0	0.0	0.0	0.0	0.0	0.0	0.0	0.0	0.0	0.0	0.0	0.0	0.0	0.0	0.0	0.0	0.0	0.0	0.0	0.0	0.0	0.0	0.0	0.0	0.0	0.0	0.0	0.0	0.0	0.0	0.0	0.0	0.0	0.0	0.0	0.0	0.0	0.0	0.0	0.0	0.0	0.0
G2-26	-0.08065145029686858	-0.013246259610593737	-0.06823474058440106	-0.018045606972238584	0.018074090491975475	0.021290917227337763	-0.012127561555281408	-0.021308509506923208	-0.06004854024512501	0.0014113123083924145	-0.021235362019152014	-0.0018593022896288645	-0.01531350799467423	0.0017159799916036229	0.02383675642679956	0.004785408736688083	0.0022001391435096875	-0.0239266407355164	-0.0032913418085608564	-0.0021290982242516566	0.006722153839287223	-0.023063033205226343	-0.016522135065852265	0.002225303201289087	-0.002647277919005064	-0.0003478497838086654	-0.0028901172999261943	-0.0	0.0	0.0	0.0	0.0	0.0	0.0	-0.0	0.0	0.0	-0.0	0.0	0.0	-0.0	0.0	-0.0	0.0	-0.0	0.0	-0.0	0.0	-0.0	0.0	-0.0	-0.0	0.0	0.0	0.0	0.0	0.0	0.0	0.0	0.0	0.0	0.0	0.0	0.0	0.0	0.0	0.0	0.0	0.0	0.0	0.0	0.0	0.0	0.0	0.0	0.0	0.0	0.0	0.0	0.0	0.0	0.0	0.0	0.0	0.0	0.0	0.0	0.0	0.0	0.0	0.0	0.0	0.0	0.0	0.0	0.0	0.0	0.0	0.0	0.0	0.0	0.0	0.0	0.0	0.0	0.0
G2-27	-0.15430892835409235	-0.19511977999800928	0.02950552615452979	-0.07385471064562203	0.021949444106175726	0.0565173576985625	0.0282908214685572	-0.015763842459886095	0.017461037322880166	-0.04146387089453698	0.021429133919377816	0.008069523588199342	0.0035965338590442566	-0.021991850654241512	-0.001523301494917646	-0.0012305488335461702	-0.0037540440816721888	0.0017444394427252553	0.003818381489402147	0.0022920240575417397	0.0008064636695942014	0.004599943674015924	-0.002692215988514906	0.0003011177709410717	-0.0015259173848467082	-0.0015867579587862583	-0.0008050470204663665	-0.0	0.0	0.0	0.0	0.0	0.0	0.0	-0.0	0.0	0.0	-0.0	0.0	0.0	-0.0	0.0	-0.0	0.0	-0.0	0.0	-0.0	0.0	-0.0	0.0	-0.0	-0.0	0.0	0.0	0.0	0.0	0.0	0.0	0.0	0.0	0.0	0.0	0.0	0.0	0.0	0.0	0.0	0.0	0.0	0.0	0.0	0.0	0.0	0.0	0.0	0.0	0.0	0.0	0.0	0.0	0.0	0.0	0.0	0.0	0.0	0.0	0.0	0.0	0.0	0.0	0.0	0.0	0.0	0.0	0.0	0.0	0.0	0.0	0.0	0.0	0.0	0.0	0.0	0.0	0.0	0.0
G2-28	0.028383401627006387	-0.229668621992027	0.0984523630259273	-0.02393432301122237	0.04376700685732589	-0.02898754915194582	-0.02820911584376062	-0.010533880756686527	0.002092463612608146	0.008564829968471103	0.03376921616365954	0.021266307267051227	-0.020161357774030456	-0.030774083070969606	0.002513867836606281	0.0037666868891035677	-0.011138245968182936	0.0046660186112968335	0.010923599871658496	-0.000612081058133228	-0.005467890934162711	0.0008951925202661854	-0.005736721193915893	-0.0016026324932618841	0.0013110291812567616	0.0012029338677470036	0.00039378410305572443	-0.0	-0.0	0.0	-0.0	-0.0	-0.0	-0.0	0.0	-0.0	-0.0	0.0	-0.0	-0.0	0.0	-0.0	0.0	-0.0	0.0	-0.0	0.0	-0.0	0.0	-0.0	0.0	0.0	0.0	0.0	0.0	0.0	0.0	0.0	0.0	0.0	0.0	0.0	0.0	0.0	0.0	0.0	0.0	0.0	0.0	0.0	0.0	0.0	0.0	0.0	0.0	0.0	0.0	0.0	0.0	0.0	0.0	0.0	0.0	0.0	0.0	0.0	0.0	0.0	0.0	0.0	0.0	0.0	0.0	0.0	0.0	0.0	0.0	0.0	0.0	0.0	0.0	0.0	0.0	0.0	0.0	0.0
G2-29	0.04441135340220785	0.02143019410734936	0.050006417821287466	0.009662118040744107	0.007276510522029106	-0.041371827465211036	-0.010377360386949152	-0.0011791304453146296	0.0010771974702004537	-0.0004749609167480123	0.01753902095639568	0.009365404597966621	-0.02579958626050826	-0.01991142149246075	0.0035053682378247343	0.008609447662829707	-0.004683234860337875	0.0027096946697322457	0.0028400261571816586	0.010632502214224933	0.009338691435640896	0.004021029093365943	-0.0013982336106378927	0.002309492217493105	-0.003268532938393034	-0.0017076406941039502	-0.00047143636424774676	-0.0	0.0	0.0	0.0	0.0	0.0	0.0	-0.0	0.0	0.0	-0.0	0.0	0.0	-0.0	0.0	-0.0	0.0	-0.0	0.0	-0.0	0.0	-0.0	0.0	-0.0	-0.0	0.0	0.0	0.0	0.0	0.0	0.0	0.0	0.0	0.0	0.0	0.0	0.0	0.0	0.0	0.0	0.0	0.0	0.0	0.0	0.0	0.0	0.0	0.0	0.0	0.0	0.0	0.0	0.0	0.0	0.0	0.0	0.0	0.0	0.0	0.0	0.0	0.0	0.0	0.0	0.0	0.0	0.0	0.0	0.0	0.0	0.0	0.0	0.0	0.0	0.0	0.0	0.0	0.0	0.0
G2-313	0.0440084042735076	0.02846272481611175	0.051762852661784986	0.012518776413769353	0.009052671520898021	-0.04195648785808005	-0.014327976248983904	0.0036915282352613073	-0.007898041919700526	0.011065020515358128	-0.00024150628722014323	0.004045771270985935	0.0029856689090003766	-0.007395066670583218	0.015822922194626325	-0.007562860587849197	-0.017507943620796964	-0.00508154355822904	-0.007341098672569752	0.0060317549712986885	-0.010369361280305564	0.01362658040700021	-0.007719455127297085	0.001780031758939896	0.003471532731420292	0.0017589754847106914	0.0007235647252929161	-0.0	-0.0	0.0	-0.0	-0.0	-0.0	-0.0	0.0	-0.0	-0.0	0.0	-0.0	-0.0	0.0	-0.0	0.0	-0.0	0.0	-0.0	0.0	-0.0	0.0	-0.0	0.0	0.0	0.0	0.0	0.0	0.0	0.0	0.0	0.0	0.0	0.0	0.0	0.0	0.0	0.0	0.0	0.0	0.0	0.0	0.0	0.0	0.0	0.0	0.0	0.0	0.0	0.0	0.0	0.0	0.0	0.0	0.0	0.0	0.0	0.0	0.0	0.0	0.0	0.0	0.0	0.0	0.0	0.0	0.0	0.0	0.0	0.0	0.0	0.0	0.0	0.0	0.0	0.0	0.0	0.0	0.0
G2-314	-0.07534838579741857	0.060633866564779995	0.0059675476331533485	-0.008302132518756056	-0.0022076992147329593	-0.001917595054666772	0.005006266133564418	0.00027138596594785747	-0.010698035694094216	0.01830934785051036	0.001980719995993435	-0.006426121159545596	0.01669697794225671	-0.00015164845680918246	-0.0021316852247777714	0.0015485059516860938	0.0007224571243140291	0.00021856528790743524	-0.00595113267495937	0.0022031808294405435	-0.007756447862349691	0.000747876303275959	-0.00014837395799312172	0.0005628294615278008	-0.0002465938814476275	0.00029478041567328656	2.684492526720661e-06	0.0	-0.0	0.0	0.0	-0.0	0.0	0.0	-0.0	0.0	0.0	-0.0	0.0	-0.0	-0.0	-0.0	-0.0	-0.0	-0.0	0.0	0.0	-0.0	0.0	0.0	0.0	0.0	0.0	0.0	0.0	0.0	0.0	0.0	0.0	0.0	0.0	0.0	0.0	0.0	0.0	0.0	0.0	0.0	0.0	0.0	0.0	0.0	0.0	0.0	0.0	0.0	0.0	0.0	0.0	0.0	0.0	0.0	0.0	0.0	0.0	0.0	0.0	0.0	0.0	0.0	0.0	0.0	0.0	0.0	0.0	0.0	0.0	0.0	0.0	0.0	0.0	0.0	0.0	0.0	0.0	0.0
G2-315	-0.07479576119186739	0.05710999103266784	0.005887497291252052	-0.010920269658901588	-0.0009753243763372265	-0.003149975421684019	0.006354254645697931	0.004031233245416535	-0.008212434712547947	0.00922807633054099	0.00442492869894804	0.0001385508194179581	-0.0006473039355331066	0.00955966037347534	-0.0018230879830742096	0.005953047205120526	0.014026420153518187	0.007220932855511125	-0.003840018249993439	-0.005347306702240731	-0.0028141602581801643	-0.0027874972657611187	0.00039653661319266257	0.0016271732179122464	0.0006725021789558828	-0.0002819024798467931	-0.0010180403120172298	0.0	-0.0	0.0	-0.0	-0.0	0.0	0.0	0.0	-0.0	0.0	0.0	-0.0	0.0	0.0	-0.0	0.0	-0.0	0.0	0.0	0.0	-0.0	-0.0	-0.0	-0.0	0.0	0.0	0.0	0.0	0.0	0.0	0.0	0.0	0.0	0.0	0.0	0.0	0.0	0.0	0.0	0.0	0.0	0.0	0.0	0.0	0.0	0.0	0.0	0.0	0.0	0.0	0.0	0.0	0.0	0.0	0.0	0.0	0.0	0.0	0.0	0.0	0.0	0.0	0.0	0.0	0.0	0.0	0.0	0.0	0.0	0.0	0.0	0.0	0.0	0.0	0.0	0.0	0.0	0.0	0.0
G2-316	-0.07534838579741857	0.060633866564779995	0.005967547633153363	-0.008302132518756057	-0.0022076992147329402	-0.0019175950546667737	0.005006266133564415	0.00027138596594785216	-0.01069803569409423	0.018309347850510364	0.001980719995993435	-0.006426121159545571	0.01669697794225672	-0.00015164845680920108	-0.0021316852247777497	0.001548505951686096	0.0007224571243140268	0.00021856528790745633	-0.005951132674959332	0.002203180829440542	-0.007756447862349724	0.0007478763032759575	-0.00014837395799299365	0.0005628294615277848	-0.000246593881447732	0.00029478041567325934	2.6844925271282603e-06	0.0	-0.0	0.0	0.0	-0.0	-0.0	0.0	-0.0	-0.0	0.0	0.0	0.0	0.0	0.0	0.0	0.0	0.0	-0.0	-0.0	-0.0	0.0	-0.0	0.0	0.0	-0.0	0.0	0.0	0.0	0.0	0.0	0.0	0.0	0.0	0.0	0.0	0.0	0.0	0.0	0.0	0.0	0.0	0.0	0.0	0.0	0.0	0.0	0.0	0.0	0.0	0.0	0.0	0.0	0.0	0.0	0.0	0.0	0.0	0.0	0.0	0.0	0.0	0.0	0.0	0.0	0.0	0.0	0.0	0.0	0.0	0.0	0.0	0.0	0.0	0.0	0.0	0.0	0.0	0.0	0.0
G2-317	0.04260985368931777	0.027806471136898766	0.046821569775142624	0.007573401773773781	0.013997707690388599	-0.04611620740946124	-0.015602692146772987	0.007867614574405914	-0.013356619707649621	0.02107019195211346	-0.001878563587906475	0.0015960918683905955	-0.008037485187681052	0.016770004674747662	-0.0018265493088855953	0.008484057608065242	0.017518359209567843	0.006103741009948213	-0.008423526080872646	-0.0030314820295774896	-0.004726594343296362	-0.0007370483301630917	0.00030299161448441936	-0.0020734394280014137	-0.0013593992897682735	-0.0011802282333390156	0.0007949461981041282	-0.0	-0.0	0.0	-0.0	-0.0	-0.0	-0.0	-0.0	-0.0	-0.0	0.0	-0.0	-0.0	0.0	-0.0	0.0	-0.0	0.0	-0.0	0.0	-0.0	0.0	-0.0	0.0	0.0	0.0	0.0	0.0	0.0	0.0	0.0	0.0	0.0	0.0	0.0	0.0	0.0	0.0	0.0	0.0	0.0	0.0	0.0	0.0	0.0	0.0	0.0	0.0	0.0	0.0	0.0	0.0	0.0	0.0	0.0	0.0	0.0	0.0	0.0	0.0	0.0	0.0	0.0	0.0	0.0	0.0	0.0	0.0	0.0	0.0	0.0	0.0	0.0	0.0	0.0	0.0	0.0	0.0	0.0
G2-318	-0.07479576119186739	0.05710999103266783	0.005887497291252071	-0.010920269658901588	-0.0009753243763372196	-0.003149975421684019	0.0063542546456979215	0.004031233245416528	-0.008212434712547949	0.009228076330540999	0.004424928698948042	0.00013855081941798703	-0.0006473039355331053	0.009559660373475368	-0.0018230879830742298	0.005953047205120513	0.014026420153518189	0.007220932855511141	-0.003840018249993446	-0.0053473067022406905	-0.002814160258180167	-0.0027874972657610914	0.0003965366131927002	0.0016271732179121811	0.0006725021789558686	-0.00028190247984652547	-0.0010180403120172259	-0.0	0.0	0.0	0.0	0.0	-0.0	-0.0	-0.0	0.0	-0.0	-0.0	0.0	-0.0	-0.0	0.0	-0.0	0.0	-0.0	-0.0	-0.0	0.0	0.0	0.0	0.0	-0.0	0.0	0.0	0.0	0.0	0.0	0.0	0.0	0.0	0.0	0.0	0.0	0.0	0.0	0.0	0.0	0.0	0.0	0.0	0.0	0.0	0.0	0.0	0.0	0.0	0.0	0.0	0.0	0.0	0.0	0.0	0.0	0.0	0.0	0.0	0.0	0.0	0.0	0.0	0.0	0.0	0.0	0.0	0.0	0.0	0.0	0.0	0.0	0.0	0.0	0.0	0.0	0.0	0.0	0.0
G2-319	-0.07591169377279074	0.0553827671128298	0.008840569188533811	-0.012588676713467181	0.0008817426690184793	-0.0020242573412275907	0.009390896545500094	0.005940791294660631	-0.007897281478460855	0.007264396248969377	-0.006576753567672434	0.0016217913557060348	-0.010719788781455535	0.004775232873429413	0.0037417420394925027	0.0014023144201973953	0.004779746628626159	-0.0032118657588553314	0.0007043308318898961	0.003280444605058566	0.0006726998207138409	0.001907860771861339	-0.00028756585247805515	-0.00014097441744309426	4.942136129986667e-05	-1.2039887462251601e-05	0.0001999755300240498	0.0	-0.0	0.0	0.0	0.0	0.0	-0.0	0.0	-0.0	-0.0	-0.0	-0.0	-0.0	0.0	0.0	-0.0	-0.0	0.0	-0.0	-0.0	-0.0	-0.0	-0.0	0.0	-0.0	0.0	0.0	0.0	0.0	0.0	0.0	0.0	0.0	0.0	0.0	0.0	0.0	0.0	0.0	0.0	0.0	0.0	0.0	0.0	0.0	0.0	0.0	0.0	0.0	0.0	0.0	0.0	0.0	0.0	0.0	0.0	0.0	0.0	0.0	0.0	0.0	0.0	0.0	0.0	0.0	0.0	0.0	0.0	0.0	0.0	0.0	0.0	0.0	0.0	0.0	0.0	0.0	0.0	0.0
G2-320	-0.07591169377279074	0.0553827671128298	0.008840569188533813	-0.012588676713467185	0.0008817426690184793	-0.002024257341227588	0.0093908965455001	0.005940791294660633	-0.007897281478460855	0.007264396248969381	-0.006576753567672432	0.0016217913557060237	-0.010719788781455538	0.004775232873429427	0.0037417420394924936	0.0014023144201973938	0.004779746628626163	-0.0032118657588553435	0.0007043308318899006	0.0032804446050585874	0.0006726998207138267	0.0019078607718613285	-0.00028756585247805314	-0.0001409744174430677	4.942136129967533e-05	-1.2039887462358493e-05	0.00019997553002390746	0.0	0.0	0.0	0.0	-0.0	-0.0	-0.0	-0.0	0.0	-0.0	-0.0	0.0	-0.0	-0.0	0.0	0.0	0.0	0.0	0.0	0.0	-0.0	-0.0	0.0	-0.0	-0.0	0.0	0.0	0.0	0.0	0.0	0.0	0.0	0.0	0.0	0.0	0.0	0.0	0.0	0.0	0.0	0.0	0.0	0.0	0.0	0.0	0.0	0.0	0.0	0.0	0.0	0.0	0.0	0.0	0.0	0.0	0.0	0.0	0.0	0.0	0.0	0.0	0.0	0.0	0.0	0.0	0.0	0.0	0.0	0.0	0.0	0.0	0.0	0.0	0.0	0.0	0.0	0.0	0.0	0.0
G2-321	-0.07591169377279074	0.0553827671128298	0.008840569188533813	-0.012588676713467181	0.000881742669018481	-0.0020242573412275924	0.009390896545500106	0.005940791294660634	-0.007897281478460852	0.007264396248969372	-0.006576753567672459	0.001621791355706036	-0.010719788781455547	0.004775232873429404	0.0037417420394924876	0.0014023144201974413	0.004779746628626161	-0.0032118657588553192	0.0007043308318899301	0.0032804446050585453	0.0006726998207137969	0.0019078607718613176	-0.0002875658524780936	-0.00014097441744319837	4.942136129979724e-05	-1.2039887462192805e-05	0.00019997553002390028	0.0	0.0	0.0	-0.0	0.0	0.0	0.0	-0.0	-0.0	0.0	-0.0	-0.0	0.0	0.0	0.0	0.0	0.0	-0.0	0.0	-0.0	-0.0	0.0	-0.0	-0.0	0.0	0.0	0.0	0.0	0.0	0.0	0.0	0.0	0.0	0.0	0.0	0.0	0.0	0.0	0.0	0.0	0.0	0.0	0.0	0.0	0.0	0.0	0.0	0.0	0.0	0.0	0.0	0.0	0.0	0.0	0.0	0.0	0.0	0.0	0.0	0.0	0.0	0.0	0.0	0.0	0.0	0.0	0.0	0.0	0.0	0.0	0.0	0.0	0.0	0.0	0.0	0.0	0.0	0.0	0.0
G2-322	-0.07591169377279074	0.05538276711282979	0.008840569188533801	-0.012588676713467181	0.0008817426690184637	-0.0020242573412275902	0.00939089654550011	0.005940791294660636	-0.007897281478460855	0.007264396248969381	-0.006576753567672454	0.0016217913557060343	-0.010719788781455526	0.00477523287342942	0.003741742039492505	0.0014023144201974586	0.004779746628626182	-0.003211865758855364	0.0007043308318899383	0.0032804446050585696	0.0006726998207138402	0.0019078607718613734	-0.00028756585247815056	-0.00014097441744318056	4.94213612998496e-05	-1.2039887462160701e-05	0.0001999755300237257	0.0	0.0	0.0	0.0	0.0	0.0	-0.0	-0.0	0.0	0.0	0.0	0.0	0.0	0.0	-0.0	-0.0	-0.0	-0.0	-0.0	-0.0	0.0	0.0	-0.0	-0.0	0.0	0.0	0.0	0.0	0.0	0.0	0.0	0.0	0.0	0.0	0.0	0.0	0.0	0.0	0.0	0.0	0.0	0.0	0.0	0.0	0.0	0.0	0.0	0.0	0.0	0.0	0.0	0.0	0.0	0.0	0.0	0.0	0.0	0.0	0.0	0.0	0.0	0.0	0.0	0.0	0.0	0.0	0.0	0.0	0.0	0.0	0.0	0.0	0.0	0.0	0.0	0.0	0.0	0.0	0.0
G2-323	-0.10072804415417928	0.10010229945185925	-0.00020510819320733028	-0.019246648367114233	-0.014875542881666488	-0.008880178425380102	0.020084265774987297	0.0018421529156743507	-0.03802598565235304	0.0052804394052709805	-0.018139959755054138	-0.022524237312034828	-0.07601150533176618	-0.005913536628263752	-0.07066027485791504	-0.032561807423455075	-0.031948568162033716	0.023911673485770897	-0.010263272602738053	-0.012976417117574898	-0.0010322221162672035	0.005239768434415527	-0.0017533301573534406	0.0016996366432516148	-0.0020411072505091095	-0.0005850531302723983	-0.0005457960693946913	-0.0	0.0	0.0	0.0	0.0	0.0	0.0	-0.0	0.0	0.0	-0.0	0.0	0.0	-0.0	0.0	-0.0	0.0	-0.0	0.0	-0.0	0.0	-0.0	0.0	-0.0	-0.0	0.0	0.0	0.0	0.0	0.0	0.0	0.0	0.0	0.0	0.0	0.0	0.0	0.0	0.0	0.0	0.0	0.0	0.0	0.0	0.0	0.0	0.0	0.0	0.0	0.0	0.0	0.0	0.0	0.0	0.0	0.0	0.0	0.0	0.0	0.0	0.0	0.0	0.0	0.0	0.0	0.0	0.0	0.0	0.0	0.0	0.0	0.0	0.0	0.0	0.0	0.0	0.0	0.0	0.0
G2-324	-0.07187462040188936	-0.021843638991444807	-0.05507861958615329	-0.01504854257258071	0.017630020491580342	0.018695903514171375	-0.005980420899742594	-0.017344296068035312	-0.04325840304383642	0.0038161038429458055	-0.006716256738554615	-0.0016531106787646718	-0.019053816344627408	-0.006455390946581882	-0.0013704414178263525	0.0043565608058546545	-0.005198961167549562	-0.0028590467603463107	0.0037313664395456424	0.004964278904977098	-0.0013150267344402724	0.006810491951321092	0.011036648967120552	-0.003066148882218867	0.003549632376802973	0.0022270379043001203	0.0012343135316072286	-0.0	-0.0	0.0	-0.0	-0.0	-0.0	-0.0	0.0	-0.0	-0.0	0.0	-0.0	-0.0	0.0	-0.0	0.0	-0.0	0.0	-0.0	0.0	-0.0	0.0	-0.0	0.0	0.0	0.0	0.0	0.0	0.0	0.0	0.0	0.0	0.0	0.0	0.0	0.0	0.0	0.0	0.0	0.0	0.0	0.0	0.0	0.0	0.0	0.0	0.0	0.0	0.0	0.0	0.0	0.0	0.0	0.0	0.0	0.0	0.0	0.0	0.0	0.0	0.0	0.0	0.0	0.0	0.0	0.0	0.0	0.0	0.0	0.0	0.0	0.0	0.0	0.0	0.0	0.0	0.0	0.0	0.0
G2-325	-0.08096046167866527	-0.016223675436965415	-0.11610599183567068	-0.0042527753176785504	0.03140638402088288	-0.0030986644435461144	-0.029688376166628325	-0.0035572368958575623	0.031048516943578526	0.01697633774165179	0.009984896976231327	0.003247169961317918	-0.007106037166908453	-0.004364801038256956	-0.01058668046330215	0.006702961279038234	0.006064521885494337	-0.0008047882942472613	0.001981094666518937	0.0035773245103673263	0.0027576215402958853	-0.0036138635304505504	0.002027292328853739	0.0005836260544597018	-0.000973000581566586	-0.00018258628953077098	-0.0008381177185830238	-0.0	0.0	0.0	-0.0	-0.0	0.0	-0.0	0.0	-0.0	0.0	-0.0	-0.0	0.0	-0.0	0.0	0.0	0.0	0.0	-0.0	-0.0	-0.0	0.0	0.0	-0.0	0.0	0.0	0.0	0.0	0.0	0.0	0.0	0.0	0.0	0.0	0.0	0.0	0.0	0.0	0.0	0.0	0.0	0.0	0.0	0.0	0.0	0.0	0.0	0.0	0.0	0.0	0.0	0.0	0.0	0.0	0.0	0.0	0.0	0.0	0.0	0.0	0.0	0.0	0.0	0.0	0.0	0.0	0.0	0.0	0.0	0.0	0.0	0.0	0.0	0.0	0.0	0.0	0.0	0.0	0.0
G2-326	-0.08452344749343581	-0.013462988738549106	-0.11486541527756314	-0.008112233601052772	0.04025576621459327	-0.00363789283828811	-0.030901400715509262	0.007493688016647584	0.024657543399539572	0.01984648551518358	-0.024821272101637162	0.01002370976217217	-0.007475231622281576	0.018139959784655144	0.009218587488505427	-0.011837152721096214	-0.0032975630358642446	-0.011560048249278448	0.000918981746781166	0.010157812027999353	-0.0009917345028644378	0.012822554702426743	-0.0005747864078460803	-0.0015243933683610764	0.0004445861659873742	-4.844904950075033e-05	-3.826960316526919e-05	-0.0	-0.0	0.0	-0.0	-0.0	-0.0	-0.0	0.0	-0.0	-0.0	0.0	-0.0	-0.0	0.0	-0.0	0.0	-0.0	0.0	-0.0	0.0	-0.0	0.0	-0.0	0.0	0.0	0.0	0.0	0.0	0.0	0.0	0.0	0.0	0.0	0.0	0.0	0.0	0.0	0.0	0.0	0.0	0.0	0.0	0.0	0.0	0.0	0.0	0.0	0.0	0.0	0.0	0.0	0.0	0.0	0.0	0.0	0.0	0.0	0.0	0.0	0.0	0.0	0.0	0.0	0.0	0.0	0.0	0.0	0.0	0.0	0.0	0.0	0.0	0.0	0.0	0.0	0.0	0.0	0.0	0.0
G2-327	-0.08096046167866527	-0.016223675436965415	-0.11610599183567068	-0.0042527753176785504	0.03140638402088289	-0.0030986644435461175	-0.029688376166628325	-0.003557236895857566	0.031048516943578516	0.0169763377416518	0.00998489697623134	0.003247169961317923	-0.0071060371669084315	-0.004364801038256999	-0.010586680463302127	0.006702961279038288	0.006064521885494325	-0.0008047882942471947	0.0019810946665188857	0.003577324510367305	0.0027576215402958524	-0.0036138635304505955	0.0020272923288538677	0.0005836260544597771	-0.0009730005815666495	-0.00018258628953082788	-0.0008381177185832452	-0.0	0.0	0.0	0.0	0.0	-0.0	-0.0	-0.0	0.0	-0.0	0.0	0.0	0.0	0.0	-0.0	-0.0	0.0	0.0	0.0	-0.0	-0.0	-0.0	-0.0	0.0	-0.0	0.0	0.0	0.0	0.0	0.0	0.0	0.0	0.0	0.0	0.0	0.0	0.0	0.0	0.0	0.0	0.0	0.0	0.0	0.0	0.0	0.0	0.0	0.0	0.0	0.0	0.0	0.0	0.0	0.0	0.0	0.0	0.0	0.0	0.0	0.0	0.0	0.0	0.0	0.0	0.0	0.0	0.0	0.0	0.0	0.0	0.0	0.0	0.0	0.0	0.0	0.0	0.0	0.0	0.0
G2-328	-0.08096046167866526	-0.0162236754369654	-0.11610599183567068	-0.0042527753176785504	0.03140638402088287	-0.003098664443546122	-0.029688376166628318	-0.0035572368958575688	0.031048516943578505	0.016976337741651793	0.009984896976231348	0.003247169961317897	-0.00710603716690843	-0.004364801038256991	-0.010586680463302096	0.006702961279038236	0.006064521885494281	-0.0008047882942472332	0.001981094666518837	0.0035773245103672973	0.002757621540295859	-0.0036138635304506336	0.002027292328853787	0.000583626054459789	-0.000973000581566412	-0.00018258628953082528	-0.0008381177185832035	-0.0	-0.0	0.0	-0.0	0.0	0.0	0.0	-0.0	0.0	-0.0	0.0	-0.0	-0.0	-0.0	0.0	0.0	-0.0	-0.0	-0.0	0.0	0.0	0.0	-0.0	-0.0	-0.0	0.0	0.0	0.0	0.0	0.0	0.0	0.0	0.0	0.0	0.0	0.0	0.0	0.0	0.0	0.0	0.0	0.0	0.0	0.0	0.0	0.0	0.0	0.0	0.0	0.0	0.0	0.0	0.0	0.0	0.0	0.0	0.0	0.0	0.0	0.0	0.0	0.0	0.0	0.0	0.0	0.0	0.0	0.0	0.0	0.0	0.0	0.0	0.0	0.0	0.0	0.0	0.0	0.0	0.0
G2-329	-0.08145425878834553	-0.015866575020211562	-0.11751269346481175	-0.004273404293346233	0.031562476732960414	-0.003068618452057882	-0.030433404411557695	-0.0038853771444157153	0.03167913611161833	0.017326602412876584	0.010173309720514228	0.003921574288619174	-0.0072757606371281185	-0.0041805287365067915	-0.010648576855583737	0.006766873604735898	0.006884182886711732	-0.0015485017024126997	0.001860002959376933	0.003887911343962187	0.0028574461203675705	-0.004071505181391187	0.0029580740251878694	-0.00013609328782896685	0.00036426344195478953	0.000703801395586933	0.0021161223442563845	-0.0	0.0	0.0	0.0	0.0	0.0	0.0	-0.0	0.0	0.0	-0.0	0.0	0.0	-0.0	0.0	-0.0	0.0	-0.0	0.0	-0.0	0.0	-0.0	0.0	-0.0	-0.0	0.0	0.0	0.0	0.0	0.0	0.0	0.0	0.0	0.0	0.0	0.0	0.0	0.0	0.0	0.0	0.0	0.0	0.0	0.0	0.0	0.0	0.0	0.0	0.0	0.0	0.0	0.0	0.0	0.0	0.0	0.0	0.0	0.0	0.0	0.0	0.0	0.0	0.0	0.0	0.0	0.0	0.0	0.0	0.0	0.0	0.0	0.0	0.0	0.0	0.0	0.0	0.0	0.0	0.0
G2-330	-0.08305462939359715	-0.011743597788381842	-0.11683014621766549	-0.0062973505784228445	0.03775096477133782	-0.004483535585575142	-0.033429315739739056	0.005210857890780958	0.023042243158533104	0.022565572632458338	-0.011065604861201042	0.006285471313911263	0.005544175309033555	0.020427948757549476	0.003659108272738703	-0.003296192767944054	0.008161813455005742	0.003030112495135139	-0.008966009951597766	-0.004750047609145639	-0.013145218541551245	0.0032734681637697992	-0.00023237353030624775	-0.0016824735218971332	-0.002300728187752773	-0.0006198154616557254	-0.00024275110938417184	-0.0	0.0	0.0	0.0	0.0	0.0	0.0	-0.0	0.0	0.0	-0.0	0.0	0.0	-0.0	0.0	-0.0	0.0	-0.0	0.0	-0.0	0.0	-0.0	0.0	-0.0	-0.0	0.0	0.0	0.0	0.0	0.0	0.0	0.0	0.0	0.0	0.0	0.0	0.0	0.0	0.0	0.0	0.0	0.0	0.0	0.0	0.0	0.0	0.0	0.0	0.0	0.0	0.0	0.0	0.0	0.0	0.0	0.0	0.0	0.0	0.0	0.0	0.0	0.0	0.0	0.0	0.0	0.0	0.0	0.0	0.0	0.0	0.0	0.0	0.0	0.0	0.0	0.0	0.0	0.0	0.0
G2-413	-0.0711649085448718	0.05311355684047062	0.007996617645839558	0.004029390236133467	-0.019162479625977613	0.007177776008645043	0.013411450692978392	-0.006190477045376534	0.013383929413668793	-0.02776930013723514	0.02420257762272023	-0.012567630452786962	0.016462237275180574	-0.018913694846226337	-0.011505930794022378	0.004493130237386857	0.002049249945090699	-0.0038567576955102698	-0.010658311741036429	0.01050145831786452	0.0013304041618014532	-0.002740053222918964	-0.00041772482224761067	-0.0018083734709658154	-0.0028321536178309474	0.0008035087125486702	0.00026653000836516605	-0.0	0.0	0.0	0.0	0.0	0.0	0.0	0.0	0.0	0.0	-0.0	0.0	0.0	-0.0	0.0	-0.0	0.0	-0.0	0.0	-0.0	0.0	-0.0	0.0	-0.0	-0.0	0.0	0.0	0.0	0.0	0.0	0.0	0.0	0.0	0.0	0.0	0.0	0.0	0.0	0.0	0.0	0.0	0.0	0.0	0.0	0.0	0.0	0.0	0.0	0.0	0.0	0.0	0.0	0.0	0.0	0.0	0.0	0.0	0.0	0.0	0.0	0.0	0.0	0.0	0.0	0.0	0.0	0.0	0.0	0.0	0.0	0.0	0.0	0.0	0.0	0.0	0.0	0.0	0.0	0.0
G2-414	-0.08815716136654833	0.0745490718831666	-0.052727573886098354	0.006315259176185396	0.008289064819740746	-0.03053008989410085	-0.014095102630061576	0.020975956162113975	0.09587639228555178	0.0283084377299917	0.03104888371987893	0.011057814123615655	0.01217536755992445	-0.005775659782139734	-0.007594231307029201	-0.005892576903762669	-0.005920177477916236	-0.0035126931064120735	0.006135619641269352	0.01079816479999431	0.000912083894925486	-0.000650785009123542	-0.002045444277040626	7.101590900822078e-05	0.000816479922207777	0.0004343576782985072	0.00022619141207315323	-0.0	-0.0	0.0	-0.0	-0.0	-0.0	-0.0	-0.0	-0.0	-0.0	0.0	-0.0	-0.0	0.0	-0.0	0.0	-0.0	0.0	-0.0	0.0	-0.0	0.0	-0.0	0.0	0.0	0.0	0.0	0.0	0.0	0.0	0.0	0.0	0.0	0.0	0.0	0.0	0.0	0.0	0.0	0.0	0.0	0.0	0.0	0.0	0.0	0.0	0.0	0.0	0.0	0.0	0.0	0.0	0.0	0.0	0.0	0.0	0.0	0.0	0.0	0.0	0.0	0.0	0.0	0.0	0.0	0.0	0.0	0.0	0.0	0.0	0.0	0.0	0.0	0.0	0.0	0.0	0.0	0.0	0.0
G2-415	0.08067254632868716	-0.06952272058903416	-0.024074678005371178	0.04712563862425468	-0.039216068180165126	0.0027434595946012833	-0.01939599978796814	-0.012305896194552147	-0.01619140536346576	-0.013675465690782778	-0.005179844617196414	0.0006451318304333648	-0.006945092956834412	0.0028431239121993928	-0.00974779646471298	-0.004245819849311639	0.010816388909675767	0.0007034388155403326	-0.0041027249749266	-0.00798564531656448	-0.0036969567807659436	-0.009818689393452054	-0.0017898914028361909	-0.005129577246592213	0.003387070179256131	0.010222688045192994	2.326133982673052e-05	-0.0	-0.0	0.0	-0.0	-0.0	-0.0	-0.0	0.0	-0.0	-0.0	0.0	-0.0	-0.0	0.0	-0.0	0.0	-0.0	0.0	-0.0	0.0	-0.0	0.0	-0.0	0.0	0.0	0.0	0.0	0.0	0.0	0.0	0.0	0.0	0.0	0.0	0.0	0.0	0.0	0.0	0.0	0.0	0.0	0.0	0.0	0.0	0.0	0.0	0.0	0.0	0.0	0.0	0.0	0.0	0.0	0.0	0.0	0.0	0.0	0.0	0.0	0.0	0.0	0.0	0.0	0.0	0.0	0.0	0.0	0.0	0.0	0.0	0.0	0.0	0.0	0.0	0.0	0.0	0.0	0.0	0.0
G2-416	0.04108065499524696	-0.05564678038868416	-0.041663020886126556	0.043628717225715596	-0.05532993264875737	0.021812097838664543	-0.005899759748183225	-0.01888186521813175	-0.022928527710850438	0.03259664229711915	0.003846860523590106	0.009779031296232598	-0.019337553678268213	0.00300196377777749	0.013540996858604862	0.012043151296485912	0.0005993245410641767	0.012627247329417307	0.0020361434942773042	-0.014916554419359195	-0.003181482368815985	0.003165870122596746	0.0034364747477406135	-0.0009419999241247897	0.0018694655856710363	0.0005169948865974967	-0.0020624776901849483	-0.0	0.0	0.0	0.0	0.0	0.0	0.0	-0.0	0.0	0.0	-0.0	0.0	0.0	-0.0	0.0	-0.0	0.0	-0.0	0.0	-0.0	0.0	-0.0	0.0	-0.0	-0.0	0.0	0.0	0.0	0.0	0.0	0.0	0.0	0.0	0.0	0.0	0.0	0.0	0.0	0.0	0.0	0.0	0.0	0.0	0.0	0.0	0.0	0.0	0.0	0.0	0.0	0.0	0.0	0.0	0.0	0.0	0.0	0.0	0.0	0.0	0.0	0.0	0.0	0.0	0.0	0.0	0.0	0.0	0.0	0.0	0.0	0.0	0.0	0.0	0.0	0.0	0.0	0.0	0.0	0.0
G3-417	0.07972676916760743	-0.06937958191839262	-0.02083937818018474	0.0439816078122524	-0.03597918683197481	0.0036529212348611296	-0.016528935137331776	-0.006962894014195978	-0.019342806423448704	-0.014055873639326671	-0.024994132250411572	0.0025242895734955005	-0.01347169419273409	0.012028452658645447	0.0057115171464420375	-0.01477486292413246	0.0024846474380460395	-0.011636209206002491	0.0019050340499894652	-0.0017013292505826656	0.004738219225260792	-0.0005325843868253053	-0.0034415072905388338	0.0017831531805556134	0.0012750413508926172	-0.0030018580853391013	0.0025127947669626263	-0.0	-0.0	0.0	-0.0	-0.0	-0.0	-0.0	0.0	-0.0	-0.0	0.0	-0.0	-0.0	0.0	-0.0	0.0	-0.0	0.0	-0.0	0.0	-0.0	0.0	-0.0	0.0	0.0	0.0	0.0	0.0	0.0	0.0	0.0	0.0	0.0	0.0	0.0	0.0	0.0	0.0	0.0	0.0	0.0	0.0	0.0	0.0	0.0	0.0	0.0	0.0	0.0	0.0	0.0	0.0	0.0	0.0	0.0	0.0	0.0	0.0	0.0	0.0	0.0	0.0	0.0	0.0	0.0	0.0	0.0	0.0	0.0	0.0	0.0	0.0	0.0	0.0	0.0	0.0	0.0	0.0	0.0
G3-418	-0.06822001117447757	-0.022211988470245723	-0.05869710459966297	0.0008231599166618231	4.129058241771083e-05	0.027336685391875466	-0.006740675791244185	-0.025777921688050733	-0.02075271791825431	-0.030829854134377468	0.014757483555319932	-0.010342702331279409	0.022273749770329296	-0.023056678645551828	-0.005866615582906977	0.0006696045043846426	-0.013056242893774214	-0.008871821428061168	-0.010346038914422434	0.008977382843211649	-0.010956359770438417	-0.002237722114036022	0.003286617088626468	-0.00247628980873564	0.004005906742105559	-0.0047740912056903765	-0.001066800959367991	-0.0	0.0	0.0	0.0	0.0	0.0	0.0	-0.0	0.0	0.0	-0.0	0.0	0.0	-0.0	0.0	-0.0	0.0	-0.0	0.0	-0.0	0.0	-0.0	0.0	-0.0	-0.0	0.0	0.0	0.0	0.0	0.0	0.0	0.0	0.0	0.0	0.0	0.0	0.0	0.0	0.0	0.0	0.0	0.0	0.0	0.0	0.0	0.0	0.0	0.0	0.0	0.0	0.0	0.0	0.0	0.0	0.0	0.0	0.0	0.0	0.0	0.0	0.0	0.0	0.0	0.0	0.0	0.0	0.0	0.0	0.0	0.0	0.0	0.0	0.0	0.0	0.0	0.0	0.0	0.0	0.0
G3-419	0.0548465049211227	-0.054574900683471546	-0.011333166303061974	0.012468495526065018	0.029427636882977056	-0.02102665569890038	-0.03446527346861722	-0.011445685549740882	-0.02306950421286269	-0.03210784889168169	-0.00044041795669355426	0.0007416629285863464	0.007043384805288686	-0.0005137251353628769	0.0020792855103206388	0.00977383296968145	-0.004272339082761027	0.002029092313746435	-0.011622161808474212	-0.011443386047845833	0.0021841982750838256	0.003817399933631695	0.001082863315008427	0.0012033990745626726	-0.002768570816427205	-0.000783313912921123	-0.0015712470238586748	-0.0	0.0	0.0	0.0	0.0	0.0	0.0	-0.0	0.0	0.0	-0.0	0.0	0.0	-0.0	0.0	-0.0	0.0	-0.0	0.0	-0.0	0.0	-0.0	0.0	-0.0	-0.0	0.0	0.0	0.0	0.0	0.0	0.0	0.0	0.0	0.0	0.0	0.0	0.0	0.0	0.0	0.0	0.0	0.0	0.0	0.0	0.0	0.0	0.0	0.0	0.0	0.0	0.0	0.0	0.0	0.0	0.0	0.0	0.0	0.0	0.0	0.0	0.0	0.0	0.0	0.0	0.0	0.0	0.0	0.0	0.0	0.0	0.0	0.0	0.0	0.0	0.0	0.0	0.0	0.0	0.0
G3-420	-0.06668166184899918	-0.025669399756123923	-0.055741538526679714	-0.0026106030855290135	0.0019943019393453094	0.025106905205823135	-0.0033195783641585784	-0.02008081707024354	-0.01831531211837815	-0.03961580022937516	0.015940861902634332	-0.003276287900437072	-0.0009871536628816755	-0.009918069457591466	-0.0046342238432382915	0.005769036641755951	0.008061188680596338	0.003298543624453379	-0.0033190632544117266	0.0012167986429627584	0.00048409155045873054	0.002693316290356235	-0.002975559562032264	-7.14817696640378e-05	-0.0016669842788932972	0.0018798558989629598	0.0007621209777900742	0.0	-0.0	0.0	-0.0	0.0	-0.0	0.0	0.0	-0.0	-0.0	-0.0	-0.0	0.0	-0.0	-0.0	-0.0	-0.0	-0.0	0.0	0.0	0.0	-0.0	0.0	-0.0	-0.0	0.0	0.0	0.0	0.0	0.0	0.0	0.0	0.0	0.0	0.0	0.0	0.0	0.0	0.0	0.0	0.0	0.0	0.0	0.0	0.0	0.0	0.0	0.0	0.0	0.0	0.0	0.0	0.0	0.0	0.0	0.0	0.0	0.0	0.0	0.0	0.0	0.0	0.0	0.0	0.0	0.0	0.0	0.0	0.0	0.0	0.0	0.0	0.0	0.0	0.0	0.0	0.0	0.0	0.0
G3-421	0.12411533843745716	-0.03090621342154799	-0.0071735634159175565	0.02711699416326576	0.06063342049733035	0.0765454075552181	-0.12733524787798706	-0.008130985260946823	-0.041578254952594706	-0.05894918548801544	0.05502916787352945	-0.055651588846999035	-0.01238912698835047	0.048956586354433555	0.018838304400215264	-0.000486229029764812	-0.01152895775324582	0.007793889389529966	0.006145343654820285	0.009440505584251547	-0.003699004824876725	0.0011418393039166858	0.004968921444138612	0.0012554077563055612	-0.0005625900642563903	0.0004365061078589428	0.00020134803911968816	-0.0	-0.0	0.0	-0.0	-0.0	-0.0	-0.0	-0.0	-0.0	-0.0	0.0	-0.0	-0.0	0.0	-0.0	0.0	-0.0	0.0	-0.0	0.0	-0.0	0.0	-0.0	0.0	0.0	0.0	0.0	0.0	0.0	0.0	0.0	0.0	0.0	0.0	0.0	0.0	0.0	0.0	0.0	0.0	0.0	0.0	0.0	0.0	0.0	0.0	0.0	0.0	0.0	0.0	0.0	0.0	0.0	0.0	0.0	0.0	0.0	0.0	0.0	0.0	0.0	0.0	0.0	0.0	0.0	0.0	0.0	0.0	0.0	0.0	0.0	0.0	0.0	0.0	0.0	0.0	0.0	0.0	0.0
G3-422	0.04821791759822257	0.019744730368803514	0.04945154404547951	0.015947641796453176	0.004214815745860489	-0.03689160079557886	-0.008696868008501763	0.006930372404207398	0.0038660217587991675	-0.023534141832337027	0.007642817590924387	-0.004948156180743654	0.011186744801440947	0.004363535668643235	0.0018621791471372516	-0.0029290710693967814	0.0017173606364737015	0.012267386738017456	-0.016550015498411966	-0.0068070546754802515	0.008348658956773851	-0.00027128210789705595	-0.00306058686345727	0.0036579394751890875	0.0009535109906747014	-0.0016706637540870415	0.0025719102252702176	-0.0	-0.0	0.0	-0.0	-0.0	-0.0	-0.0	0.0	-0.0	-0.0	0.0	-0.0	-0.0	0.0	-0.0	0.0	-0.0	0.0	-0.0	0.0	-0.0	0.0	-0.0	0.0	0.0	0.0	0.0	0.0	0.0	0.0	0.0	0.0	0.0	0.0	0.0	0.0	0.0	0.0	0.0	0.0	0.0	0.0	0.0	0.0	0.0	0.0	0.0	0.0	0.0	0.0	0.0	0.0	0.0	0.0	0.0	0.0	0.0	0.0	0.0	0.0	0.0	0.0	0.0	0.0	0.0	0.0	0.0	0.0	0.0	0.0	0.0	0.0	0.0	0.0	0.0	0.0	0.0	0.0	0.0
G3-423	0.0580178439006426	-0.060005182176813596	-0.0669403830396864	0.035828205427931595	0.04614891813682423	-0.05408914803800054	-0.07676505065890536	0.005782679746998892	0.05937566812495214	-0.0057824038108923535	0.00391715464187074	0.016226860895206665	0.0053317422088505545	0.0124778438212555	-0.016173922100583483	-0.006718233008443432	-0.004331323294006804	-0.004566123846231639	0.0010746377207475081	-0.0020770941053245167	0.0058934307653142745	0.0001635072604148189	-0.005058765585689604	-0.0007842695489544502	0.0004076846807478373	0.0004408442064939488	3.608595330987358e-05	-0.0	0.0	0.0	0.0	0.0	0.0	0.0	-0.0	0.0	0.0	-0.0	0.0	0.0	-0.0	0.0	-0.0	0.0	-0.0	0.0	0.0	0.0	-0.0	0.0	-0.0	-0.0	0.0	0.0	0.0	0.0	0.0	0.0	0.0	0.0	0.0	0.0	0.0	0.0	0.0	0.0	0.0	0.0	0.0	0.0	0.0	0.0	0.0	0.0	0.0	0.0	0.0	0.0	0.0	0.0	0.0	0.0	0.0	0.0	0.0	0.0	0.0	0.0	0.0	0.0	0.0	0.0	0.0	0.0	0.0	0.0	0.0	0.0	0.0	0.0	0.0	0.0	0.0	0.0	0.0	0.0
G3-424	-0.07832307128639443	-0.014741999090515203	-0.11489433531357732	-0.0021584927035771897	0.03138563890464066	-0.0007869592482930159	-0.03274425561724634	0.0010597197064010327	0.0330609620264373	0.004910249252236082	0.00866842393752894	0.011285383557135566	0.003950362957650998	0.0008658045279914808	0.017117351832251233	-0.00957735759522088	-0.011614037738760652	0.010360040805016962	0.001001386315617091	-0.019296550731327806	0.0020440939612649442	0.0011860996627261484	-0.005135393865416566	0.0018935542524378879	0.004479052498898525	0.0006414948502934438	0.0013628456405399224	-0.0	-0.0	0.0	-0.0	-0.0	-0.0	-0.0	0.0	-0.0	-0.0	0.0	-0.0	-0.0	0.0	-0.0	0.0	-0.0	0.0	-0.0	0.0	-0.0	0.0	-0.0	0.0	0.0	0.0	0.0	0.0	0.0	0.0	0.0	0.0	0.0	0.0	0.0	0.0	0.0	0.0	0.0	0.0	0.0	0.0	0.0	0.0	0.0	0.0	0.0	0.0	0.0	0.0	0.0	0.0	0.0	0.0	0.0	0.0	0.0	0.0	0.0	0.0	0.0	0.0	0.0	0.0	0.0	0.0	0.0	0.0	0.0	0.0	0.0	0.0	0.0	0.0	0.0	0.0	0.0	0.0	0.0
G3-425	0.07458953742573425	0.008799274711193043	0.04276085246288719	0.05367044243418151	-0.07175151033745772	-0.015716911059800536	0.00684605203980161	0.003829371875796142	0.012025747912391095	-0.004002064734400152	0.003548626962178292	-0.0010271485452678997	-0.007783844232537143	0.001117596616627039	-0.011142750216298862	-0.006693794775591337	0.00959557801079486	-0.0019172759757830815	-0.0013989481886972541	0.004524406353301082	-0.0041752335206867355	-0.009458444729081595	-0.004395426096114737	-0.0018608799148129413	-0.000182350354949655	-0.0010392196571375712	0.0019204598894860285	-0.0	-0.0	0.0	-0.0	-0.0	-0.0	-0.0	-0.0	-0.0	-0.0	0.0	-0.0	-0.0	0.0	-0.0	0.0	-0.0	0.0	-0.0	0.0	-0.0	0.0	-0.0	0.0	0.0	0.0	0.0	0.0	0.0	0.0	0.0	0.0	0.0	0.0	0.0	0.0	0.0	0.0	0.0	0.0	0.0	0.0	0.0	0.0	0.0	0.0	0.0	0.0	0.0	0.0	0.0	0.0	0.0	0.0	0.0	0.0	0.0	0.0	0.0	0.0	0.0	0.0	0.0	0.0	0.0	0.0	0.0	0.0	0.0	0.0	0.0	0.0	0.0	0.0	0.0	0.0	0.0	0.0	0.0
G3-426	0.038406782071792454	0.01605378796010079	0.02664713032445444	0.05788429521527697	-0.09328386916075598	0.009649741639712007	0.022497510577528215	-0.0007770847733437448	0.01710881355119247	0.004865796499194513	0.003307844646475678	7.606672213698819e-05	-0.005015342657333768	0.008199750889517195	-0.00017346057493531294	0.007736780952786451	0.008126590406037658	0.006327883695665002	-0.0012550322150716845	-0.003739379255504649	0.005254688962788438	0.002851092019444158	0.0005730264056649345	0.0003850292649915959	-0.0010047932953501728	0.00020016219406794277	-0.0008472728870976097	0.0	-0.0	0.0	-0.0	-0.0	-0.0	-0.0	0.0	0.0	-0.0	0.0	-0.0	-0.0	0.0	-0.0	0.0	0.0	0.0	0.0	0.0	-0.0	-0.0	-0.0	0.0	0.0	0.0	0.0	0.0	0.0	0.0	0.0	0.0	0.0	0.0	0.0	0.0	0.0	0.0	0.0	0.0	0.0	0.0	0.0	0.0	0.0	0.0	0.0	0.0	0.0	0.0	0.0	0.0	0.0	0.0	0.0	0.0	0.0	0.0	0.0	0.0	0.0	0.0	0.0	0.0	0.0	0.0	0.0	0.0	0.0	0.0	0.0	0.0	0.0	0.0	0.0	0.0	0.0	0.0	0.0
G3-427	0.09897833328184005	0.05707904504764365	0.07604970290200881	0.022211018349081894	0.0273865462558926	0.04303504053683957	-0.059006409179168974	0.023453367282052297	0.008678797050890101	-0.03173255225113657	0.05305561573712951	-0.03665868389528935	-0.008543099207221369	0.018492718770115515	-0.014167223268443333	0.005172487519454596	0.009965885116624162	0.004724557602403122	0.013824038413132834	0.023494065132304346	-0.001147069357149393	-0.0033010039131164256	-0.002620068907654737	0.00044457376424517016	0.001531679105320184	-0.00035126468245642135	0.0008914422857463688	-0.0	-0.0	0.0	-0.0	-0.0	-0.0	-0.0	0.0	-0.0	-0.0	0.0	-0.0	-0.0	0.0	-0.0	0.0	-0.0	0.0	-0.0	0.0	-0.0	0.0	-0.0	0.0	0.0	0.0	0.0	0.0	0.0	0.0	0.0	0.0	0.0	0.0	0.0	0.0	0.0	0.0	0.0	0.0	0.0	0.0	0.0	0.0	0.0	0.0	0.0	0.0	0.0	0.0	0.0	0.0	0.0	0.0	0.0	0.0	0.0	0.0	0.0	0.0	0.0	0.0	0.0	0.0	0.0	0.0	0.0	0.0	0.0	0.0	0.0	0.0	0.0	0.0	0.0	0.0	0.0	0.0	0.0
G3-428	0.03882517839101457	0.019027455337314897	0.027464265362723308	0.06124801207039316	-0.09516333252915528	0.010087416831119371	0.02116789771910131	-0.0043108498272559906	0.01543063631140666	0.014326360068536409	0.004447505271392932	-0.007309501290264708	0.015621861677731129	-0.00518623713168486	-0.0022784219058893463	0.0035499329235783488	-0.007095467761552977	0.0007678768469044768	-0.004321896694833157	0.003791732576907608	-0.002740823231541094	0.000507839568997926	0.0011269398816474666	0.000733805409228351	-0.00019773130960900936	-0.0009591448385486731	-0.000353003267877083	-0.0	0.0	0.0	0.0	0.0	0.0	0.0	-0.0	0.0	0.0	-0.0	0.0	0.0	-0.0	0.0	-0.0	0.0	-0.0	0.0	0.0	0.0	0.0	0.0	-0.0	-0.0	0.0	0.0	0.0	0.0	0.0	0.0	0.0	0.0	0.0	0.0	0.0	0.0	0.0	0.0	0.0	0.0	0.0	0.0	0.0	0.0	0.0	0.0	0.0	0.0	0.0	0.0	0.0	0.0	0.0	0.0	0.0	0.0	0.0	0.0	0.0	0.0	0.0	0.0	0.0	0.0	0.0	0.0	0.0	0.0	0.0	0.0	0.0	0.0	0.0	0.0	0.0	0.0	0.0	0.0
G3-429	0.048000899948296864	0.01876215917905181	0.04933668294019927	0.017515482744651256	0.002631591053047086	-0.03675118519970394	-0.007999768626326308	0.004079408986171564	0.006232311789660276	-0.025503616526277324	0.014228791513410981	-0.003795684564779355	0.004747625054317664	-0.005446644693206922	-0.007083732618818969	0.0015031737973243554	0.001420145394114237	0.013026118399443861	-0.014395016349208391	0.0003681042152463893	0.004514751678612956	-0.0006423765354709858	0.00048597843047170817	-0.003637631537181483	0.002022813077843447	0.0017987108691048118	-0.002774903652784977	-0.0	0.0	0.0	0.0	0.0	0.0	0.0	-0.0	0.0	0.0	-0.0	0.0	0.0	-0.0	0.0	-0.0	0.0	-0.0	0.0	-0.0	0.0	-0.0	0.0	-0.0	-0.0	0.0	0.0	0.0	0.0	0.0	0.0	0.0	0.0	0.0	0.0	0.0	0.0	0.0	0.0	0.0	0.0	0.0	0.0	0.0	0.0	0.0	0.0	0.0	0.0	0.0	0.0	0.0	0.0	0.0	0.0	0.0	0.0	0.0	0.0	0.0	0.0	0.0	0.0	0.0	0.0	0.0	0.0	0.0	0.0	0.0	0.0	0.0	0.0	0.0	0.0	0.0	0.0	0.0	0.0
G3-430	-0.06668166184899918	-0.025669399756123923	-0.0557415385266797	-0.002610603085529012	0.001994301939345317	0.025106905205823118	-0.0033195783641585997	-0.020080817070243544	-0.01831531211837815	-0.03961580022937519	0.015940861902634388	-0.0032762879004370814	-0.0009871536628816848	-0.009918069457591395	-0.004634223843238339	0.005769036641755991	0.008061188680596352	0.0032985436244534453	-0.003319063254411703	0.0012167986429627749	0.0004840915504587415	0.002693316290356234	-0.0029755595620322454	-7.148176966397931e-05	-0.0016669842788931753	0.0018798558989628915	0.0007621209777900168	-0.0	0.0	0.0	0.0	-0.0	0.0	-0.0	-0.0	0.0	0.0	0.0	0.0	-0.0	0.0	0.0	0.0	0.0	0.0	-0.0	-0.0	-0.0	0.0	-0.0	0.0	0.0	0.0	0.0	0.0	0.0	0.0	0.0	0.0	0.0	0.0	0.0	0.0	0.0	0.0	0.0	0.0	0.0	0.0	0.0	0.0	0.0	0.0	0.0	0.0	0.0	0.0	0.0	0.0	0.0	0.0	0.0	0.0	0.0	0.0	0.0	0.0	0.0	0.0	0.0	0.0	0.0	0.0	0.0	0.0	0.0	0.0	0.0	0.0	0.0	0.0	0.0	0.0	0.0	0.0	0.0

Biplot	0	0

Site constraints	0	0
