Eigvals	22
0.30854648700295084	0.16415394498916	0.129273694470903	0.11591144108273826	0.09468949999107844	0.05923811587127689	0.057123744449494945	0.028304782726608555	0.01832002234183582	0.01629210798040801	0.0058901864549641345	0.0010945343708334242	0.0008982878682015395	0.00019342946725633622	0.0	0.0	0.0	0.0	0.0	0.0	0.0	0.0

Proportion explained	22
0.30856800065163115	0.16416539075325307	0.12928270818184642	0.1159195230999594	0.09469610229161443	0.05924224629591959	0.05712772744791222	0.0283067563000479	0.018321299719933057	0.016293243960566965	0.005890597152889378	0.001094610688111094	0.0008983505020360646	0.00019344295427945352	0.0	0.0	0.0	0.0	0.0	0.0	0.0	0.0

Species	0	0

Site	22	22
G1-11	0.1042611831518072	-0.12184702782479308	0.13888335635176843	-0.11241650371262905	0.015191880127566523	0.13803042157986214	-0.10346741588414264	0.009820470478324966	0.009016664832781681	-0.009444790401486818	0.003870082793114255	0.001991758117919581	0.00020100576069502957	0.00023759396649995678	0.0	0.0	0.0	0.0	0.0	0.0	0.0	0.0
G1-110	-0.019958621703797773	-0.12027957933392805	-0.011972371328447844	0.1088650423236831	0.12689111621550225	-0.06540576713858083	-0.03256349824931402	0.014109974288792624	0.009869763728479574	-0.08400351066801152	0.010305724228677808	-0.00543155813242188	6.872446798706608e-05	-0.00017264871790380218	0.0	0.0	0.0	0.0	0.0	0.0	0.0	0.0
G1-12	-0.057715088575197734	-0.01141087097693454	0.03639933403440289	-0.009641792115357761	-0.041571910098129806	-0.010901702254884372	0.008488938330452663	0.0022620834646181914	0.008429026807975195	-0.009110390905308232	0.003277153044763949	0.005548530043737363	0.0008430816723815941	-0.0027994875884206384	0.0	0.0	0.0	0.0	0.0	0.0	0.0	0.0
G1-130	-0.067264747070731	-0.009740971839173803	0.05138539341135989	-0.010583708861945968	-0.054132888575253287	-0.025271754996992225	0.011541354636681806	-0.004889926810721318	0.0031479693244954995	-0.0018387405514666399	-0.043008666699949946	-0.015467269330404987	0.009554699539680758	0.003904225023009925	0.0	0.0	0.0	0.0	0.0	0.0	0.0	0.0
G1-157	-0.03172335331018954	-0.03269612043263983	0.021379831813904942	-0.00850953433514037	0.02734967881915005	0.00417449669388685	0.00836149903502558	-0.011711194896248483	-0.0015494907994041426	0.01929968918950032	0.002764575009299477	-0.007190208814526221	0.014933040095553402	-0.003696257160873576	0.0	0.0	0.0	0.0	0.0	0.0	0.0	0.0
G1-158	-0.03243006842255152	-0.049547067840312965	-0.03016598565742386	0.05716107002886994	0.038488197393329815	0.03064737052236093	0.00665131333384503	-0.030398143349401295	0.00927225123381342	0.009140721021186028	-0.03309703236594702	0.012134253969334933	-1.4821436603341985e-05	0.0009708238935072556	0.0	0.0	0.0	0.0	0.0	0.0	0.0	0.0
G1-159	0.015421989372866058	0.13283103320115625	0.005507419045562225	0.11081252661624252	0.09774326388912995	0.05784625715694576	0.004215048171719336	-0.05144194207786158	-0.011874895426031751	0.020007688583404678	0.00304379297676925	0.0029513946446399456	0.00018209129387403467	-0.00014662457439856906	0.0	0.0	0.0	0.0	0.0	0.0	0.0	0.0
G1-19	0.3849529789396124	-0.09375451525391873	-0.11589018842275862	0.02079731874058053	-0.07491832656777782	-0.033607722211757465	0.02360696625911255	-0.003296102709582737	0.03427668237587393	0.005286977324912153	-0.012223769926871129	0.003693265788193068	-6.94793811223645e-05	0.00011701631876020667	0.0	0.0	0.0	0.0	0.0	0.0	0.0	0.0
G1-193	-0.0232730246796015	-0.09276808015093692	0.07209469249731638	0.0032823494504367833	0.09225724090230293	-0.10718708836930664	-0.008004701040836282	0.06370822342231271	-0.014392226869296922	0.06998027512685441	0.004313960948834009	0.006427246701292056	-0.0015280271619112257	0.0004954845408098632	0.0	0.0	0.0	0.0	0.0	0.0	0.0	0.0
G2-194	0.31904435412319565	0.11260488775452994	0.06394030256164276	-0.015669006641533756	0.013155259998239332	-0.01862302279775429	0.026406496901153875	0.002864286379031887	-0.056150523761731526	-0.008518043044057911	0.013701406869800722	-0.005884167264214965	-0.00022684384824726123	-0.00016513562884782671	0.0	0.0	0.0	0.0	0.0	0.0	0.0	0.0
G2-41	-0.07607273259697189	-0.023908933207408292	-0.0452653899182168	0.05348685593723179	-0.08841575643852423	-0.015939493478343794	-0.04287178912159831	-0.06012941588206352	-0.041581247746856044	-0.01268758547228334	0.00800160170673429	0.00678451899828913	-0.0029163414848172534	0.0010930377662999842	0.0	0.0	0.0	0.0	0.0	0.0	0.0	0.0
G3-42	-0.05846646607107521	-0.007778075088681333	0.035373145794258015	-0.007030012159950614	-0.05430872199608958	-0.022744619375918432	0.0038463127674211303	-0.0028241272257116933	-0.02011191899659906	-0.013314557805293344	0.004775307817178006	0.013893008419542755	0.013131211204589205	-0.0019193219600058058	0.0	0.0	0.0	0.0	0.0	0.0	0.0	0.0
G3-425	-0.007462666014666247	0.2050185656699627	0.06898821011395778	0.00815418650069193	-0.03509184638643114	-0.03642995979104147	-0.02395968787753857	0.011677521561226539	0.09150328430101799	-0.0045598104564759144	0.015393948096854662	0.0021089822538533335	0.0022257483054030683	-8.101249850919691e-05	0.0	0.0	0.0	0.0	0.0	0.0	0.0	0.0
G3-426	-0.05659371171243364	-0.010238744538119918	0.04271275727197048	-0.014799934059630185	-0.040511948558914136	-0.012184487043533776	0.01046424394147095	0.003006903890553182	0.009006269256079742	-0.006769514461839043	0.00770734573904901	0.004193814042208619	-0.007639633451266314	0.008916331937220315	0.0	0.0	0.0	0.0	0.0	0.0	0.0	0.0
G3-427	-0.06072540042188252	-0.029073609520526365	-0.05336129652267447	-0.1843808133244729	0.08059206546923973	0.006821347947276586	0.14326893363976737	-0.04317770987574782	0.012600608833540866	-0.014143607964713544	0.012488006786031375	0.001671403667865965	3.071379608971424e-05	0.00034375110397280763	0.0	0.0	0.0	0.0	0.0	0.0	0.0	0.0
G3-428	-0.0314924639549265	-0.0335947109727307	0.03083974093969987	-0.018190036755410893	0.028913834297453894	0.006343474654151106	0.012011038084785406	-0.015305323258349199	0.0036086461846570844	0.020063113778121703	0.0017897232524087202	-0.009099325742210337	-0.008778238947911167	0.0012281485434071577	0.0	0.0	0.0	0.0	0.0	0.0	0.0	0.0
G3-429	-0.02172961954255428	0.13692396881712124	0.07294410353923626	0.011087857683171809	-0.005699919307077741	-0.00868823496186667	0.005791044111830396	0.0025043924438399984	-0.03699239116968003	-0.012718644511618459	-0.01369527637950723	-0.0007930656293193663	-0.0034416546793029695	0.0005894430511233664	0.0	0.0	0.0	0.0	0.0	0.0	0.0	0.0
G3-43	-0.07142383021069336	-0.04905513776796487	-0.022504099408797863	0.13791305888816435	-0.08428780256435726	0.10635767751113318	0.10279127652864008	0.0778175129793654	-0.0038422462108643647	0.003808637027304324	0.01681904601832102	-0.003531642930222737	4.844702455415578e-05	-0.00010301322882130112	0.0	0.0	0.0	0.0	0.0	0.0	0.0	0.0
G3-430	-0.06172126153206285	-0.011348459543069213	0.04895402516786229	-0.01580920449448002	-0.04827607388836014	-0.01739669259919655	0.012583887636558558	-0.0028855772548574046	0.007815699055333136	-0.006283288866384591	-0.02091642507683877	-0.0023145197287218434	-0.01572169607902475	-0.008290003037697178	0.0	0.0	0.0	0.0	0.0	0.0	0.0	0.0
G3-44	-0.03904857340356005	-0.04248612333220522	-0.09559327462845159	0.04501665352370675	-0.007762688256150712	0.005761020737009852	-0.06140831903457097	-0.05744036293413453	0.017282643523056033	0.04411825563040911	0.022134923015795963	-0.010675486026371842	-0.0005497089865936934	-0.000416228777332825	0.0	0.0	0.0	0.0	0.0	0.0	0.0	0.0
G3-45	-0.09120954947479962	0.031551681466741165	-0.1326683136631138	-0.12001928975583351	-0.08504263026913518	-0.03355449655709081	-0.06285234931342432	0.03415440150764122	-0.028150054845039584	-0.005074322535139033	0.01164716189419194	-0.0031711481938437925	9.158544655670088e-05	-0.0002488416998314662	0.0	0.0	0.0	0.0	0.0	0.0	0.0	0.0
G3-46	-0.01536932688978479	0.12059789071383135	-0.18198139299305713	-0.03952708347639431	0.09943797579428586	0.051952974773639866	-0.04490059285703903	0.061574055858971556	-0.0011845136315985654	-0.0032385500376123266	-0.019092589748709657	0.002160215145387549	-0.0004239031505688158	0.00014271872801465056	0.0	0.0	0.0	0.0	0.0	0.0	0.0	0.0

Biplot	0	0

Site constraints	0	0
