Eigvals	6
0.01864045654317596	0.004094498369271456	0.00019554581104050265	2.0723368104636668e-05	0.0	0.0

Proportion explained	6
0.8121770093301599	0.1783999996223009	0.008520060205073532	0.0009029308424655227	0.0	0.0

Species	0	0

Site	6	6
G2-325	-0.010017359234035024	-0.006851851479201521	-0.0018306375789097597	0.002554211023271617	0.0	0.0
G2-326	-0.006554350339653707	-0.010891958836827984	0.01241207659164755	7.995242454670324e-05	0.0	0.0
G2-327	-0.01440262789993434	-0.03745101586827539	-0.0053466140393913725	0.0007834734437617059	0.0	0.0
G2-328	-0.00855788443584182	-0.01063819538400615	-0.002245451930827	-0.0036803024144211587	0.0	0.0
G2-329	-0.07360165165042631	0.04401093682325969	-0.0016332868905209815	0.0001275462112190959	0.0	0.0
G2-330	0.11313387355989117	0.021822084745051363	-0.0013560861519983296	0.00013511931162181096	0.0	0.0

Biplot	0	0

Site constraints	0	0
