Eigvals	11
0.13544532677013085	0.06909781782834384	0.02363006638700131	0.007130413172412746	0.00342624645887968	0.00174443394907315	0.0005308531379445303	0.0	0.0	0.0	0.0

Proportion explained	11
0.5620017764790063	0.2867068011601245	0.0980479696457139	0.0295861434682513	0.014216486035086438	0.007238160235629453	0.0022026629761882095	0.0	0.0	0.0	0.0

Species	0	0

Site	11	11
G1-13	-0.09002902306813299	-0.035174759622555514	0.03144761688654482	0.019879235083441592	0.0036935129646774763	0.0013991862816134582	-0.014430920584523811	-0.0	0.0	0.0	0.0
G1-135	-0.0777780171673317	-0.03911095615469258	-0.015074482497124009	0.010487144812771155	0.006417486296022337	-0.016090973072333863	0.007786222549457816	-0.0	0.0	0.0	0.0
G1-136	-0.12522196006436467	-0.10640923058931666	-0.04168370050045158	-0.03524452345838303	-0.02099007801132515	0.020585945277134757	0.0009591500042613657	-0.0	0.0	0.0	0.0
G1-138	-0.09521706930715457	-0.028957321521373553	0.035246498901939115	0.03270884101591601	0.00776264528615297	0.004967992258019143	0.008926525080677802	-0.0	0.0	0.0	0.0
G1-14	-0.07498669286388591	-0.046435492672401046	-0.01300038372813997	-0.0007525527515894742	0.009237324510174597	-0.019952803433472836	-0.005835187353096523	-0.0	0.0	0.0	0.0
G2-413	0.014948959329327606	0.10421767933657396	0.075119292353768	-0.008781126718273937	-0.0324441571308086	-0.0034402040226910106	-0.004042047222374212	-0.0	0.0	0.0	0.0
G2-414	0.078718825791376	0.028723957321171882	0.003370365198345047	-0.05243904554374462	0.03211732810540388	-0.0006811603092749879	-0.0029207663568641276	-0.0	0.0	0.0	0.0
G2-415	0.036640165589028426	0.12251579798104541	-0.1099272664674767	0.02611967999035811	-0.0038592454208557173	0.004480280168146017	-0.003944353381785752	-0.0	0.0	0.0	0.0
G2-416	0.018083304032512303	0.07501410446545724	0.038263358223385294	0.010676899559620145	0.020362168597152144	0.020675277192077228	0.004399053507157842	-0.0	0.0	0.0	0.0
G3-417	0.0284466709793481	0.05479474325979651	-0.0071526309620526295	-0.01984644247749884	-0.01454072884071923	-0.013245603380782638	0.009353214103253333	-0.0	0.0	0.0	0.0
G3-418	0.2863948367492774	-0.1291785218037057	0.003391332591262461	0.017191890487382927	-0.007756256355875025	0.0013020630415646406	-0.0002508903461635326	-0.0	0.0	0.0	0.0

Biplot	0	0

Site constraints	0	0
