Eigvals	10
0.03463202260351225	0.0012994078931703114	0.0004226368552606599	9.196947557810146e-05	2.7246870090777364e-05	1.1171696512267287e-05	1.2079835386015928e-06	0.0	0.0	0.0

Proportion explained	10
0.949195365999963	0.035614204947300665	0.011583641796119953	0.002520701751428383	0.0007467829160386946	0.00030619414526273227	3.310844388651399e-05	0.0	0.0	0.0

Species	0	0

Site	10	10
G2-1103	0.17153659262915133	0.00759059135104357	0.0013075096439167002	-0.00026207030512347075	-1.61236618179692e-05	3.330190978946654e-06	2.7892591314957085e-06	0.0	0.0	0.0
G2-1104	0.017038414154316547	-0.031606750186393466	-0.0037203116378302053	-0.0024187615126483424	-0.0004843517457384505	4.618803227619177e-05	3.3734115809366734e-05	0.0	0.0	0.0
G2-197	-0.0078850810765053	-0.004900927669194976	0.0014149580457512175	0.002775706960779767	0.001440101026557537	0.0005191207665490411	-0.00020852957987166975	0.0	0.0	0.0
G2-198	-0.030831033597102316	0.00773593176909303	-0.0022571231164854387	-0.0015676589859246986	-0.00039467463930032765	0.0014891410189045498	-0.0005575041987719579	0.0	0.0	0.0
G2-210	-0.028839991940838534	0.006918762006008715	-0.00045311989068258735	-0.0019099293946580327	-0.000793482432559704	0.00043008687087036827	0.0008684418189584662	0.0	0.0	0.0
G2-211	-0.014184501518018786	-0.000343754277920834	-0.006259645079174755	0.007448904310946642	0.0006437367212686921	-0.0004942453592617534	0.00015404227216787682	0.0	0.0	0.0
G2-212	-0.023651358089195284	0.004909367502357769	-0.0018471383493791139	0.0007921486064483811	-0.0035517488960078096	0.0005615824871239799	-0.00010924499284192812	0.0	0.0	0.0
G2-27	-0.029507139377175518	-0.0028454624632483065	0.018290312046829335	0.0006793141660834735	0.00028034473347576577	-0.00020423747756606755	-1.0130716649731606e-07	0.0	0.0	0.0
G2-28	-0.026276308620424	0.006046923510366298	-0.002318954619334916	-0.002361085758580047	-0.000420471200084702	-0.002777460465507462	-0.0002431874840031536	0.0	0.0	0.0
G2-29	-0.027399592564208493	0.006495318457888463	-0.0041564870436102495	-0.0031765680873240844	0.0032966700942066596	0.00042649393563397797	5.956009658606709e-05	0.0	0.0	0.0

Biplot	0	0

Site constraints	0	0
