Eigvals	10
1.2247394624493095	0.100856909000586	0.039941852859611694	0.011102593916067768	0.00485968052431785	0.002662837403426317	0.0006664477071536444	0.00046464819114125627	0.0	0.0

Proportion explained	10
0.8841004728759911	0.07280539549359007	0.028832753482202343	0.008014609500469068	0.0035080488392064697	0.0019222176468887326	0.0004810874076542982	0.00033541475399790255	0.0	0.0

Species	0	0

Site	10	10
G2-1103	-0.7610377913244667	0.20637850564479848	0.010785287782041913	0.0009117812246803783	-0.0016148556899960704	0.0001639796132843972	0.0007706979913548417	0.00021106111144519627	-0.0	0.0
G2-1104	-0.6273411289012526	-0.23685201464778521	-0.008780881294037155	0.0026169178755293785	0.0036312829633674327	-0.00208921186496936	-0.001639728129540587	-0.0018546659717071216	-0.0	0.0
G2-197	0.08374462637940885	-0.02401307910653484	-0.05195677695875869	0.00425255577728189	-0.018419164298525838	0.0156325535518032	0.010025838820539814	0.010549301255065601	-0.0	0.0
G2-198	0.2112964707194373	0.014505716757667509	-0.013804464173735088	0.056086983440744406	0.042087066906188776	0.00022984842912738732	0.010249794504185306	-0.001571867252860718	-0.0	0.0
G2-210	0.1873868039098877	0.01100986132349634	0.038577785017507936	0.03859961125954078	-0.011062706597638266	-0.018718173280333098	-0.008067795798979774	-0.007743152255772494	-0.0	0.0
G2-211	0.1535874195976677	0.009883267412056394	0.013566596499957326	-0.06925719182483983	0.04067193146934807	0.00025647374189206006	-0.00424471071785735	0.0004718716447493765	-0.0	0.0
G2-212	0.18792353692950414	0.012713574190253043	-0.005933465669334138	0.0167508754433627	-0.005886557061567238	0.0349166180207073	-0.01463790716932617	-0.0003501315644152964	-0.0	0.0
G2-27	0.1816329809243375	-0.02349835444936282	0.1586570872470464	-0.013414810138994614	-0.01754559457061016	-0.001420128612845857	0.0065670786786467	0.0032280741422181015	-0.0	0.0
G2-28	0.1971198978337934	0.015017857301672028	-0.07391715609940738	-0.03433902862699088	-0.023232629430458604	5.200762221647086e-05	0.008124154758430391	-0.013139863508382829	-0.0	0.0
G2-29	0.18568718393168368	0.014854665573739812	-0.06719401235128163	-0.002207694430314158	-0.008628773690107758	-0.0290239672208852	-0.007147422937456991	0.01019937239966059	-0.0	0.0

Biplot	0	0

Site constraints	0	0
