Eigvals	30
0.2179931582112402	0.1282740517427008	0.12060143132338393	0.07498262573087519	0.04975787838985729	0.03268791739020917	0.015696481601585103	0.007448853097837476	0.004479926591657142	0.00229339061309259	0.0013840464878937253	0.0005722644824989152	0.00022406379211015182	0.00016518159107331912	0.0	0.0	0.0	0.0	0.0	0.0	0.0	0.0	0.0	0.0	0.0	0.0	0.0	0.0	0.0	0.0

Proportion explained	30
0.3320225663995375	0.1953725530266782	0.18368648386957873	0.11420506971331858	0.07578558252542743	0.04978654518889258	0.02390710858801938	0.011345252037133066	0.006823318385076002	0.0034930336500641054	0.0021080233466843107	0.0008716086490864738	0.0003412686705586208	0.00025158594994516883	0.0	0.0	0.0	0.0	0.0	0.0	0.0	0.0	0.0	0.0	0.0	0.0	0.0	0.0	0.0	0.0

Species	0	0

Site	30	30
G2-1100	-0.046706750588197676	-0.011808476156986736	0.022688504646271868	0.0035917281733030587	-0.012853801802783163	-0.005262200839804004	-0.011581943911989443	0.007968876099369845	0.00035134385881293163	0.008995242966569695	-0.006701783851970396	0.003101988490107211	0.004405195754528998	0.003048233932806703	0.0	0.0	0.0	-0.0	0.0	0.0	0.0	0.0	0.0	0.0	0.0	0.0	0.0	0.0	0.0	0.0
G2-1101	-0.11317199538112342	-0.09055712622985207	0.1354012678418	0.16596456695642464	0.07700942127720017	0.05827963616268992	0.02283835665183448	0.006358454114970967	-0.002501879416800894	0.00011780939285386368	0.002756021041928126	0.00023525090891370504	-4.861757909860312e-05	0.00013982727890406824	-0.0	-0.0	-0.0	-0.0	0.0	0.0	0.0	0.0	0.0	0.0	0.0	0.0	0.0	0.0	0.0	0.0
G2-1102	-0.04752225845403444	-0.012672190142729434	0.024853601676997298	0.004401554857575732	-0.011798398057353159	-0.004996150742713155	-0.010019228772591642	0.003699126928514936	-0.0011518424349231489	0.007033173564943098	-0.008246740079993405	-0.004899649325786712	-0.0057526155482308895	0.0018729243548082223	-0.0	-0.0	-0.0	-0.0	0.0	0.0	0.0	0.0	0.0	0.0	0.0	0.0	0.0	0.0	0.0	0.0
G2-1105	-0.20943164410985776	0.12736140609733215	-0.15961401365922046	-0.0021359000603769222	0.03462483374610296	0.014554421541479323	0.0014940257782640885	-0.008425445176993814	-0.009385197371583495	-0.004420016288534321	0.006409850989598352	0.00020538689321979113	0.00022156787153303356	-0.0006882275793064068	-0.0	-0.0	-0.0	-0.0	0.0	0.0	0.0	0.0	0.0	0.0	0.0	0.0	0.0	0.0	0.0	0.0
G2-1106	-0.0418044302472109	-0.006388788226847067	0.019001390960093643	0.0012728647124483237	-0.009078622214658142	-0.003071296245224924	-0.0195750679431876	-0.01058550911196824	0.0030763414715567878	-0.002214614671166367	0.004728304739988435	0.013956627693803715	-0.0033408668820284785	-0.0023514153742002926	-0.0	-0.0	-0.0	-0.0	0.0	0.0	0.0	0.0	0.0	0.0	0.0	0.0	0.0	0.0	0.0	0.0
G2-1107	-0.04257184094318279	-0.009751861744277359	0.01881350799026251	0.0010632461470297897	-0.009183402756815562	-0.0009475854987422775	-0.014186567969578198	-0.004044078185918313	-0.0010620783116636824	0.008473179596837447	0.004124780005683756	0.0011367219214436265	0.006229894322862175	-0.002498221131550676	-0.0	-0.0	-0.0	-0.0	0.0	0.0	0.0	0.0	0.0	0.0	0.0	0.0	0.0	0.0	0.0	0.0
G2-1108	0.0756090250454706	-0.2602967177659199	-0.19659841162627398	-0.023906986924855572	0.019793902691516742	0.022786057818064035	-0.009105727531927895	-0.0035409990979441384	0.0018285024187289938	0.0037142663013420584	-0.00014584563379744635	0.0004303584135695968	-7.443947123005023e-05	0.00036892501384774807	-0.0	-0.0	-0.0	-0.0	0.0	0.0	0.0	0.0	0.0	0.0	0.0	0.0	0.0	0.0	0.0	0.0
G2-1109	0.019952806863733425	-0.014475556397472411	-0.008732517599855468	0.003415603999153117	-0.0067815044442609855	-0.002562698380000679	0.006521329229531757	0.004963816146896667	-0.0074498984145855394	0.001589654188480262	0.006956278679393016	0.00035065802332905625	0.0021543451705938656	-0.0011320261235626206	0.0	-0.0	-0.0	-0.0	0.0	0.0	0.0	0.0	0.0	0.0	0.0	0.0	0.0	0.0	0.0	0.0
G2-1110	0.019244574932798603	-0.015623735651809523	-0.005835129287606838	0.004332955667574727	-0.0067856723673907675	-0.003858675836562231	0.0070868904050497205	-0.001693348532430517	-0.007838632062954197	-0.0007730034575189671	0.0010478377868173828	-0.008986631573422275	-0.0038891846074076107	-0.0010759712346677906	0.0	-0.0	0.0	-0.0	0.0	0.0	0.0	0.0	0.0	0.0	0.0	0.0	0.0	0.0	0.0	0.0
G2-1111	0.019858295984448132	-0.012132006607847884	-0.010052154892025553	0.004447137875523057	-0.005000303980493616	-0.006747861530587318	0.003342626402299238	0.0006673558285465883	-0.003507470180955545	-0.013995945708485499	0.007486019586146623	0.0053070543650542016	0.0028482734219980555	0.0005698769350359218	0.0	-0.0	0.0	-0.0	0.0	0.0	0.0	0.0	0.0	0.0	0.0	0.0	0.0	0.0	0.0	0.0
G2-1113	0.01995280686373342	-0.014475556397472422	-0.008732517599855475	0.0034156039991531284	-0.006781504444260989	-0.0025626983800007223	0.006521329229531715	0.004963816146896617	-0.007449898414585506	0.0015896541884802239	0.006956278679392867	0.0003506580233291733	0.002154345170593472	-0.0011320261235626908	-0.0	0.0	0.0	-0.0	0.0	0.0	0.0	0.0	0.0	0.0	0.0	0.0	0.0	0.0	0.0	0.0
G2-199	-0.1921129083961298	0.07446504161759604	-0.09666668779001951	-0.016422613201218787	-0.05112925852203613	0.04791321962727201	0.02797991213799897	0.01837505504435025	0.009845706870881259	0.005831697417639094	-0.005197048664618073	-0.0003791324369057584	-0.0005453001912126443	0.0010675677738659914	-0.0	-0.0	-0.0	-0.0	0.0	0.0	0.0	0.0	0.0	0.0	0.0	0.0	0.0	0.0	0.0	0.0
G2-313	0.021877838538020063	-0.01441628428892036	-0.003523131060661433	0.00795023518798491	-0.016990922452250926	-0.009151742673698931	0.010415434306026154	0.024514992963432392	-0.023736401312838017	-0.012430157302099896	-0.0217506351136171	0.0016564950337616404	0.0009620596568127932	-0.0014540315451380338	-0.0	-0.0	-0.0	-0.0	0.0	0.0	0.0	0.0	0.0	0.0	0.0	0.0	0.0	0.0	0.0	0.0
G2-314	0.021017531348962674	-0.024447728245412227	0.005436077626861054	0.011515106675912353	-0.0507323753127511	-0.08524993360849875	0.06962644353822056	0.01312322569980224	-0.0067482739556209495	-0.005452133489513881	0.009372209755519762	-0.00025511768320670173	-7.457405699932484e-05	-0.00014576340219634066	-0.0	-0.0	-0.0	-0.0	0.0	0.0	0.0	0.0	0.0	0.0	0.0	0.0	0.0	0.0	0.0	0.0
G2-315	-0.059996665959840774	-0.02359337227495669	0.07642816876855978	-0.08608890653346137	0.009397683921748983	-0.02392755130257995	-0.055901800102644436	0.055735637651983014	0.0034732055184624926	-0.0009870864689180397	0.007982288763562058	-0.000968684864113846	-0.0009645969147953707	0.00015908345681362227	-0.0	-0.0	-0.0	-0.0	0.0	0.0	0.0	0.0	0.0	0.0	0.0	0.0	0.0	0.0	0.0	0.0
G2-316	-0.05730399043719098	-0.02343462598612934	0.04076753246351774	0.0045790063319006025	-0.046081966670908685	-0.07788370947579108	0.011795024700501536	-0.02404776252928724	0.011586143978511433	0.016536818170105168	-0.0047732416007324465	0.0021389351886638226	-3.746952350584761e-05	0.000992620888548922	-0.0	-0.0	-0.0	-0.0	0.0	0.0	0.0	0.0	0.0	0.0	0.0	0.0	0.0	0.0	0.0	0.0
G2-317	-0.05155157696935137	-0.02038739226881896	0.09487710987833889	-0.1394697717543115	0.04759955502654549	0.011060081354104686	0.008445579750998888	-0.035889382457859845	-0.011318500850496422	-0.0020653752532415223	-0.003784986280853273	-0.0004594668898458526	0.0009199698541835062	-0.0006230481822405945	-0.0	-0.0	-0.0	-0.0	0.0	0.0	0.0	0.0	0.0	0.0	0.0	0.0	0.0	0.0	0.0	0.0
G2-318	-0.0438099606495869	-0.010957805696035081	0.02168610601786809	0.0018144001745033268	-0.009058818224078514	-0.0020881708606564587	-0.014401643374108791	-0.009705574368954082	-0.0017906541629224724	0.006524890103463372	0.0003187463293224816	-0.005782136836675581	-0.0019005018254570597	-0.005484483052365378	-0.0	-0.0	-0.0	-0.0	0.0	0.0	0.0	0.0	0.0	0.0	0.0	0.0	0.0	0.0	0.0	0.0
G2-319	-0.04448129282084316	-0.008606514501346023	0.020662880031912974	0.0027445038786573614	-0.006598017760043093	-0.0069042596102012925	-0.018468192342150257	-0.01399568931814125	0.0055422141666351624	-0.008176004706869223	-0.00141642555289557	-0.0018306968761201388	0.000472729724369179	0.0017697348547741159	-0.0	0.0	-0.0	-0.0	0.0	0.0	0.0	0.0	0.0	0.0	0.0	0.0	0.0	0.0	0.0	0.0
G2-320	-0.04448129282084316	-0.008606514501346023	0.020662880031912974	0.0027445038786573614	-0.006598017760043093	-0.006904259610201294	-0.01846819234215026	-0.01399568931814125	0.005542214166635164	-0.008176004706869236	-0.0014164255528955794	-0.0018306968761201275	0.0004727297243691657	0.0017697348547741137	0.0	-0.0	0.0	-0.0	0.0	0.0	0.0	0.0	0.0	0.0	0.0	0.0	0.0	0.0	0.0	0.0
G2-321	0.019137427036722696	-0.013277890042644343	-0.007149320193042125	0.00537617529806629	-0.00495983757678538	-0.008071986767943488	0.0039046693877398523	-0.006135097003052598	-0.003766486217781166	-0.01640532739396362	0.0015311934056920177	-0.003936998092390029	-0.0040832596936079425	0.00043226878287404237	-0.0	-0.0	-0.0	-0.0	0.0	0.0	0.0	0.0	0.0	0.0	0.0	0.0	0.0	0.0	0.0	0.0
G2-322	-0.04448129282084316	-0.008606514501346023	0.020662880031912974	0.0027445038786573614	-0.006598017760043093	-0.006904259610201294	-0.018468192342150257	-0.013995689318141253	0.0055422141666351685	-0.008176004706869234	-0.001416425552895584	-0.0018306968761201388	0.00047272972436915387	0.0017697348547741102	0.0	0.0	0.0	-0.0	0.0	0.0	0.0	0.0	0.0	0.0	0.0	0.0	0.0	0.0	0.0	0.0
G2-323	0.11429174178407488	0.11274203415714525	-0.07248077030365017	0.05364490987856777	0.1324636726968963	-0.07116877518124884	-0.020864657244337965	3.9847540174581856e-05	-0.006279069339659557	0.003649598284658779	-0.0025709506979808457	-0.0005754081901110438	5.002163662042311e-05	-2.5750499144870943e-05	-0.0	-0.0	-0.0	-0.0	0.0	0.0	0.0	0.0	0.0	0.0	0.0	0.0	0.0	0.0	0.0	0.0
G2-324	0.07663092080135361	0.03048641687263571	-0.007469000624801733	0.011615760028811883	0.007524553091901086	0.00700798999237589	0.0018078112415942304	-0.00021731393396172478	0.007268588905870667	-0.0016276789286554121	-0.0012849473930425107	0.004202351652859683	-0.0011986713797578592	0.007870223698492423	-0.0	-0.0	-0.0	-0.0	0.0	0.0	0.0	0.0	0.0	0.0	0.0	0.0	0.0	0.0	0.0	0.0
G2-325	0.14288523640708656	0.0655684880306207	0.010585015141011045	0.027525281980224064	-0.06765582137747632	0.04331697281001353	-0.01876044205180964	-0.009890459599119475	-0.004181582043429691	0.0027606538623210154	0.01458648641504718	-0.0027911175129591253	-0.0019703753521830712	0.001603824506061068	-0.0	-0.0	-0.0	-0.0	0.0	0.0	0.0	0.0	0.0	0.0	0.0	0.0	0.0	0.0	0.0	0.0
G2-326	0.08472286617123405	0.03353800501157076	-0.006033183481266909	0.013383975209127931	0.001983326922879691	0.007791718182777117	0.007486860542432625	0.003111383946039918	0.0501367898499857	-0.01560945169072182	-0.005710779690977251	-0.0014564034012574272	0.0016683691148978773	-0.0039913887959133285	-0.0	-0.0	-0.0	-0.0	0.0	0.0	0.0	0.0	0.0	0.0	0.0	0.0	0.0	0.0	0.0	0.0
G2-327	0.14355822931773363	0.06563880117894681	0.010216482461472606	0.029326336268632007	-0.0704367777847337	0.04271054723258675	-0.02091861396430921	-0.006055360292522949	-0.019899357336931225	-0.0025115380556937814	-0.00793234042344221	0.0018207926536983688	0.002288650945036853	-0.0015293025336427948	-0.0	-0.0	-0.0	-0.0	0.0	0.0	0.0	0.0	0.0	0.0	0.0	0.0	0.0	0.0	0.0	0.0
G2-328	0.07871736582577843	0.0290383283165978	-0.005475721587085804	0.010562500863485182	0.004289229173200975	0.011539577607359228	0.006359610964310816	0.0060556232572617635	0.005230195249972564	0.016814348449819425	-0.003450956020373546	0.008166551317883769	-0.005589711254993827	-0.0027797328876081858	-0.0	-0.0	-0.0	-0.0	0.0	0.0	0.0	0.0	0.0	0.0	0.0	0.0	0.0	0.0	0.0	0.0
G2-329	0.1077926087860314	0.039491577693724425	0.05178437882317724	-0.11972271397186841	0.06493671344308699	0.05205270852752012	0.04947262977797777	0.007505124954890431	0.0019274401732763552	0.002695445680369326	0.0018301611767756046	0.0010705260434818375	-0.000360133891932042	0.0007324305184333896	-0.0	-0.0	-0.0	-0.0	0.0	0.0	0.0	0.0	0.0	0.0	0.0	0.0	0.0	0.0	0.0	0.0
G2-330	0.07417862489105383	0.026186558651999408	-0.006165224686605427	0.010314430524719004	0.005480149278087758	0.009250885298414793	0.005621735848622883	0.0051350619213066965	0.00671632103176681	0.01669391066123835	-0.00028692524478674176	-0.00814751918808109	0.00450943607967637	0.000744376760280965	-0.0	-0.0	-0.0	-0.0	0.0	0.0	0.0	0.0	0.0	0.0	0.0	0.0	0.0	0.0	0.0	0.0

Biplot	0	0

Site constraints	0	0
