# Constructed from biom file
#OTU ID	G1-11	G1-110	G1-12	G1-130	G1-157	G1-158	G1-159	G1-19	G1-193	G2-194	G2-41	G3-42	G3-425	G3-426	G3-427	G3-428	G3-429	G3-43	G3-430	G3-44	G3-45	G3-46
c968e760232bc409d8b2f69661888e32	25.0	0.0	0.0	43.0	0.0	0.0	0.0	0.0	112.0	95.0	0.0	0.0	75.0	103.0	55.0	73.0	12.0	0.0	94.0	0.0	0.0	0.0
85a28d57601e9d2923bd507b253cdbcd	0.0	0.0	0.0	0.0	0.0	0.0	0.0	0.0	0.0	0.0	0.0	0.0	0.0	0.0	0.0	0.0	0.0	0.0	0.0	0.0	5.0	0.0
b8b2e0a5f33349243a0b066e1585ed06	0.0	0.0	0.0	0.0	0.0	0.0	0.0	0.0	0.0	0.0	0.0	0.0	0.0	0.0	0.0	0.0	0.0	0.0	1.0	0.0	0.0	0.0
9af23aa4c8fa7a910841ad8924350346	0.0	0.0	0.0	0.0	0.0	0.0	0.0	0.0	0.0	0.0	0.0	0.0	2.0	0.0	0.0	0.0	0.0	0.0	0.0	0.0	0.0	0.0
26b430fc41bd2f4012d506288c6c67d2	0.0	0.0	0.0	0.0	0.0	0.0	0.0	0.0	0.0	0.0	0.0	0.0	0.0	0.0	0.0	0.0	0.0	3.0	0.0	0.0	0.0	0.0
47e7c04568df4bba7a991aa8187ba10d	0.0	0.0	0.0	0.0	0.0	0.0	0.0	0.0	0.0	0.0	0.0	0.0	0.0	0.0	2.0	0.0	0.0	0.0	0.0	0.0	0.0	0.0
21b2ee09c45126aee4334e36d3997017	0.0	0.0	0.0	0.0	0.0	0.0	0.0	0.0	0.0	0.0	0.0	0.0	0.0	0.0	0.0	0.0	0.0	0.0	0.0	0.0	0.0	1.0
669f1c072197dfd17f48cb06eca230af	0.0	0.0	0.0	0.0	0.0	0.0	0.0	0.0	0.0	2.0	0.0	0.0	0.0	0.0	0.0	0.0	0.0	0.0	0.0	0.0	0.0	0.0
cc866b82eb7915d2403199b0a564cf33	0.0	1.0	0.0	0.0	0.0	0.0	0.0	0.0	0.0	0.0	0.0	0.0	0.0	0.0	0.0	0.0	0.0	0.0	0.0	0.0	0.0	0.0
fea6f0f65bf2e94ebff13b253d142072	38.0	0.0	0.0	34.0	0.0	0.0	0.0	0.0	148.0	87.0	0.0	0.0	73.0	112.0	61.0	87.0	23.0	0.0	69.0	0.0	0.0	0.0
2dc1dae7438f41afb789fe8a3a433eac	0.0	0.0	1.0	61.0	0.0	0.0	0.0	0.0	0.0	0.0	12.0	1.0	4.0	3.0	0.0	0.0	4.0	0.0	2.0	0.0	0.0	0.0
a40f171b102b4ef8da1ca7f838e60506	0.0	0.0	0.0	0.0	0.0	0.0	0.0	0.0	0.0	0.0	0.0	0.0	1.0	0.0	0.0	0.0	0.0	0.0	0.0	0.0	0.0	0.0
7b0f05ead6d2e7c841505a2892f761f7	0.0	0.0	0.0	0.0	0.0	0.0	0.0	0.0	0.0	0.0	4.0	1.0	0.0	0.0	0.0	0.0	0.0	0.0	0.0	0.0	4.0	0.0
0bdbed9839d89169bd759a22fa5308a0	0.0	0.0	0.0	0.0	0.0	0.0	1.0	0.0	0.0	0.0	0.0	0.0	0.0	0.0	0.0	0.0	0.0	0.0	0.0	0.0	0.0	0.0
fab60d5bf7d90a067aff303734e6256f	0.0	0.0	0.0	0.0	0.0	0.0	0.0	0.0	0.0	0.0	0.0	0.0	0.0	0.0	0.0	0.0	0.0	0.0	0.0	0.0	4.0	0.0
3a0ebd47920ce03ebe8bd07e46a546a6	0.0	0.0	0.0	0.0	0.0	0.0	0.0	0.0	1.0	0.0	0.0	0.0	0.0	0.0	0.0	0.0	0.0	0.0	0.0	0.0	0.0	0.0
2381ea10d7e07f0c342a68a1eb070c8b	4.0	4.0	5.0	0.0	1.0	2.0	8.0	6.0	2.0	11.0	13.0	4.0	24.0	2.0	9.0	1.0	14.0	8.0	0.0	3.0	30.0	3.0
162bdb2c7b5934c8bfddada185f8a786	57.0	314.0	17.0	21.0	150.0	199.0	294.0	698.0	33.0	30.0	148.0	75.0	60.0	54.0	77.0	91.0	55.0	213.0	72.0	108.0	146.0	66.0
db85a46b040d7b58080ba0d57201f46b	0.0	0.0	0.0	0.0	0.0	0.0	0.0	0.0	0.0	0.0	0.0	0.0	0.0	0.0	0.0	0.0	0.0	2.0	0.0	0.0	0.0	0.0
b96ea9e9b09900ccecf691bbceea9b83	542.0	612.0	1307.0	159.0	1087.0	345.0	567.0	414.0	923.0	547.0	683.0	759.0	318.0	393.0	377.0	348.0	201.0	562.0	334.0	725.0	273.0	433.0
c69a4fe31ec02785bb5837c4fce401bd	1.0	0.0	0.0	0.0	0.0	0.0	0.0	0.0	0.0	0.0	0.0	0.0	0.0	0.0	0.0	0.0	0.0	0.0	0.0	0.0	0.0	0.0
e5a286379ba2f0a25b34fbf89ef5d6a9	0.0	0.0	0.0	0.0	0.0	0.0	0.0	6.0	0.0	0.0	0.0	0.0	0.0	0.0	0.0	0.0	0.0	0.0	0.0	0.0	0.0	0.0
c35bc9806adc8b858466c744cc35b1e5	7.0	458.0	1.0	4.0	233.0	885.0	588.0	298.0	32.0	16.0	370.0	301.0	42.0	34.0	58.0	101.0	46.0	484.0	50.0	375.0	628.0	430.0
fdd2ced0bee49264ba0878061097e4c3	0.0	0.0	0.0	0.0	0.0	0.0	0.0	0.0	0.0	0.0	0.0	0.0	0.0	0.0	0.0	0.0	0.0	1.0	0.0	0.0	0.0	0.0
7f00fdb10cb5bb5d8919744dd3f55434	0.0	0.0	0.0	0.0	0.0	0.0	1.0	0.0	0.0	1.0	0.0	0.0	2.0	0.0	0.0	0.0	0.0	0.0	0.0	0.0	0.0	0.0
fba7e174029cc0871b690eba51f665b9	0.0	0.0	0.0	0.0	0.0	0.0	0.0	0.0	0.0	0.0	0.0	0.0	0.0	0.0	0.0	0.0	1.0	0.0	0.0	0.0	0.0	0.0
9878081d0607d8d3214fd35b0e6fc90e	0.0	0.0	0.0	0.0	0.0	0.0	0.0	2.0	0.0	0.0	0.0	0.0	0.0	0.0	0.0	0.0	0.0	0.0	0.0	0.0	0.0	0.0
fac07b2893c7b432c5c424ca5ea83548	187.0	0.0	9.0	1238.0	3.0	0.0	0.0	0.0	5.0	16.0	0.0	1.0	116.0	82.0	7.0	12.0	5.0	0.0	3.0	0.0	5.0	0.0
b796144fa1c3fcc0980023e201536c12	0.0	0.0	0.0	0.0	0.0	0.0	0.0	3.0	0.0	0.0	0.0	0.0	0.0	0.0	0.0	0.0	0.0	0.0	0.0	0.0	0.0	0.0
cdd3b42e61e920351ef229bc67747b7b	0.0	0.0	0.0	0.0	0.0	0.0	0.0	0.0	0.0	0.0	0.0	0.0	0.0	0.0	1.0	0.0	0.0	0.0	0.0	0.0	0.0	0.0
d9804cbb9c1b7c95059a296f45c8dff6	80.0	0.0	8.0	0.0	0.0	0.0	0.0	0.0	0.0	0.0	0.0	0.0	0.0	3.0	2.0	1.0	0.0	0.0	1.0	0.0	0.0	0.0
5877dadce57b3bd826fe6bfa04a97b56	624.0	176.0	217.0	5.0	91.0	134.0	106.0	137.0	309.0	742.0	322.0	421.0	847.0	779.0	916.0	851.0	1204.0	292.0	939.0	350.0	457.0	628.0
f365eed4b4c884bf45ea125ca3786f2a	0.0	0.0	0.0	0.0	0.0	0.0	0.0	0.0	0.0	0.0	2.0	0.0	0.0	0.0	0.0	0.0	0.0	0.0	0.0	1.0	1.0	0.0
682381dd9b7df518c395e372222715d0	0.0	0.0	0.0	0.0	0.0	0.0	0.0	0.0	0.0	0.0	0.0	0.0	0.0	0.0	0.0	0.0	0.0	0.0	0.0	0.0	0.0	1.0
688c20321ba878c7bbe0bcd6746ee32c	0.0	0.0	0.0	0.0	0.0	0.0	0.0	0.0	0.0	0.0	0.0	0.0	0.0	0.0	0.0	0.0	0.0	0.0	0.0	0.0	3.0	1.0
74543c864b9ce6cb7bce59303a0ce289	0.0	0.0	0.0	0.0	0.0	0.0	0.0	0.0	0.0	18.0	11.0	2.0	0.0	0.0	0.0	0.0	0.0	0.0	0.0	0.0	0.0	0.0
ced377d1452e26d4cf841747ff78bf2c	0.0	0.0	0.0	0.0	0.0	0.0	0.0	1.0	0.0	0.0	0.0	0.0	1.0	0.0	0.0	0.0	0.0	0.0	0.0	3.0	9.0	2.0