Eigvals	54
3.0500007642332134	2.2133170574298258	1.3766534655203118	1.2881193353745082	1.0411230358783667	0.6750912351346484	0.2517684713536653	0.24112501228524624	0.20830950623446676	0.1736827414341533	0.12851024401575928	0.09793842429110616	0.09290723693063635	0.08628781076159286	0.04077032539979064	0.03242190843394893	0.02741416466562513	0.024734251964354637	0.019360409752052832	0.01627442895728126	0.010719817391146969	0.006395401458020811	0.0036144149717217133	0.0018321507883095611	0.0006226894450551135	0.0	0.0	0.0	0.0	0.0	0.0	0.0	0.0	0.0	0.0	0.0	0.0	0.0	0.0	0.0	0.0	0.0	0.0	0.0	0.0	0.0	0.0	0.0	0.0	0.0	0.0	0.0	0.0	0.0

Proportion explained	54
0.27455237447607916	0.1992364922369254	0.1239224206831787	0.115952830662497	0.0937189278685352	0.060769788574398693	0.02266348010104174	0.021705386255905255	0.0187514279449667	0.01563442528456217	0.011568125835501993	0.008816137771797905	0.008363244627491334	0.007767382753064268	0.0036700284727597607	0.0029185277754592907	0.002467744956489492	0.002226506854469739	0.0017427688971718262	0.0014649777029112178	0.0009649674036817144	0.0005756958085447655	0.00032535933251727175	0.0001649249912417883	5.6052728807775866e-05	0.0	0.0	0.0	0.0	0.0	0.0	0.0	0.0	0.0	0.0	0.0	0.0	0.0	0.0	0.0	0.0	0.0	0.0	0.0	0.0	0.0	0.0	0.0	0.0	0.0	0.0	0.0	0.0	0.0

Species	0	0

Site	54	54
G1-11	0.15669073838615102	-0.041784427069175255	-0.1408095980961178	-0.11063891825055538	-0.09830835264555261	-0.013086595154517149	-0.04135839081224143	0.14654027143017898	-0.05310209461154684	0.021161963862241097	-0.00383618999283261	-0.04037785597890709	-0.003212117455929419	-0.03768307208668012	0.00024208559579956432	-0.0006115482943347225	0.011919431327842362	0.05775078150074952	0.03483796571978242	0.008743765231015414	0.011536265229154394	-0.010566717776743992	-0.0011152249703580213	0.004570784401293835	0.00124780744345662	0.0	0.0	0.0	0.0	0.0	0.0	0.0	0.0	0.0	0.0	0.0	0.0	0.0	0.0	0.0	0.0	0.0	0.0	0.0	0.0	0.0	0.0	0.0	0.0	0.0	0.0	0.0	0.0	0.0
G1-110	-0.13491615747644883	-0.14720381957901096	0.24119922969483246	0.0016634267119951466	-0.07769662711445727	0.10947823471664997	-0.04359843810379013	0.023235476025119838	-0.01328950968810258	0.013814225001684634	0.01610382059629494	-0.034863151159768485	-0.020192630668127622	-0.027112029029185955	0.08374147692541911	0.009945696802832782	0.00566365252201121	0.015732492526024214	-0.016851085893251343	-0.0003207269254524315	-0.010210788155577376	-0.018004389193289044	0.006210008340818144	0.012826096316553135	0.005390521216141552	0.0	0.0	0.0	0.0	0.0	0.0	0.0	0.0	0.0	0.0	0.0	0.0	0.0	0.0	0.0	0.0	0.0	0.0	0.0	0.0	0.0	0.0	0.0	0.0	0.0	0.0	0.0	0.0	0.0
G1-115	-0.42101977351553727	-0.03575551968722607	-0.23732725993651055	0.10627157587064376	0.1493971231507149	0.020248752558798364	-0.08881017724649636	0.028976645370726126	0.046229147759407105	-0.06929314732349487	0.011116882040220537	0.025288520655228797	0.10176594961632773	-0.037649572259195886	-0.038784984095287564	0.03938126512962989	-0.05733049159528213	-0.018660253495418434	0.020459691353489278	0.006091417615074135	0.0023681309517003812	-0.0075299606083856245	0.003772835978799871	-0.003082298955518863	0.0018897886126149985	0.0	0.0	0.0	0.0	0.0	0.0	0.0	0.0	0.0	0.0	0.0	0.0	0.0	0.0	0.0	0.0	0.0	0.0	0.0	0.0	0.0	0.0	0.0	0.0	0.0	0.0	0.0	0.0	0.0
G1-116	-0.44056010737140266	-0.15131577005123392	-0.17652374007847618	-0.0765886289105007	0.0352563954545894	-0.08153532158205545	0.026482447798589458	0.0590428124489538	0.020107831138131676	-0.01945086531623257	0.03705070137383011	-0.038332983501601484	0.0012616611002359537	0.045876285055957235	0.02050636336940458	-0.031926255408835306	-0.02851158717342906	-0.03524551500447402	0.008090330618876557	-0.028557355517902356	-0.0057338474465504765	-0.007863132091226644	-0.0024293990824846754	0.004585882325203442	-0.0012455442625567146	0.0	0.0	0.0	0.0	0.0	0.0	0.0	0.0	0.0	0.0	0.0	0.0	0.0	0.0	0.0	0.0	0.0	0.0	0.0	0.0	0.0	0.0	0.0	0.0	0.0	0.0	0.0	0.0	0.0
G1-12	-0.09003626625060067	-0.22663498800067544	-0.031230366267471263	-0.3262417765057067	-0.09975721117330805	-0.19222475783256446	0.08137600215165063	-0.07197219929683024	-0.03595002219358699	-0.03511453916065837	-0.00560627149857943	0.04456015752088328	0.02701219303732056	-0.04509148926313417	0.04391726185686467	0.07002867563704274	0.012923696279365729	0.005350950445055227	-0.002217070398197055	0.024886486128550815	-0.013303448206612787	-0.004985607385995704	0.0026866316208344764	-0.0027712332286602167	-0.0006486794261737564	0.0	0.0	0.0	0.0	0.0	0.0	0.0	0.0	0.0	0.0	0.0	0.0	0.0	0.0	0.0	0.0	0.0	0.0	0.0	0.0	0.0	0.0	0.0	0.0	0.0	0.0	0.0	0.0	0.0
G1-13	0.352819749241644	0.31498493974800856	-0.15943579273005895	-0.12355364059771241	-0.03444911890569431	0.06548135585071663	0.004306460181007192	0.10020808680157534	-0.12761798595003943	-0.0452708092562308	0.025888453125498673	-0.0016381449909465171	-0.020506329841560127	0.03770967952882724	-0.0018125340585574635	0.04608450786150151	-0.013747477669946133	-0.01475815344062343	-0.007114021491157606	-0.013212098532623598	-0.006860221118637565	4.734341190893834e-05	-0.0021216064282304206	0.0013258412731923322	-0.0027338039669563864	0.0	0.0	0.0	0.0	0.0	0.0	0.0	0.0	0.0	0.0	0.0	0.0	0.0	0.0	0.0	0.0	0.0	0.0	0.0	0.0	0.0	0.0	0.0	0.0	0.0	0.0	0.0	0.0	0.0
G1-130	-0.05730332356810648	0.563057820760561	-0.1634507054824626	-0.34393052267048474	-0.08647645152463829	0.21451511478098576	-0.012824837410028806	-0.07406511750569317	0.025914562176763058	0.015691949912740307	0.060599750486232944	0.016689303566745528	0.010761577093524695	-0.010265306571950896	-0.0022090581660498135	-0.009226010304520952	-0.013051794661764532	0.02120366117468714	0.00619162976153825	0.0021073079536958	0.019025993321709095	-0.017262471699923503	0.005846983353615673	0.006531199295001827	-0.0036057285167756326	0.0	0.0	0.0	0.0	0.0	0.0	0.0	0.0	0.0	0.0	0.0	0.0	0.0	0.0	0.0	0.0	0.0	0.0	0.0	0.0	0.0	0.0	0.0	0.0	0.0	0.0	0.0	0.0	0.0
G1-131	-0.16084034202442807	0.3588821733663893	0.0450445126688494	0.03158370359071516	-0.2701197676705915	-0.015064638284381164	-0.1307034315384468	-0.01597059940796942	0.03610438272531388	0.05345988386281019	-0.11006190420244581	0.04903490904984492	-0.03522966817199856	-0.009620845858614582	0.009464827067255674	-0.02187096488181013	-0.021092441132997814	0.020201077419384064	-0.0009773704412634635	-0.0003003318052446559	0.0003504775168160463	0.002496132786388869	-0.000585202388999375	0.0024825541733517064	-0.0027561752864022106	0.0	0.0	0.0	0.0	0.0	0.0	0.0	0.0	0.0	0.0	0.0	0.0	0.0	0.0	0.0	0.0	0.0	0.0	0.0	0.0	0.0	0.0	0.0	0.0	0.0	0.0	0.0	0.0	0.0
G1-132	-0.05838774433153317	0.5827070061514108	-0.1457635740022699	-0.3528752271750672	-0.06797157744935609	0.21225511485343113	-0.013227172679171529	-0.05526669742921212	-0.0014647352434982487	-0.02415394877414355	0.07236958815182756	0.025580418478845884	0.030261208123488866	0.002065977871893317	0.016462712315510657	-0.014084152069429439	0.019916885998177463	-0.015538737722822812	3.2574585648097916e-06	0.003631019870022753	-0.013408373369888085	0.019201229989031086	-0.0034310813595826144	-0.007500375016479311	0.004635421755564479	0.0	0.0	0.0	0.0	0.0	0.0	0.0	0.0	0.0	0.0	0.0	0.0	0.0	0.0	0.0	0.0	0.0	0.0	0.0	0.0	0.0	0.0	0.0	0.0	0.0	0.0	0.0	0.0	0.0
G1-135	-0.034886855295143224	0.2691452762857602	0.29100685814290767	-0.027124800514753782	0.3252756065784361	-0.22606766752543017	-0.08115220045941016	-0.11146302608772067	-0.07636710710703923	0.07518251507971078	-0.01133576525887486	-0.06412706007438854	-0.003762562078450109	-0.04076412809435487	-0.0114184607812991	-0.011605026500250953	-0.005518629283233526	0.0064880436684350016	0.009351965516348709	-0.009153381135256827	0.00304342130446064	-0.0038516531824577403	-0.0018584232659961796	0.0022707214304154397	-0.00020764409102143553	0.0	0.0	0.0	0.0	0.0	0.0	0.0	0.0	0.0	0.0	0.0	0.0	0.0	0.0	0.0	0.0	0.0	0.0	0.0	0.0	0.0	0.0	0.0	0.0	0.0	0.0	0.0	0.0	0.0
G1-136	-0.006971000464843453	-0.04278161633106244	-0.025617168381276735	-0.26318899228460657	-0.05482542901774847	-0.16062994044318316	-0.07390841848103669	0.14206093644806017	0.017413931780725065	0.055630142747762186	-0.0384606373760109	-0.10699601491676003	0.03507793378997856	0.08806486565831174	0.010133401945836847	-0.004227078856712395	0.016248634754330877	-0.027633195772842425	0.00010158255682591878	0.0055011398801682624	0.002011598902102014	-0.005756556020993765	0.0029804663060065163	-0.002908376980706719	0.00024293269125608792	0.0	0.0	0.0	0.0	0.0	0.0	0.0	0.0	0.0	0.0	0.0	0.0	0.0	0.0	0.0	0.0	0.0	0.0	0.0	0.0	0.0	0.0	0.0	0.0	0.0	0.0	0.0	0.0	0.0
G1-138	-0.11259606532570215	0.5500201873838662	0.17084148243051267	0.02492001507396815	-0.24693400999621923	-0.042629964194223394	0.01264738428681974	0.028145526261795718	-0.06107087281189292	-0.07390504831785215	-0.02805406067090819	-0.041375582712465046	0.00440976412898535	0.01925900690024667	-0.016035052276812057	0.004046113755200439	0.006210484805275041	-0.01652659945190186	-0.0023301961479994804	-0.011760591419877254	-0.0030482778136721746	-0.0011370596798512048	-0.002061935377583558	0.00012187619835266918	0.0013339113662574923	0.0	0.0	0.0	0.0	0.0	0.0	0.0	0.0	0.0	0.0	0.0	0.0	0.0	0.0	0.0	0.0	0.0	0.0	0.0	0.0	0.0	0.0	0.0	0.0	0.0	0.0	0.0	0.0	0.0
G1-14	0.05938763279786595	0.15320410698296388	0.12217525612226512	0.11920507644441754	-0.12210208057044672	-0.14489436631087602	-0.061747786333571614	0.06620538176259809	0.035459788152046645	0.055843631930434505	-0.04108882866237947	0.025417434130882637	0.048594226975064624	0.03907098703565663	0.06408542495230478	0.00787255176175567	0.01851346548028492	-0.018298754656276242	0.003332031781145512	0.021006301665017355	0.009183468150957125	0.0075942976097750255	-0.004167299079273702	-0.00543469269235302	0.0013476953072310068	0.0	0.0	0.0	0.0	0.0	0.0	0.0	0.0	0.0	0.0	0.0	0.0	0.0	0.0	0.0	0.0	0.0	0.0	0.0	0.0	0.0	0.0	0.0	0.0	0.0	0.0	0.0	0.0	0.0
G1-15	0.2055889456653434	0.07643236199062035	0.04890890107622818	-0.004706006923734755	0.2061253637355901	-0.09995110464050648	-0.03177141408572814	0.07909767828945757	-0.026497613584945855	0.03617769238848666	-0.014408970476139229	0.12710985470747121	0.004450542847356582	0.04983004097151046	-0.016824396889847736	-0.04954625466503332	0.035303972981214536	0.012751566968831582	0.01891814280501352	0.007694541235805292	-0.010406826397464262	-0.01110139976618842	0.009129748840305204	0.004129433318157154	0.002389155788725423	0.0	0.0	0.0	0.0	0.0	0.0	0.0	0.0	0.0	0.0	0.0	0.0	0.0	0.0	0.0	0.0	0.0	0.0	0.0	0.0	0.0	0.0	0.0	0.0	0.0	0.0	0.0	0.0	0.0
G1-157	-0.19359394217369455	-0.23728245180383836	0.13162500510136405	-0.2232365045485546	-0.06246063081626454	0.0027380530629325856	0.040743471679805306	-0.10516121453248486	-0.023448066118037292	-0.043565238759666884	-0.05408297030650093	0.0046610303517086145	-0.061501516212431155	0.06259612487870528	-0.028757632971288416	-0.0062891894553156885	0.009095684861321462	0.002396368439241779	-0.0012872638278527751	-0.0059867293430972395	0.008151897001450907	-0.009951197639620522	-0.0025385032975264884	0.0010587568141623219	0.0024255144358010074	0.0	0.0	0.0	0.0	0.0	0.0	0.0	0.0	0.0	0.0	0.0	0.0	0.0	0.0	0.0	0.0	0.0	0.0	0.0	0.0	0.0	0.0	0.0	0.0	0.0	0.0	0.0	0.0	0.0
G1-158	-0.12616581389974238	-0.11029445950542102	0.2639569368596725	0.022944291521541815	0.010287943821046548	0.2651927626517112	-0.03550146130249545	-0.057871802962341644	-0.02474325575764206	0.11478021418184206	-0.07393131159593687	0.0069680426217291185	0.06668364601989478	-0.02404402687292351	-0.02757780379890997	0.016897809159601578	0.020521215140195996	-0.04210188166307712	-0.014659200688880759	-0.0027503357170355416	-0.0013726582605080749	-0.006844815668786078	-0.00017744776695406635	-0.0005324592013090262	-0.0009937468032778563	0.0	0.0	0.0	0.0	0.0	0.0	0.0	0.0	0.0	0.0	0.0	0.0	0.0	0.0	0.0	0.0	0.0	0.0	0.0	0.0	0.0	0.0	0.0	0.0	0.0	0.0	0.0	0.0	0.0
G1-159	-0.15030575021082526	-0.17687953944011456	0.23332048376267978	-0.04976657366873658	-0.03849252655503789	0.1650853689015597	-0.04068232114063519	0.007893366123933949	-0.04036597674790995	0.056943734614352814	-0.0038489005334343034	-0.053443597166816986	-0.00029470594571084143	-0.05072856603452058	0.0062388215035889295	-0.0384738374973744	-0.03736060770726797	0.014823914751332695	0.004488470463570452	-0.02042272282449876	-0.007116625995779935	0.006724172132697949	-0.007016735634710287	-0.01045441036532113	-0.0033220260720921765	0.0	0.0	0.0	0.0	0.0	0.0	0.0	0.0	0.0	0.0	0.0	0.0	0.0	0.0	0.0	0.0	0.0	0.0	0.0	0.0	0.0	0.0	0.0	0.0	0.0	0.0	0.0	0.0	0.0
G1-161	-0.34715538746940194	-0.17482178222888597	-0.06727076700744732	-0.20284652246835416	-0.08878296660822299	-0.15463516924956405	0.05674279250114641	-0.10173302461443616	-0.09306721921403284	0.02276036897260363	-0.033242874260559496	0.021753889759799375	0.00305071171913802	-0.008708648799617422	-0.01717573716462173	-0.005928259124714412	-0.006893709404442994	0.01194685070329612	0.003020525843846183	0.0013987013536277747	0.015509988622950768	0.028406257431548596	0.013200602984873131	0.00034559563902476943	0.007421305021089092	0.0	0.0	0.0	0.0	0.0	0.0	0.0	0.0	0.0	0.0	0.0	0.0	0.0	0.0	0.0	0.0	0.0	0.0	0.0	0.0	0.0	0.0	0.0	0.0	0.0	0.0	0.0	0.0	0.0
G1-162	-0.35789651121775884	-0.18311799148698643	-0.08169476573728314	-0.20735120694340065	-0.08003691994307417	-0.15558714648482191	0.05246484502803719	-0.09569303726862693	-0.08016176215414306	0.0034449296144773585	-0.029582532852646122	0.025887557915990053	0.012234769897894238	-0.002160002905846983	-0.02004344594820498	0.003171655614877487	0.009682495290362686	0.0213207179105278	-0.01528199392040991	0.00459945537510164	-0.013880660639882166	-0.014183520224603148	-0.011031614457693219	-0.0008855583028467147	-0.007779020569885512	0.0	0.0	0.0	0.0	0.0	0.0	0.0	0.0	0.0	0.0	0.0	0.0	0.0	0.0	0.0	0.0	0.0	0.0	0.0	0.0	0.0	0.0	0.0	0.0	0.0	0.0	0.0	0.0	0.0
G1-177	0.2800414039814336	-0.12771249978476054	-0.031849010264173166	0.06251546507869185	0.07167436905907959	0.16468880289974164	0.05906874607896907	-0.05590228319100847	0.025036011769264704	-0.08798263636573897	-0.06924808543498505	0.00690640220523646	-0.023733249237648663	0.03848052451682277	0.04701740621180866	0.010729869375775877	-0.009738077145597691	-0.011130665841808973	0.014526798205801295	0.019766258827227816	0.01853253111331993	0.004343086690939988	-0.0012684282681321164	0.0021695483217611037	-0.0005828376774927658	0.0	0.0	0.0	0.0	0.0	0.0	0.0	0.0	0.0	0.0	0.0	0.0	0.0	0.0	0.0	0.0	0.0	0.0	0.0	0.0	0.0	0.0	0.0	0.0	0.0	0.0	0.0	0.0	0.0
G1-178	0.16732055045805871	-0.22420806333665463	-0.01394174421373952	-0.06251853365081379	0.007879779858084506	0.08499002959539473	0.0035442890305106504	0.04265087562208071	-0.03251731477138959	-0.0928671771254126	0.024580008416774737	0.00011584063873119259	-0.0895866935956575	0.00697830211544797	0.018357678405199546	0.009676749988833352	-0.02300213012411976	-0.012260013575102875	0.0017275849600009454	0.0034544321811169217	0.010379334601146446	0.0026398915118102514	-0.007706533011888624	-0.0068168974377694185	-0.0016070705069790665	0.0	0.0	0.0	0.0	0.0	0.0	0.0	0.0	0.0	0.0	0.0	0.0	0.0	0.0	0.0	0.0	0.0	0.0	0.0	0.0	0.0	0.0	0.0	0.0	0.0	0.0	0.0	0.0	0.0
G1-19	-0.15893358020544687	-0.017509844980687386	0.2984257659996711	0.1192943932997747	-0.16893235483559238	0.03880894482799925	-0.03067355117713089	-0.0008214463573771864	0.055489994771925594	-0.15856043003190254	-0.07951526088656982	0.0018023595437201834	-0.03418422534541117	-0.013726658134781671	-0.0296919846603249	-0.014886125222918435	-0.0007131184864941966	-0.000400694951812628	0.003603436025804963	0.01114564249761557	0.011754904807000272	0.0016002469207731457	-0.0003906871964327789	-0.002371242086043235	-0.0005510068851916904	0.0	0.0	0.0	0.0	0.0	0.0	0.0	0.0	0.0	0.0	0.0	0.0	0.0	0.0	0.0	0.0	0.0	0.0	0.0	0.0	0.0	0.0	0.0	0.0	0.0	0.0	0.0	0.0	0.0
G1-193	0.008550488689534735	-0.19102525761853603	-0.06195110628089417	-0.22441952704755824	-0.12624276742789486	-0.149690608198814	0.03113240571488527	-0.022436513816145514	0.1635671297222245	0.0754716785239878	0.04388275260504979	0.029434118187191445	-0.03885992647377781	-0.019645983418847674	-0.01686995766771518	-0.013410133290336832	-0.004559976915706886	-0.014194518241380726	-0.01599332663943802	-0.018138445031552798	-0.0006906140961025598	0.0019745838252146737	-0.005673501943591868	-0.0021212458572381714	0.0021365648819477844	0.0	0.0	0.0	0.0	0.0	0.0	0.0	0.0	0.0	0.0	0.0	0.0	0.0	0.0	0.0	0.0	0.0	0.0	0.0	0.0	0.0	0.0	0.0	0.0	0.0	0.0	0.0	0.0	0.0
G2-194	0.18651139593682856	-0.14908566387851788	-0.13609149438891432	-0.05187048837651158	-0.0702421481159077	-0.041640840931504115	-0.038141562590635864	0.027758782854823656	0.02930841568381826	0.015513409062118788	0.05357317774651026	-0.01809802031224306	-0.06750405001643411	-0.05313954696581035	0.012502688568173471	-0.025841340419258448	-0.05586656958506731	0.0016627473023601942	-0.013846082346089788	-0.0029200527168927607	-0.015332544371993311	0.008059030769139962	0.007322731366981343	0.002282819697661246	-0.002019757642464889	0.0	0.0	0.0	0.0	0.0	0.0	0.0	0.0	0.0	0.0	0.0	0.0	0.0	0.0	0.0	0.0	0.0	0.0	0.0	0.0	0.0	0.0	0.0	0.0	0.0	0.0	0.0	0.0	0.0
G2-41	-0.044242063877001	-0.20905737815882006	0.14963048447772953	-0.08316225101593581	-0.03615413589512826	0.059636478125114585	0.018927871798482168	0.04354396263457853	0.00980132065879349	0.018226712755906784	0.039531031812922855	-0.01914183437198478	0.011429335858148041	0.023627343640350854	-0.013171725612590062	-0.0007559147277335104	0.0005194489981783613	-0.010601784420419988	-0.0009403951536750192	0.017960268658919344	0.013525445338993112	0.03628038214031954	0.024004534063053685	0.0072415721496690184	-0.005860471393092801	0.0	0.0	0.0	0.0	0.0	0.0	0.0	0.0	0.0	0.0	0.0	0.0	0.0	0.0	0.0	0.0	0.0	0.0	0.0	0.0	0.0	0.0	0.0	0.0	0.0	0.0	0.0	0.0	0.0
G2-410	-0.43397092882627036	0.12034624637096132	-0.072714730394199	0.29737039847427593	0.0797641318436853	-0.018035471210194984	0.05064547345163581	-0.04531550918702743	-0.00041756565563892125	0.00462740241337975	0.06494325281805566	0.009410607452711512	0.010446178580299146	0.05291775364903513	0.056284614074670454	-0.008021581328140714	-0.02122405906477924	0.011408110362601016	-0.05128788061640346	0.016393720746717848	0.009677891607625087	-0.010665890125277282	-0.0025197348932811604	-0.0023477290670146944	0.003888996520338771	0.0	0.0	0.0	0.0	0.0	0.0	0.0	0.0	0.0	0.0	0.0	0.0	0.0	0.0	0.0	0.0	0.0	0.0	0.0	0.0	0.0	0.0	0.0	0.0	0.0	0.0	0.0	0.0	0.0
G2-411	-0.4234567546659802	-0.0474864934536394	-0.08640474146962925	0.14784586805602185	0.04282570639923672	0.001971370724416355	-0.06193246133863244	0.036014739643187826	-0.021088623206687394	-0.006259126682761681	0.046267761549298014	-0.04562795880276542	-0.05076833558714243	-0.059363149188755474	0.015192045208657096	-0.02864994409694812	0.01834854093556931	0.017161376570081075	0.011722463151680289	0.011282213988681128	-0.00525509984750325	0.0030992241359159983	-0.00425942377239591	-0.007132436588986599	0.0014669942559838503	0.0	0.0	0.0	0.0	0.0	0.0	0.0	0.0	0.0	0.0	0.0	0.0	0.0	0.0	0.0	0.0	0.0	0.0	0.0	0.0	0.0	0.0	0.0	0.0	0.0	0.0	0.0	0.0	0.0
G2-412	-0.415072581679696	0.0194539162449542	-0.08528078017461045	0.22289840143776504	0.060691248542514106	0.007256361609085595	-0.05066768102502999	-0.017864899871849818	0.004543587054806136	0.01090588026360313	0.013821064641614419	0.004460009552209051	-0.018156240390211246	-0.028366116479234173	0.01847947751209427	0.018635796460052707	0.02910562041750522	-0.040553601305349025	-0.011585149528164302	-0.028224911935241567	0.011726989959452084	-0.0038211629015565554	0.01178278645479687	0.009398031914897121	-0.0038291852300496457	0.0	0.0	0.0	0.0	0.0	0.0	0.0	0.0	0.0	0.0	0.0	0.0	0.0	0.0	0.0	0.0	0.0	0.0	0.0	0.0	0.0	0.0	0.0	0.0	0.0	0.0	0.0	0.0	0.0
G2-413	0.058934824859533594	0.21069449142711888	0.20715577465931742	0.2110400421731475	-0.2553945575331554	-0.13918644381163484	0.10071639434238167	-0.016503519490819955	0.15296708817514454	0.0012292423409452165	0.08614233817873442	-0.06678095884746023	0.009002634143625498	-0.019996595961440256	-0.04537443385447353	0.034274655095416495	0.0024370487031760203	-0.006573519143114412	0.00937914558281675	0.018882105392036958	-0.02313366119388648	-0.00023333142073262024	0.006211742347473699	0.0023732577607117156	-0.00011922639496802562	0.0	0.0	0.0	0.0	0.0	0.0	0.0	0.0	0.0	0.0	0.0	0.0	0.0	0.0	0.0	0.0	0.0	0.0	0.0	0.0	0.0	0.0	0.0	0.0	0.0	0.0	0.0	0.0	0.0
G2-414	0.23875316768054447	-0.018428779515758668	-0.06158548120215456	0.1269552846089914	-0.014807110620309243	0.017186029107078973	-0.00024878532764928933	-0.05085210232030099	-0.03697873872139122	0.08288064618065884	0.03222349552057563	-0.10145726691896137	-0.03148230756752186	0.11394751792594163	-0.04649304687952401	0.03579582338981002	-0.006012652117928136	0.038311072387519865	-0.01801231534850985	0.0047941681503379345	0.02409392789965815	-0.0057457020790693935	0.0031989427673981296	-0.003343323676185619	-9.013015884412958e-06	0.0	0.0	0.0	0.0	0.0	0.0	0.0	0.0	0.0	0.0	0.0	0.0	0.0	0.0	0.0	0.0	0.0	0.0	0.0	0.0	0.0	0.0	0.0	0.0	0.0	0.0	0.0	0.0	0.0
G2-415	0.2194541056455078	0.16314928145569058	0.14249522439780352	-0.0880433432973357	0.3328699487202969	-0.18885155259347736	0.020235893415624255	0.034904204609222104	0.08535361142379252	0.035394253572382364	0.07402519645067014	0.04855202676658121	0.010582698077752403	-0.039987954874591704	0.02015389848749213	0.01368163968353503	0.007175598307908991	0.00963941328602415	0.002547953261974749	-0.0058253425566916405	0.02622474514434446	0.007719406975127913	-0.007623138710047321	-0.0009127758100870049	-0.002728703770566451	0.0	0.0	0.0	0.0	0.0	0.0	0.0	0.0	0.0	0.0	0.0	0.0	0.0	0.0	0.0	0.0	0.0	0.0	0.0	0.0	0.0	0.0	0.0	0.0	0.0	0.0	0.0	0.0	0.0
G2-416	0.0672329866088397	0.18518033835229933	0.4175170825462503	-0.2148506467339693	0.4723880873438412	0.04498200029697237	0.008798495400119328	-0.03220120718351044	0.08377743840694421	-0.0918563062090034	-0.01750258589433492	-0.019483367083100247	-0.05563718403184315	0.006485530553111902	-0.004874193269170879	0.009617603129877295	-0.00904089747884121	-0.0018558331754940424	-0.0011005705376560889	0.0029944438506074537	-0.005943229421844293	-0.001714100762967161	0.003299282523024735	0.0010367755562797792	0.00023706073366706144	0.0	0.0	0.0	0.0	0.0	0.0	0.0	0.0	0.0	0.0	0.0	0.0	0.0	0.0	0.0	0.0	0.0	0.0	0.0	0.0	0.0	0.0	0.0	0.0	0.0	0.0	0.0	0.0	0.0
G3-417	0.34215971328780254	0.04685007271670371	-0.08168213142953881	0.03727237369856748	0.18368445286225177	-0.10536828724680894	-0.0022503411866792006	-0.04703208022614919	-0.05384149180575787	-0.030783748183674037	-0.06296688574530586	-0.028005947557871988	0.046527096917472185	0.012810071864051326	0.02892368660291647	0.004600898362511131	-0.05050740411398458	-0.00010817558013958141	-0.020957943544703473	0.007258606004720387	-0.010942048750721725	0.0010007378107908485	-0.0007543721988849222	-0.0008275167721984437	0.002072137893994896	0.0	0.0	0.0	0.0	0.0	0.0	0.0	0.0	0.0	0.0	0.0	0.0	0.0	0.0	0.0	0.0	0.0	0.0	0.0	0.0	0.0	0.0	0.0	0.0	0.0	0.0	0.0	0.0	0.0
G3-418	0.19637929742668647	-0.03423464447167051	-0.03706177245886948	-0.020810995203163186	0.10466181918381949	-0.11701143548165485	-0.13278713568846542	0.06682092871830878	-0.06539678221873833	-0.05036726725648082	0.009112716113695496	0.0031881469692912772	0.027033707605145642	-0.0177877327183893	-0.044293049825563265	0.011552822166672236	-0.0023260228576827626	-0.0009875304758103934	-0.022555003127415502	-0.004942942582929006	-0.016302941959645687	0.009380878127692475	0.0006964568733420531	-0.003519053446124921	-0.00021034488518457885	0.0	0.0	0.0	0.0	0.0	0.0	0.0	0.0	0.0	0.0	0.0	0.0	0.0	0.0	0.0	0.0	0.0	0.0	0.0	0.0	0.0	0.0	0.0	0.0	0.0	0.0	0.0	0.0	0.0
G3-419	0.09102422878021932	0.11852463924812141	0.14954904900115634	0.24863096156604908	-0.18222028067056506	-0.1189475277426284	0.11130637260893475	0.025116436034367508	-0.010906136942090989	-0.04607590257999462	0.021407682502948146	0.04624399693948813	0.035054448612942636	-0.03540104195456069	-0.009815273654839984	0.004045539171658197	-0.02691304632404384	0.03052737878101947	0.023011232563564316	-0.018087597574752694	0.028073799376861837	-0.009688851825368536	-0.0031874046720651414	0.00369624488836193	-8.77532390746296e-05	0.0	0.0	0.0	0.0	0.0	0.0	0.0	0.0	0.0	0.0	0.0	0.0	0.0	0.0	0.0	0.0	0.0	0.0	0.0	0.0	0.0	0.0	0.0	0.0	0.0	0.0	0.0	0.0	0.0
G3-42	0.030483475430471443	-0.23667572638573328	0.08017523879050141	-0.12020914767055968	-0.02016384692651335	0.021711997952580397	0.05067340596304729	0.06557023849998546	0.027870280539474785	-0.04281444866240207	0.020454947412387233	0.04286827720234962	0.021188638378808595	0.05255840368146943	0.005287829793660208	-0.02673260452267375	0.0009469884381658469	-0.0006320257620681278	0.024297953380381716	-0.036945611040817256	0.013288615888614116	-0.01048473562751736	0.009337457623477244	-0.010600735812954454	0.0011576431814197688	0.0	0.0	0.0	0.0	0.0	0.0	0.0	0.0	0.0	0.0	0.0	0.0	0.0	0.0	0.0	0.0	0.0	0.0	0.0	0.0	0.0	0.0	0.0	0.0	0.0	0.0	0.0	0.0	0.0
G3-420	0.19949228947463557	-0.1268213525930518	-0.1346200770691964	0.07596766983766584	-0.020205249697494893	-0.009576596395330952	-0.0503631147751168	-0.05804240421634865	-0.03369363293533947	-0.057241506141034244	-0.007255177625020231	-0.03262353204489583	0.07658964106168117	-0.01809834628543738	-0.015393855691487794	-0.026266805875540266	0.007612268258297002	-0.007662230413538436	0.00097580601440381	0.006409232439158672	0.017799456478189386	0.016605130517389474	-0.02374998722766136	0.013601681538596717	-9.889924914339566e-05	0.0	0.0	0.0	0.0	0.0	0.0	0.0	0.0	0.0	0.0	0.0	0.0	0.0	0.0	0.0	0.0	0.0	0.0	0.0	0.0	0.0	0.0	0.0	0.0	0.0	0.0	0.0	0.0	0.0
G3-421	0.1135006965031233	-0.07899393378876456	-0.0032728097341408317	0.16048506660831163	-0.04605714259227434	-0.0036216415382344866	-0.06669069721989887	-0.017144863161834483	-0.09729516774454133	0.0134794271283994	0.023701193671131653	0.027919301737215744	-0.06382061446846364	-0.023081411911360896	0.02849494277994206	0.055755241673080456	0.03325776885600698	0.0002951937933960337	0.0157184429900231	-0.048094423063200165	-0.0008053194616740787	0.014612321491852794	0.0004914455823903733	0.002525565081346462	-0.0006950367778531463	0.0	0.0	0.0	0.0	0.0	0.0	0.0	0.0	0.0	0.0	0.0	0.0	0.0	0.0	0.0	0.0	0.0	0.0	0.0	0.0	0.0	0.0	0.0	0.0	0.0	0.0	0.0	0.0	0.0
G3-422	0.21092395102080988	-0.13982856682817585	-0.14360050458994478	0.07730885027389299	-0.004577541129430958	-0.00377046335749593	-0.03651379876334865	-0.05313103308393112	-0.03602949657000268	-0.07286116296518907	-0.0178015916510758	-0.02122888820017505	0.07606099056451622	-0.034116319440334955	-0.001135409055984268	-0.022723262650342278	0.01839746236994521	-0.010821871993896766	0.00938509954582906	-0.0067420123557848915	0.00316356287862805	-0.01452742629957323	0.01353460835072469	-0.00714433621937349	-0.00047228207769383875	0.0	0.0	0.0	0.0	0.0	0.0	0.0	0.0	0.0	0.0	0.0	0.0	0.0	0.0	0.0	0.0	0.0	0.0	0.0	0.0	0.0	0.0	0.0	0.0	0.0	0.0	0.0	0.0	0.0
G3-423	0.20659147224548596	-0.00646468685078373	-0.028845275943694702	0.17397756328746264	0.007335823121976922	-0.0004861269270555155	0.06409777016687779	-0.039428248237693024	-0.1646427137633527	0.06970914039053801	0.08378115035515507	0.04643297674456874	-0.0767163539061686	-0.01261264679904808	-0.03216280573264279	-0.0382722539257356	-0.009732081103443545	-0.06013056591381161	0.015962869611149098	0.04567058408256421	-0.00018560950174451913	-0.011974016972940454	-0.00018486189686625664	0.0029260782773412462	0.00022988033611871428	0.0	0.0	0.0	0.0	0.0	0.0	0.0	0.0	0.0	0.0	0.0	0.0	0.0	0.0	0.0	0.0	0.0	0.0	0.0	0.0	0.0	0.0	0.0	0.0	0.0	0.0	0.0	0.0	0.0
G3-424	0.11578616520493532	0.154050903030596	0.1513162924195509	0.21937522147442443	-0.1284258750830134	-0.12286674563601875	0.056952264592645095	0.050047314919340835	-0.04570150472609085	-0.058077817060439574	-0.0022551267173795434	0.04672658771531913	-0.0018308702282044654	0.020303369706220563	0.00666513153439694	-0.03417797309861742	0.006328162769079744	-0.0037660322531259736	-0.03380617108251915	-0.007979772578891813	-0.020067573252595214	0.007950679445995536	0.0009515236845174744	-0.006211568326265415	-0.0016106002113474452	0.0	0.0	0.0	0.0	0.0	0.0	0.0	0.0	0.0	0.0	0.0	0.0	0.0	0.0	0.0	0.0	0.0	0.0	0.0	0.0	0.0	0.0	0.0	0.0	0.0	0.0	0.0	0.0	0.0
G3-425	0.2700251391923884	0.002970139638089204	-0.18371377786632398	0.0378923939201457	-0.030485587939988346	0.019314553353422508	0.0005636316847402102	-0.004027768448059462	0.06717340076800327	0.0645465587933031	-0.09452515665789614	0.01173028951181695	-0.01655969990282203	-0.01614022827971638	0.01341811019836078	-0.003022662785077725	-0.02245007395228814	-0.004928083535333737	0.010844622595131047	0.011774651481943158	0.004211011403265435	0.013801127664718162	-5.766436498709737e-05	0.006199127071056719	0.005379755803619933	0.0	0.0	0.0	0.0	0.0	0.0	0.0	0.0	0.0	0.0	0.0	0.0	0.0	0.0	0.0	0.0	0.0	0.0	0.0	0.0	0.0	0.0	0.0	0.0	0.0	0.0	0.0	0.0	0.0
G3-426	0.23297671916897264	-0.034923105735393395	-0.1693702660963193	-9.081493896555447e-05	-0.048145359207890155	0.01625091809942788	-0.05586215957859547	0.03232974467100784	0.0766689504232946	0.041750214242924244	-0.031167368886104656	0.035004188866272816	-0.05576532555825656	-0.055848207356256785	-0.02982278957440587	0.027406991028464677	0.019196749084334615	-0.03206367269478465	-0.03730542404622218	-0.006896241569365386	0.031558366144447764	-0.013385359849968678	-0.006086028229085204	-0.008916871387175304	0.0011049304055691536	0.0	0.0	0.0	0.0	0.0	0.0	0.0	0.0	0.0	0.0	0.0	0.0	0.0	0.0	0.0	0.0	0.0	0.0	0.0	0.0	0.0	0.0	0.0	0.0	0.0	0.0	0.0	0.0	0.0
G3-427	0.26455137109777455	-0.0595782392926764	-0.15059707729919297	0.09025528942259302	-0.008972749767279293	0.011315482344410642	-0.016950947189673923	-0.08168083351497334	0.060091172110519356	0.02045900324140755	-0.02108452351961093	-0.0029152367606365033	0.02680827139990194	0.007060300332893585	0.019921103120304873	-0.020179519198204387	-0.0031903798085954433	0.002123699700591946	0.007322205124707039	0.008039014972768845	-0.0035846501622660075	-0.010101719326392675	0.02051310193347926	-0.0012360624014088291	-0.006482090636453512	0.0	0.0	0.0	0.0	0.0	0.0	0.0	0.0	0.0	0.0	0.0	0.0	0.0	0.0	0.0	0.0	0.0	0.0	0.0	0.0	0.0	0.0	0.0	0.0	0.0	0.0	0.0	0.0	0.0
G3-428	0.23912533381453058	-0.07940497993936363	-0.1135288106401855	0.078692771932556	-0.01261665542641497	0.035877664291734425	-0.05192667144869288	-0.06557888396614596	0.07505714551897072	0.0305182081833357	-0.01835139600938305	0.023139698861710897	-0.025844587445011703	0.037908421739388624	-0.032687843691093586	0.010440460517563893	-0.013866989136847422	0.007598029055645944	0.004413000686521303	-0.023611338691819594	-0.028712608168543746	-0.004846720656692277	-0.0031024102477317855	0.0047695594219152124	0.009541961233730118	0.0	0.0	0.0	0.0	0.0	0.0	0.0	0.0	0.0	0.0	0.0	0.0	0.0	0.0	0.0	0.0	0.0	0.0	0.0	0.0	0.0	0.0	0.0	0.0	0.0	0.0	0.0	0.0	0.0
G3-429	0.3556585874605026	-0.0028469405144603364	-0.16744487868902666	0.09801194472754737	0.048270899224663155	0.03482018051986575	0.12345033129947286	-0.10938968262611382	0.024462646919365297	-0.04580208170710971	0.02337163555769733	-0.09237217471068239	0.028542394683838346	-0.039528280817469674	0.01382153023205791	-0.03144178397553825	0.0556380153408445	-9.87995591131542e-06	0.008132931059574312	-0.026010799840198336	-0.004933097379350155	0.001810707680015196	0.0004356224661857567	-0.002550055058647564	0.0035421929035471087	0.0	0.0	0.0	0.0	0.0	0.0	0.0	0.0	0.0	0.0	0.0	0.0	0.0	0.0	0.0	0.0	0.0	0.0	0.0	0.0	0.0	0.0	0.0	0.0	0.0	0.0	0.0	0.0	0.0
G3-43	-0.0493867609960681	-0.18594972972007442	0.18494848566069955	-0.023902990755298184	-0.04188980959168523	0.09732481536370446	-0.01807387668333034	0.04242534194244499	-0.0021964580918282955	0.04494762414010323	0.04810431458752239	-0.02369763842050069	0.010323840056644863	-0.02943487836164963	0.006446488547747349	0.01161334867321381	0.011522296829749892	-0.004681168259302292	0.02869459381843131	0.039657313473755784	0.002063874317543326	-0.004329838131556184	-0.009359044613788323	-0.010061081389043276	0.003885681440093369	0.0	0.0	0.0	0.0	0.0	0.0	0.0	0.0	0.0	0.0	0.0	0.0	0.0	0.0	0.0	0.0	0.0	0.0	0.0	0.0	0.0	0.0	0.0	0.0	0.0	0.0	0.0	0.0	0.0
G3-430	0.2711280566092831	-0.06521177444383225	-0.14358456852576434	0.08221752786207862	-0.003355538953101895	0.02932406637326771	-0.027537244209442632	-0.07866502773688208	0.08152992368873564	0.01883594064476172	-0.024266573812799563	0.00659781070838245	-0.006534869879565188	0.024783140231911263	0.017179868403699932	-0.006541270386611278	0.018062706004933177	0.022116059823839337	0.0030432922530426094	0.011178799904750295	-0.021550665448419194	0.003467331932868738	-0.010227072057343271	-0.00454878074188319	-0.00979684201388944	0.0	0.0	0.0	0.0	0.0	0.0	0.0	0.0	0.0	0.0	0.0	0.0	0.0	0.0	0.0	0.0	0.0	0.0	0.0	0.0	0.0	0.0	0.0	0.0	0.0	0.0	0.0	0.0	0.0
G3-44	-0.0122687696872055	-0.23697236845172454	0.11613071976018191	-0.11740915817139023	-0.02953845807526217	0.04226011623066474	0.036949523066858316	0.06055282207823542	0.039789812519051206	-0.010880813943673505	0.03467542604347806	0.01091600526625235	0.04461411122449867	0.03744867219437687	-0.004759604386992297	-0.006143614998198918	0.005270445994894843	-0.01938908031958331	0.006500231903523635	-0.003170365892542342	-0.01103360947959785	-0.002225029553923033	-0.019919718156365708	0.016831247170903146	-0.002256996570425496	0.0	0.0	0.0	0.0	0.0	0.0	0.0	0.0	0.0	0.0	0.0	0.0	0.0	0.0	0.0	0.0	0.0	0.0	0.0	0.0	0.0	0.0	0.0	0.0	0.0	0.0	0.0	0.0	0.0
G3-45	0.10923272278601057	-0.10087333867916294	0.1898192559128392	0.0764156102980971	0.03531004178511915	0.21093800903879922	0.14454042336177714	0.046911304778285916	-0.04062859184353932	0.11571352909249487	0.013913706237238862	0.04459702743843483	0.08371522688376982	0.010020145202608254	-0.00541276451980258	0.0046034562262171185	-0.024107020319749754	0.02428979985838232	-0.02174994731758426	-0.02188108472777772	0.00021670275449075217	0.008539730225742727	-0.0031972840112283827	-0.004074899742980046	-0.00012748896555171054	0.0	0.0	0.0	0.0	0.0	0.0	0.0	0.0	0.0	0.0	0.0	0.0	0.0	0.0	0.0	0.0	0.0	0.0	0.0	0.0	0.0	0.0	0.0	0.0	0.0	0.0	0.0	0.0	0.0
G3-46	0.14522487094738884	-0.2048424718656687	0.05157702688834536	-0.010022867683842546	0.02297432156214728	0.15368442105083757	-0.020965610169369864	0.08744372301581048	-0.010250215376095079	-0.04604914319651006	0.00480545558302531	0.02511783978453091	0.007819987705077695	-0.03979772789560685	-0.024253055634655855	0.014702239210566957	0.015148011533102508	0.03010359689138877	-0.026015050717234343	0.013869305811557072	-0.025000281265809582	-0.006934411427329587	0.009277736761653929	0.004685836297553962	0.0019320838328733539	0.0	0.0	0.0	0.0	0.0	0.0	0.0	0.0	0.0	0.0	0.0	0.0	0.0	0.0	0.0	0.0	0.0	0.0	0.0	0.0	0.0	0.0	0.0	0.0	0.0	0.0	0.0	0.0	0.0
G3-47	-0.41026970189747347	-0.0695511701163052	-0.17942568224649214	0.10263418232663925	0.1448587299842418	0.06072453241586138	-0.06584040037759772	0.03612604817618652	0.04308458532415097	-0.06079377124798313	0.043736262896520536	0.017853638418137772	-0.0018790828375512818	0.03331592431535265	-0.03027578783889008	-0.01430917841133825	0.04132993528623252	0.03811395970064749	-0.03564847816599885	0.01668403757160431	0.010769778811525457	0.011316895765671202	-0.002764481492618655	0.002154050929290105	0.00021726407598262278	0.0	0.0	0.0	0.0	0.0	0.0	0.0	0.0	0.0	0.0	0.0	0.0	0.0	0.0	0.0	0.0	0.0	0.0	0.0	0.0	0.0	0.0	0.0	0.0	0.0	0.0	0.0	0.0	0.0
G3-48	-0.41749585836036657	0.031712112852817546	-0.084335767395712	0.23748155381087405	0.1099011199991195	0.055342625167662564	-0.024236360272183455	-0.05045647131745434	0.013802215728024585	0.032541492010728465	0.009307058047882235	0.03184871787925524	-0.02534915797958009	0.07975747207117138	-0.0007825410666162902	0.037613850191852455	-0.0012265518982192156	0.00925722020063081	0.05998727632589023	-0.004607596155971867	-0.02123306402020309	0.00890696890224575	-0.003952963697747732	-0.004595992258389405	-0.001438346705857747	0.0	0.0	0.0	0.0	0.0	0.0	0.0	0.0	0.0	0.0	0.0	0.0	0.0	0.0	0.0	0.0	0.0	0.0	0.0	0.0	0.0	0.0	0.0	0.0	0.0	0.0	0.0	0.0	0.0
G3-49	-0.3378180396116304	0.25419336158091693	-0.28679284028126856	0.03823316261865419	0.2254079272490616	0.041956256008151276	0.2505817530105084	0.15604884789868168	0.008126280616209673	0.04838532111746085	-0.14500987399507528	-0.04122977261560419	-0.042391081277856964	-0.05297534702194467	-0.015029646445507286	0.002989285903986722	0.01168710149343228	-0.0010600442024782403	0.0009294080413710172	0.0036678751912344407	-0.008193834339961294	0.0021389820033701087	-0.00036603645223480806	0.0007618715608923932	-0.001240878292682231	0.0	0.0	0.0	0.0	0.0	0.0	0.0	0.0	0.0	0.0	0.0	0.0	0.0	0.0	0.0	0.0	0.0	0.0	0.0	0.0	0.0	0.0	0.0	0.0	0.0	0.0	0.0	0.0	0.0

Biplot	0	0

Site constraints	0	0
