Eigvals	54
0.9021411241381537	0.4757819910382284	0.39800452450377544	0.2716596999907687	0.24379710631539503	0.20310237696004801	0.13434482595998476	0.12423168380650729	0.09391288721707472	0.08367497618903186	0.06318749474113314	0.05828457731052193	0.05327793202741592	0.0378594857592599	0.029014776340928597	0.022567869653311062	0.017663924917356313	0.010447477477019948	0.005185559493832148	0.003003058926417987	0.0021764802564366026	0.0014337589927859856	0.00036924298843303544	0.0003193155239554153	0.0	0.0	0.0	0.0	0.0	0.0	0.0	0.0	0.0	0.0	0.0	0.0	0.0	0.0	0.0	0.0	0.0	0.0	0.0	0.0	0.0	0.0	0.0	0.0	0.0	0.0	0.0	0.0	0.0	0.0

Proportion explained	54
0.2788308621098336	0.14705315963093865	0.12301395172182315	0.08396370182247108	0.07535202144647404	0.06277422605961826	0.04152286448331954	0.03839712720137562	0.029026291569378037	0.025861991127049677	0.01952978659526513	0.01801440872649025	0.016466970988408818	0.011701487462257406	0.00896779326936679	0.006975204192610806	0.0054595088076215235	0.003229072562869258	0.0016027359639195723	0.0009281757443656097	0.0006726994813001272	0.0004431415942801222	0.00011412442913646389	9.869300982659436e-05	0.0	0.0	0.0	0.0	0.0	0.0	0.0	0.0	0.0	0.0	0.0	0.0	0.0	0.0	0.0	0.0	0.0	0.0	0.0	0.0	0.0	0.0	0.0	0.0	0.0	0.0	0.0	0.0	0.0	0.0

Species	0	0

Site	54	54
G1-11	-0.07105177690438705	0.0005680667390444191	-0.0034552942630290896	-0.004644110145500732	0.007746008171791833	-0.034187831709242555	0.007287983098509832	0.02967050479702452	-0.004208803779878221	0.00010540784690800681	-0.003974161379832866	0.013703991691188869	-0.013938047626895562	-0.0014327034345843113	0.005528272348870384	-0.002501593717211954	0.0024831626137794068	-0.010565657030801768	-0.008990931355568669	0.001196865462260024	0.0013053823137296077	0.005719446087106568	0.004141996978705434	-0.001956896104384474	0.0	-0.0	0.0	0.0	0.0	0.0	0.0	0.0	0.0	0.0	0.0	0.0	0.0	0.0	0.0	0.0	0.0	0.0	0.0	0.0	0.0	0.0	0.0	0.0	0.0	0.0	0.0	0.0	0.0	0.0
G1-110	-0.10913660177199437	0.042191389565477265	0.013569369654576686	-0.033114555336743214	-0.07828272537970919	0.039178922950249793	-0.00888197218540893	-0.026888018735698516	0.01314947738649123	0.00957096445267131	-0.0076269645285161145	0.011392202353572538	-0.009681483621533019	-0.003227197276016238	-0.014640175590811625	-0.03830177632354409	0.018515393142711015	0.008263062988869727	-0.002697128566310224	0.0012139374099549693	-0.005038105159578667	0.005270564213840812	0.0014484148920024485	0.002708481313268502	-0.0	-0.0	0.0	0.0	0.0	0.0	0.0	0.0	0.0	0.0	0.0	0.0	0.0	0.0	0.0	0.0	0.0	0.0	0.0	0.0	0.0	0.0	0.0	0.0	0.0	0.0	0.0	0.0	0.0	0.0
G1-115	0.1739025957985311	-0.027710367835182218	0.14313439318356977	0.11385155228297232	-0.16581355588341665	-0.012271376035406142	-0.02434470455058975	0.009771955896322479	-0.09491836663772642	-0.054670025405163615	-0.013080238158535295	-0.008661242320754508	-0.0012185959405240296	-0.0747974473498786	0.04115626822077278	-0.0006708632546136253	-0.014676332921608741	-0.02595719337756247	0.018973559911480066	0.008748102607290142	0.0013888689288654255	-0.005745990956245474	-0.0014253901461246702	-0.0019127249294003598	-0.0	-0.0	0.0	0.0	0.0	0.0	0.0	0.0	0.0	0.0	0.0	0.0	0.0	0.0	0.0	0.0	0.0	0.0	0.0	0.0	0.0	0.0	0.0	0.0	0.0	0.0	0.0	0.0	0.0	0.0
G1-116	0.13090442381909143	-0.1382180429592129	-0.1588393340316726	0.013858969300690057	-0.04725377718351524	-0.012479753173484591	-0.07209050917320167	-0.14797765108723	-0.006230676950847418	0.00146030574496281	0.034837103280257804	-0.043819170965489346	-0.009425690137855079	-0.016413970551984347	-0.012425144038266032	0.01821698323037386	0.03241313010458308	-0.002865024139014457	-0.0003747289030074795	0.00040770835653612187	-0.006237832686957339	-0.0032042924359722276	-0.00022306326801637883	-0.0009333975340053238	-0.0	-0.0	0.0	0.0	0.0	0.0	0.0	0.0	0.0	0.0	0.0	0.0	0.0	0.0	0.0	0.0	0.0	0.0	0.0	0.0	0.0	0.0	0.0	0.0	0.0	0.0	0.0	0.0	0.0	0.0
G1-12	0.006610048482031939	0.047288927251443055	-0.16686567332607194	-0.053696527728617806	-0.0010816589818103946	0.036500061091927036	-0.05761133727683538	-0.013653110099912229	0.01001974920101118	0.0016276880949967498	0.006327191378225381	0.005246229281221205	-0.03449914731266211	-0.03909745231778327	0.01699097869441721	-0.00013859442356179718	0.006397311489763292	0.0025941170459746893	-0.006664850040068221	-0.00857192493936391	-0.012160243274617216	0.0027409547300888803	0.001258040967466025	0.0008556550450973911	-0.0	-0.0	0.0	0.0	0.0	0.0	0.0	0.0	0.0	0.0	0.0	0.0	0.0	0.0	0.0	0.0	0.0	0.0	0.0	0.0	0.0	0.0	0.0	0.0	0.0	0.0	0.0	0.0	0.0	0.0
G1-13	-0.08754231849869658	0.009627458366284414	-0.002792750949240114	0.005000606343104229	0.025421550036680944	-0.026789094411771616	-0.007629711418739433	0.04492806348266113	-0.00445124138347788	-0.03687473838811083	-0.0016139943644185941	-0.01688785709374005	-0.0035860389440280343	0.006125860200827263	-4.052296926611984e-06	0.014991594329337169	0.006909999576939234	-0.014742337134693946	-0.0004885073083595256	0.004917315512511284	0.005295521156718998	-0.011353873997868429	0.0015755138318485021	0.007006136805606175	-0.0	-0.0	0.0	0.0	0.0	0.0	0.0	0.0	0.0	0.0	0.0	0.0	0.0	0.0	0.0	0.0	0.0	0.0	0.0	0.0	0.0	0.0	0.0	0.0	0.0	0.0	0.0	0.0	0.0	0.0
G1-130	-0.08106899984069951	0.012880765598805162	-0.006722100280859574	0.013773299316132411	0.03443653717132813	-0.04079962766269003	-0.03301870837799553	0.07527155576751512	0.012773058039909265	-0.0020190258007597053	0.002010460441619846	0.0035465221589843017	0.052596099945807454	0.019593933151831694	-0.022078896070213967	-0.015227582338764787	-0.004223501784275392	-0.010579453335720917	0.010220615656648878	0.011120862784795507	0.0034331859102710678	0.004064678597005583	-0.0006959509199094301	0.0006458921793978459	-0.0	-0.0	0.0	0.0	0.0	0.0	0.0	0.0	0.0	0.0	0.0	0.0	0.0	0.0	0.0	0.0	0.0	0.0	0.0	0.0	0.0	0.0	0.0	0.0	0.0	0.0	0.0	0.0	0.0	0.0
G1-131	-0.0872153597924506	0.006684954700513938	-0.003721459212253378	0.0009557771585207166	0.02032867250962909	-0.02816058873906183	-0.0015208227374159994	0.047179236146119005	-0.0021603728092746233	-0.030874644356286632	0.005679063755265057	-0.00927707258634689	-0.003368659014118431	0.021622443966946382	-0.004427069024271011	-0.008821077647948174	0.007767185027341098	0.005575243647440674	0.01703532645653135	-0.0035285874527026116	0.004094376497763588	-0.0035769370813298527	0.00568301602204585	-0.0016632043230570114	-0.0	-0.0	0.0	0.0	0.0	0.0	0.0	0.0	0.0	0.0	0.0	0.0	0.0	0.0	0.0	0.0	0.0	0.0	0.0	0.0	0.0	0.0	0.0	0.0	0.0	0.0	0.0	0.0	0.0	0.0
G1-132	-0.0878925730879258	0.007960282017170042	-0.004045557830680382	0.001202102016932539	0.0235775778478495	-0.029056768052731927	-0.003794687264145677	0.0469708464917541	-0.0029180614451047014	-0.03431027009354169	0.0003731153853703797	-0.012569291291044464	-0.006213862164482467	0.0132854234881051	-0.0029701264430600375	0.00011598648519594653	0.00812774017021669	-0.0050410344241802055	0.006580968133640067	-0.005012484852972776	-0.0007656021978732911	0.004683443807005368	-0.0045801291234655065	-0.0012103868915394652	-0.0	-0.0	0.0	0.0	0.0	0.0	0.0	0.0	0.0	0.0	0.0	0.0	0.0	0.0	0.0	0.0	0.0	0.0	0.0	0.0	0.0	0.0	0.0	0.0	0.0	0.0	0.0	0.0	0.0	0.0
G1-135	0.00962325975487426	0.04964684376488061	-0.13977391927066765	-0.0056828871646567355	0.06156519134641869	-0.01194954239209338	-0.017271136076442494	0.0400739828853971	-0.03514786098840391	-0.04255259253240802	0.032593186257124714	-0.037117467960829084	-0.014542998631313834	-0.00830710501026998	0.005699809306835867	0.0008901333665937072	0.013317703172269496	0.0025843297691008392	0.005186226888900092	-0.0019000859740991387	-0.0010406009689401337	0.006472779455824632	-0.008299929038488505	8.524603064789833e-05	-0.0	-0.0	0.0	0.0	0.0	0.0	0.0	0.0	0.0	0.0	0.0	0.0	0.0	0.0	0.0	0.0	0.0	0.0	0.0	0.0	0.0	0.0	0.0	0.0	0.0	0.0	0.0	0.0	0.0	0.0
G1-136	0.04550334646404586	0.07340299521055671	-0.17723014285850025	-0.01383820784414387	0.03112194848413528	-0.02079466375996458	0.06411031232395224	0.012972841770725593	-0.05771534668245752	-0.033542506594086745	-0.008577242839786975	0.05320602174748078	-0.008803447478560163	-0.0013087683890010025	-0.013453962043206513	0.049037124765732236	0.008169084967532953	-0.011966082772921076	-0.013285377467111972	-0.0008621968128854774	0.009879127283830056	-0.0009517735909155387	0.000580974379226747	0.0007695299157223765	-0.0	-0.0	0.0	0.0	0.0	0.0	0.0	0.0	0.0	0.0	0.0	0.0	0.0	0.0	0.0	0.0	0.0	0.0	0.0	0.0	0.0	0.0	0.0	0.0	0.0	0.0	0.0	0.0	0.0	0.0
G1-138	0.010658598065180318	0.04829720735146659	-0.13909981420953108	-0.0054905229775611235	0.05766650250025615	-0.010490019505803716	-0.014680622188932322	0.03834163376296552	-0.03458250675441351	-0.037660407090134546	0.038584869383180495	-0.03402027027823488	-0.010282497993397022	0.0002393957568420259	0.001512515201308581	-0.009979194294819754	0.013984545817832776	0.014084319970431823	0.02222704222942826	-0.003235478164130265	0.004113658896793709	-0.002878588495963047	0.006902013505155443	0.00020985307193713935	-0.0	-0.0	0.0	0.0	0.0	0.0	0.0	0.0	0.0	0.0	0.0	0.0	0.0	0.0	0.0	0.0	0.0	0.0	0.0	0.0	0.0	0.0	0.0	0.0	0.0	0.0	0.0	0.0	0.0	0.0
G1-14	-0.0878925730879258	0.007960282017170205	-0.00404555783068036	0.0012021020169324123	0.023577577847849602	-0.029056768052731947	-0.0037946872641458802	0.04697084649175411	-0.0029180614451046532	-0.03431027009354164	0.00037311538537036836	-0.012569291291044327	-0.006213862164482481	0.013285423488105004	-0.0029701264430600036	0.00011598648519615292	0.008127740170216443	-0.005041034424180448	0.006580968133640286	-0.00501248485297281	-0.0007656021978731665	0.004683443807004969	-0.004580129123466546	-0.0012103868915407875	-0.0	-0.0	-0.0	-0.0	0.0	0.0	0.0	0.0	0.0	0.0	0.0	0.0	0.0	0.0	0.0	0.0	0.0	0.0	0.0	0.0	0.0	0.0	0.0	0.0	0.0	0.0	0.0	0.0	0.0	0.0
G1-15	0.02033141527516424	-0.13239350910100184	0.043062280128644825	0.0916877242014921	0.023660548893363886	0.053023686977803464	-0.008046901983276828	0.026056344349486133	-0.026749577131233746	0.03161975986890722	-0.03595689947661127	0.003654717061159833	-0.017639926255609718	0.007208322318742408	0.002818662765657085	0.033273866508598884	0.010372113629504241	-0.0022672931287473054	-0.006139602956463663	0.0013474227741071502	-0.007729154128613355	-0.0019805885924862815	0.0013166220246264818	0.0005953204507415408	-0.0	-0.0	0.0	0.0	0.0	0.0	0.0	0.0	0.0	0.0	0.0	0.0	0.0	0.0	0.0	0.0	0.0	0.0	0.0	0.0	0.0	0.0	0.0	0.0	0.0	0.0	0.0	0.0	0.0	0.0
G1-157	-0.10281326959937319	0.014590829145715451	-0.032805276872526455	-0.025727194379488907	-0.009868206396043046	0.010781255335328976	-0.08726120814133831	0.04300394452707167	0.06405551982220443	0.002297850776121738	-0.022290690073148454	0.011284958824645348	0.04842132284535167	0.011735753062163816	-0.028150678648420115	-0.021100504808788945	0.0009085645774775654	-0.011440495420970913	0.0203114900093975	0.0013898800182207956	-0.0069703043581656535	-0.006748693247659749	-0.0011446108878997072	0.0010196399640874777	-0.0	-0.0	0.0	0.0	0.0	0.0	0.0	0.0	0.0	0.0	0.0	0.0	0.0	0.0	0.0	0.0	0.0	0.0	0.0	0.0	0.0	0.0	0.0	0.0	0.0	0.0	0.0	0.0	0.0	0.0
G1-158	0.15163228307763166	-0.02340190634184769	0.12315546294468295	0.0940900870814635	-0.14713500712004787	-0.008962868314277877	-0.011877860317518238	0.028122460399390734	-0.05939712363533533	-0.038060163602333615	-0.00968958629993614	0.002515209324509652	-0.019317776728104346	0.001708933371239918	-0.0017833103450963423	-0.03348377052074667	0.012523132572443816	0.017985408511750813	-0.007752429086744555	-0.002837260135051653	-0.011071597331205036	0.006604764407760609	0.0019291031816490254	0.0014360776550469113	-0.0	-0.0	0.0	0.0	0.0	0.0	0.0	0.0	0.0	0.0	0.0	0.0	0.0	0.0	0.0	0.0	0.0	0.0	0.0	0.0	0.0	0.0	0.0	0.0	0.0	0.0	0.0	0.0	0.0	0.0
G1-159	-0.010689616493591252	0.1130098343100524	-0.1309957573559421	-0.052095625299812216	-0.10494005109335146	0.07381311973109966	0.11835219816584897	-0.07428320952389106	0.005537219533461531	-0.011407209680630026	-0.06390839307348266	0.06861618087758163	0.049497395001411225	-0.011672410141584846	-0.009405476861676797	0.0046365172557527945	0.03917182806461878	0.004997038116623566	0.017448183498276468	0.005648963470473512	0.0013351562827227568	-0.001081106463752662	-0.001632078249923886	-0.0005990350403117018	-0.0	-0.0	0.0	0.0	0.0	0.0	0.0	0.0	0.0	0.0	0.0	0.0	0.0	0.0	0.0	0.0	0.0	0.0	0.0	0.0	0.0	0.0	0.0	0.0	0.0	0.0	0.0	0.0	0.0	0.0
G1-161	0.02913377458070745	-0.17129601579270304	0.017645895576096603	0.07062004275501489	-0.03451116199221424	-0.08481984052537105	-0.04254321195263459	0.006015422251136121	0.0025809418713706083	0.03339562396629352	0.00712885087857902	0.020799826469367125	0.10439808447431355	0.0035816859075239907	-0.04751271880454314	0.010619915916314138	-0.0026716088003480745	-0.003505456914907651	-0.008307785603149397	-0.0244185396623179	-0.004359320839378098	0.001629690993558943	0.001343691740371384	-0.002768857605637989	-0.0	-0.0	0.0	0.0	0.0	0.0	0.0	0.0	0.0	0.0	0.0	0.0	0.0	0.0	0.0	0.0	0.0	0.0	0.0	0.0	0.0	0.0	0.0	0.0	0.0	0.0	0.0	0.0	0.0	0.0
G1-162	-0.08270676562727819	0.04347375780005502	0.03806541453087892	0.013958892749594812	-0.03196869095634158	-0.007012075260496303	0.022521727860510616	-0.008418613137191201	-0.03413859176514307	0.007908032206857549	0.015416525282517059	-0.0037500516207862582	0.016585521697349222	-0.024955993543217623	0.008753844485811787	0.0027533742139473952	0.0008432217430415725	-0.006590463935461563	-0.00643913753470187	-0.008621403469589518	0.011002262610594803	-0.003718748569939929	0.0002479418587800138	0.005073480322385368	-0.0	-0.0	0.0	0.0	0.0	0.0	0.0	0.0	0.0	0.0	0.0	0.0	0.0	0.0	0.0	0.0	0.0	0.0	0.0	0.0	0.0	0.0	0.0	0.0	0.0	0.0	0.0	0.0	0.0	0.0
G1-177	0.3268117546259309	0.2723454702473133	-0.04188822517706902	0.0066404769849226445	-0.05477883884405294	-0.04826866872236814	0.05509263878869142	-0.04505974410307816	-0.047899313465476434	-0.03811396914417606	-0.015723145855045428	0.033729747914972456	-0.025092708568557134	0.057762899513410536	-0.0610272222925999	0.006772375296611875	-0.0435333589083898	-0.002805284456218271	-0.00022791226777605603	-0.00452284139783261	-0.004572845363398036	-0.0007338218838370652	0.0002990529463236907	-9.039608220809799e-05	-0.0	-0.0	0.0	0.0	0.0	0.0	0.0	0.0	0.0	0.0	0.0	0.0	0.0	0.0	0.0	0.0	0.0	0.0	0.0	0.0	0.0	0.0	0.0	0.0	0.0	0.0	0.0	0.0	0.0	0.0
G1-178	-0.07337110833264432	0.04564575702579922	0.062438913421462704	0.039822482387423024	0.032274196709999245	0.042043966455449715	0.03350948935083111	-0.0030270662651642986	-0.03619160730810886	0.05813579404838351	-0.008681551739670501	0.015469065798497115	-0.017684164139901485	0.006425028527760221	0.006227737276599957	-0.015205388977008405	0.023547820988594148	0.014700475813189189	0.0060043659522907925	-0.003784931591261599	-0.0029838019354333366	0.006858397535858708	0.0013854751261181807	0.0018577449877710493	-0.0	-0.0	0.0	0.0	0.0	0.0	0.0	0.0	0.0	0.0	0.0	0.0	0.0	0.0	0.0	0.0	0.0	0.0	0.0	0.0	0.0	0.0	0.0	0.0	0.0	0.0	0.0	0.0	0.0	0.0
G1-19	0.30511645414351274	0.160984005287615	0.25704431940363687	-0.22808615419676928	-0.034577028617410015	-0.02715815050097111	0.0017815328671329498	0.04448378357394657	0.0653543010157473	-0.008355563927560605	0.03592826627583305	-0.005974705560798831	0.013828488467249591	0.015549609576484307	0.032661776205277854	-0.002964658798866957	0.04928844215816656	0.0037261709009189254	-0.010094512317704179	-0.0038661148826754734	0.005502170426734649	-0.002572263379369535	-0.0005757961212445311	-0.0009003636784068318	-0.0	-0.0	0.0	0.0	0.0	0.0	0.0	0.0	0.0	0.0	0.0	0.0	0.0	0.0	0.0	0.0	0.0	0.0	0.0	0.0	0.0	0.0	0.0	0.0	0.0	0.0	0.0	0.0	0.0	0.0
G1-193	0.004181951943945117	-0.1398841799950352	0.01882816991073071	0.024514939133738423	-0.06889959772553497	0.005331759685984615	-0.0053021808955178475	0.053928701050066766	0.021510419922198844	-0.01550150540211645	0.021088515980142098	0.009921648095241925	-0.03593548272336925	-0.007856453600023725	-0.03460152306434911	0.014260201711906185	0.02910575524507634	0.0006243164951909339	-0.011772285672360003	0.0041118065866473635	0.0074100121554883805	-0.007740328896529504	-0.0011996493358205301	-0.006604324421482337	-0.0	-0.0	0.0	0.0	0.0	0.0	0.0	0.0	0.0	0.0	0.0	0.0	0.0	0.0	0.0	0.0	0.0	0.0	0.0	0.0	0.0	0.0	0.0	0.0	0.0	0.0	0.0	0.0	0.0	0.0
G2-194	0.10699184829006653	-0.24312071286525966	0.08548502947645199	-0.23703816264668717	-0.01075603742633911	0.11036224303427794	-0.011628030998289312	0.014609794101901358	-0.011468615270548137	-0.04204927952562972	-0.0014736692766855724	0.03599901423318468	0.022975995233643316	0.02084272324417497	-0.016775372111980796	0.01017425182778087	-0.030839929908232994	-0.008259963645763514	0.0011708232570585117	0.006443600024693107	-0.005548488756583117	0.0023340796384700444	0.0007702575347517739	0.0014064072162677257	-0.0	-0.0	0.0	0.0	0.0	0.0	0.0	0.0	0.0	0.0	0.0	0.0	0.0	0.0	0.0	0.0	0.0	0.0	0.0	0.0	0.0	0.0	0.0	0.0	0.0	0.0	0.0	0.0	0.0	0.0
G2-41	-0.08582333550779467	0.040813133395416125	0.03935452176640399	0.006006084344106853	-0.034791252736882085	-0.007213153548417648	0.025139648609086917	-0.006628249953170678	-0.029869079827668444	0.006740017760799701	0.02178250695456047	0.005897346184177818	0.019774408075246334	-0.0072558546063962856	0.013983502153018556	-0.004146282869382123	-0.021778568677456703	0.028640395216612363	0.004331748247667852	-0.002503781274011728	0.0012263996597612326	0.006903940020052805	0.00019613216299957313	-0.005341745432464727	-0.0	-0.0	0.0	0.0	0.0	0.0	0.0	0.0	0.0	0.0	0.0	0.0	0.0	0.0	0.0	0.0	0.0	0.0	0.0	0.0	0.0	0.0	0.0	0.0	0.0	0.0	0.0	0.0	0.0	0.0
G2-410	-0.15660395060186466	0.07605618052559676	0.0370213800043139	-0.013127209548183071	-0.04224001601076885	0.08896476899640403	-0.048552188844256966	-0.04811514269978092	0.023638585151794064	-0.07189543940922415	-0.003243729305455057	-0.07490779586740103	0.044863242032051706	-0.007315136994817708	-0.012196025460989756	0.018081835172587345	-0.01860257237459125	0.015243328425801258	-0.009986773153316218	-0.005868538327987957	0.0038773204166974475	-0.0017717215588585096	0.0006381510655212646	-0.00039283088428664493	-0.0	-0.0	0.0	0.0	0.0	0.0	0.0	0.0	0.0	0.0	0.0	0.0	0.0	0.0	0.0	0.0	0.0	0.0	0.0	0.0	0.0	0.0	0.0	0.0	0.0	0.0	0.0	0.0	0.0	0.0
G2-411	-0.10764177739297269	0.043982077616637964	0.01983862770478715	-0.02867646829235047	-0.07407511674913278	0.043052525300692875	-0.027099909414956193	-0.04614479298898528	0.010720494125995348	0.01060619519415949	-0.005192684035716455	0.006005182179182458	0.009035687686467599	-0.021619216745851478	0.01384415718225166	0.013888179778644814	-0.01614432509476248	0.00560132615923767	-0.003342214220549321	0.0029554098677768786	0.0006191745073344279	-0.0010566579574807565	-0.00033435062662413536	0.00028921452801989895	-0.0	-0.0	-0.0	0.0	0.0	0.0	0.0	0.0	0.0	0.0	0.0	0.0	0.0	0.0	0.0	0.0	0.0	0.0	0.0	0.0	0.0	0.0	0.0	0.0	0.0	0.0	0.0	0.0	0.0	0.0
G2-412	-0.10764177733105314	0.04398207707783743	0.019838627276917965	-0.02867647039163129	-0.07407511485167867	0.04305252516479256	-0.02709990437067177	-0.046144791172132736	0.01072049402801126	0.010606192560588416	-0.005192683245823588	0.006005183792656179	0.0090356830127745	-0.021619212067944597	0.013844155865375374	0.01388817493335579	-0.01614432266393924	0.0056013296772662	-0.00334221525857493	0.0029554185569875195	0.0006191683552064599	-0.0010566560147987848	-0.000334350789259245	0.00028921678302235574	-0.0	-0.0	0.0	-0.0	0.0	0.0	0.0	0.0	0.0	0.0	0.0	0.0	0.0	0.0	0.0	0.0	0.0	0.0	0.0	0.0	0.0	0.0	0.0	0.0	0.0	0.0	0.0	0.0	0.0	0.0
G2-413	-0.11507119324177652	0.007389251313662413	-0.027405291797748806	-0.04309514118704357	-0.01393317501432816	0.017685500026861742	-0.056048362343072027	0.02059794886418685	0.04428724515088948	-0.04813748718724444	-0.02252260581951046	-0.006045379626035084	-0.01917868591491532	0.0212748857528674	0.0010247687780071291	0.01788762373668719	-0.00264882715132488	0.007026020041692715	0.014346546171376874	0.009405392163826501	-0.007666706955671899	0.0021747944918089532	-0.0015585980608162763	-0.0016479061791753523	-0.0	-0.0	0.0	0.0	0.0	0.0	0.0	0.0	0.0	0.0	0.0	0.0	0.0	0.0	0.0	0.0	0.0	0.0	0.0	0.0	0.0	0.0	0.0	0.0	0.0	0.0	0.0	0.0	0.0	0.0
G2-414	-0.06354029610188583	0.00594335793801538	0.02485483929366651	0.028023018831428468	0.07953609070852038	0.016725443784874852	-0.007188817100849759	0.02516581316231068	-0.008216056985122696	0.038818633395806615	-0.029300978825195185	0.02102814824534248	-0.029854738837585496	0.012290726022108941	0.030366660028223375	0.04297757565893522	-0.00422358947129594	-0.007311745222835221	-0.003162860494611913	0.00542947889471978	-0.0012691288068270707	0.002816687621377338	0.0016403839624375236	-0.0013659559301694945	-0.0	-0.0	0.0	0.0	0.0	0.0	0.0	0.0	0.0	0.0	0.0	0.0	0.0	0.0	0.0	0.0	0.0	0.0	0.0	0.0	0.0	0.0	0.0	0.0	0.0	0.0	0.0	0.0	0.0	0.0
G2-415	-0.07428281533041013	0.0005545293009891821	-0.0015210581046517305	-0.007881450050264542	0.008475543288166814	-0.032792827535393886	0.003704125306105445	0.030192042468082384	-0.0026721021150834514	-0.006343696213968324	-0.0025888997467843045	0.01511295939025022	-0.01103649863794278	0.0044401653405365124	0.015403557146997022	0.012877886032596658	-0.018809724578768075	0.009316040921211613	-0.015674196307325226	0.010253766107135659	-0.002797410262499605	0.007998588244773591	-0.00533625166522263	-0.0011043086295084179	-0.0	-0.0	0.0	0.0	0.0	0.0	0.0	0.0	0.0	0.0	0.0	0.0	0.0	0.0	0.0	0.0	0.0	0.0	0.0	0.0	0.0	0.0	0.0	0.0	0.0	0.0	0.0	0.0	0.0	0.0
G2-416	-0.07294913007923143	2.1417352621370707e-05	-0.0013065398910156593	-0.007159505042266198	0.0038361989924431705	-0.030577071474997594	0.005395199755292131	0.029690327363976494	-0.001047925541340393	0.00016029740298830408	0.003075791868653754	0.01933658679824919	-0.006518106808182926	0.010854640318528223	0.016283250082814896	0.0030478914491553545	-0.020811128669042032	0.02509880398601091	-0.004231342105749476	0.0034867786149798585	-0.004338171246912839	-0.011045706878017305	0.004437263651057291	-0.002539819290193673	-0.0	-0.0	0.0	0.0	0.0	0.0	0.0	0.0	0.0	0.0	0.0	0.0	0.0	0.0	0.0	0.0	0.0	0.0	0.0	0.0	0.0	0.0	0.0	0.0	0.0	0.0	0.0	0.0	0.0	0.0
G3-417	-0.07122272095235328	0.002205967945094489	-0.004215902330941192	-0.002555418549897188	0.004820048201429754	-0.03220867415756483	0.005382209742894362	0.030072069296109984	-0.0027706104768853903	0.005966053823727667	-0.0023951386952761307	0.016195845259008447	-0.012380082318665758	-0.0038153991008656476	0.012328601962705618	-0.005045059029333208	-0.0004998918514465047	0.001813119261945051	-0.009735209986062116	-0.019589489239134367	-0.0113030431843436	-0.011534766369372895	-0.0053389964544257465	0.004592773341155607	-0.0	-0.0	0.0	0.0	0.0	0.0	0.0	0.0	0.0	0.0	0.0	0.0	0.0	0.0	0.0	0.0	0.0	0.0	0.0	0.0	0.0	0.0	0.0	0.0	0.0	0.0	0.0	0.0	0.0	0.0
G3-418	-0.08470720032399935	0.07099908515761233	0.15043716841272461	0.09339348803655258	0.2096427412245321	0.09146762926064504	0.0731926274827137	-0.08032686614777165	0.027398398891941803	-0.1044728261573617	0.021143491142893572	-0.013574055500829886	0.00453046716429672	-0.034779089480374066	-0.027539564257088915	-0.03007202927801874	0.008700053522803026	-0.037028793831887674	-0.010826184765915943	0.0008758054970358888	-0.007533974528182956	0.002724227754340676	0.00183406748491336	-0.0019320738404079727	-0.0	-0.0	0.0	0.0	0.0	0.0	0.0	0.0	0.0	0.0	0.0	0.0	0.0	0.0	0.0	0.0	0.0	0.0	0.0	0.0	0.0	0.0	0.0	0.0	0.0	0.0	0.0	0.0	0.0	0.0
G3-419	0.044359154443776944	0.05503351536317246	-0.16458548819632515	0.0001325996609366907	0.053588245469906565	-0.030574006239200632	-0.011916502836245612	0.05617980330158066	-0.02823136270028503	0.037689955440437	0.037654843010381814	0.032940536055799156	0.062442888133137364	-0.037985699993250945	0.0004111373521728372	-0.04522819907666945	0.002120560107835222	0.01029099855670097	-0.021149424062037944	0.019714814702475134	-0.003330466467838697	-0.004721508635871458	-0.00028242682033513956	-0.0015459797589530337	-0.0	-0.0	0.0	0.0	0.0	0.0	0.0	0.0	0.0	0.0	0.0	0.0	0.0	0.0	0.0	0.0	0.0	0.0	0.0	0.0	0.0	0.0	0.0	0.0	0.0	0.0	0.0	0.0	0.0	0.0
G3-42	-0.056283353835499726	-0.04048026233121813	0.0382933130154179	0.001188280857248481	0.0887542334739329	-0.14654433265467365	0.004022526908647637	-0.12315889980191522	0.06617131040983136	-0.039648092299967116	0.07785109168724752	0.0797910376916153	0.002422331534064226	-0.0006169331212273161	0.054247636196987574	0.001237489112748191	-0.0303237120825322	0.008314245146089578	0.010901444732822497	-0.0012207154085397923	-0.0028777338534822514	-0.00229655111558107	-8.633178084871685e-05	0.0008992309358149402	-0.0	-0.0	0.0	0.0	0.0	0.0	0.0	0.0	0.0	0.0	0.0	0.0	0.0	0.0	0.0	0.0	0.0	0.0	0.0	0.0	0.0	0.0	0.0	0.0	0.0	0.0	0.0	0.0	0.0	0.0
G3-420	-0.08777893041991358	0.009169439419517054	0.038445943734032526	0.0023438314100818216	-0.0306089350242196	-0.1056800613713446	0.014244141371988492	-0.1072037703567468	-0.03714578008302964	0.03763479924404896	0.0436481450079381	-0.03172109688359531	0.02931173633479622	0.03354001740846529	0.007444005520211346	0.008967692547155988	0.03166496950897956	0.0015540260619204204	-0.0002096563145732214	0.007521276459647116	0.003413144845927364	0.006870480721734437	0.00043561365975638196	0.002024857399716511	-0.0	-0.0	0.0	0.0	0.0	0.0	0.0	0.0	0.0	0.0	0.0	0.0	0.0	0.0	0.0	0.0	0.0	0.0	0.0	0.0	0.0	0.0	0.0	0.0	0.0	0.0	0.0	0.0	0.0	0.0
G3-421	0.15872691232640757	-0.12681811391226522	-0.13270790114190362	0.07798359981400957	-0.05279952912965208	0.013457418964933007	0.2053369808316918	0.051658349985940884	0.11223444564107486	-0.0012462780680855285	-0.029704967510427453	-0.060704276487882854	0.044224819613674346	0.013167961118853442	0.058003740358187346	0.0017465192885488794	-0.006178935501692678	-0.007090841885036262	0.00023209119264046865	-0.003997964998632603	-0.006761418407238422	0.0005291601576157186	0.0008542176037610229	-0.00036807465453325797	-0.0	-0.0	0.0	0.0	0.0	0.0	0.0	0.0	0.0	0.0	0.0	0.0	0.0	0.0	0.0	0.0	0.0	0.0	0.0	0.0	0.0	0.0	0.0	0.0	0.0	0.0	0.0	0.0	0.0	0.0
G3-422	-0.0697623797885338	0.041194485450920554	0.023243939218396972	0.012703460169349702	-0.03392997011647139	-0.002642651624778642	0.0394409302069591	-0.011924672295675495	-0.020568688077122917	0.02901257817253312	0.011718296422901649	-0.024257114834353426	-0.009776389634250591	0.0430150373906237	0.0037733800666466563	-0.04845271394279082	-0.025784851425612505	-0.012808582839508914	-0.00819708584065574	-0.0009777965917581234	0.00960700739225345	-0.00820552934545788	-0.003352810141382163	-0.001422245297157988	-0.0	-0.0	0.0	0.0	0.0	0.0	0.0	0.0	0.0	0.0	0.0	0.0	0.0	0.0	0.0	0.0	0.0	0.0	0.0	0.0	0.0	0.0	0.0	0.0	0.0	0.0	0.0	0.0	0.0	0.0
G3-423	0.04438591850535687	-0.16018496556158696	0.07934223326276815	0.10832016064048998	0.08475785900176747	0.04256988781106422	0.019517605333868	-0.006643958353948389	0.02683145527631859	-0.003323219935572423	-0.014863904915065803	0.09311459404363756	-0.057044105547745465	-0.008070415753646571	-0.015470857775998034	-0.01844804445785285	0.019666567678256114	0.02544139910714231	0.00901183666219234	-0.0058557080358910855	0.007974696116245995	-0.005351532441861788	-0.0029879413839999027	-0.00036033075323956964	-0.0	-0.0	0.0	0.0	0.0	0.0	0.0	0.0	0.0	0.0	0.0	0.0	0.0	0.0	0.0	0.0	0.0	0.0	0.0	0.0	0.0	0.0	0.0	0.0	0.0	0.0	0.0	0.0	0.0	0.0
G3-424	-0.11792695479944226	0.07486951196902027	0.09027821931685415	0.06986975209968616	0.08295851690344987	0.0876221132273112	0.014659085433698465	0.0020966382769030006	-0.041874037110996375	-0.008291519954973394	-0.013685758557238036	-0.062434456374613125	0.018547381167972225	0.02868262501352512	0.0011151174931905486	0.03309873946025685	0.0016833913860627282	0.03669125929458988	-0.0046604964613598575	0.0011273742398223284	-0.0006653734810137893	-0.005726375912164955	-0.0008980890058683213	-0.00010352249798578118	-0.0	-0.0	0.0	0.0	0.0	0.0	0.0	0.0	0.0	0.0	0.0	0.0	0.0	0.0	0.0	0.0	0.0	0.0	0.0	0.0	0.0	0.0	0.0	0.0	0.0	0.0	0.0	0.0	0.0	0.0
G3-425	0.028186956342570704	-0.17660111612730636	0.006431098997283975	0.051975753151234934	-0.035159560421174914	-0.0920437207444107	-0.0024174274971399618	-0.06039582965402326	-0.009834996928680213	0.00874117392836976	0.013939736030751364	-0.03057103351564825	-0.019541616675284066	0.07772744343252054	-0.0051878209097397775	-0.0025592558052805296	0.009126530825197697	-0.013480278019772167	-0.0019190922435588687	0.012981649606567239	0.0013963824230110288	-0.0018786494943164804	-0.0009379363810913581	0.00024896812177473246	-0.0	-0.0	0.0	0.0	0.0	0.0	0.0	0.0	0.0	0.0	0.0	0.0	0.0	0.0	0.0	0.0	0.0	0.0	0.0	0.0	0.0	0.0	0.0	0.0	0.0	0.0	0.0	0.0	0.0	0.0
G3-426	-0.07105177690438697	0.0005680667390445316	-0.003455294263029074	-0.004644110145500728	0.007746008171791737	-0.03418783170924246	0.007287983098509772	0.02967050479702436	-0.004208803779878204	0.00010540784690785896	-0.003974161379832819	0.01370399169118901	-0.013938047626895425	-0.0014327034345844446	0.005528272348870082	-0.0025015937172119225	0.00248316261377951	-0.010565657030801798	-0.00899093135556854	0.0011968654622603666	0.0013053823137296598	0.005719446087106033	0.004141996978705857	-0.001956896104385829	-0.0	-0.0	0.0	0.0	0.0	0.0	0.0	0.0	0.0	0.0	0.0	0.0	0.0	0.0	0.0	0.0	0.0	0.0	0.0	0.0	0.0	0.0	0.0	0.0	0.0	0.0	0.0	0.0	0.0	0.0
G3-427	-0.09241320824567312	-0.0017203270083464637	-0.025280296704030383	-0.040618072596041783	-0.03135102108371308	0.0050487899384399435	-0.04928687138135224	-0.005684015242866133	0.034671074498704386	0.00295455068600896	-0.018502277207608032	0.01987479013351077	-0.01175365213291316	-0.010667857349310667	0.0149200926106849	0.016209552367363635	-0.004867746398019128	-0.020449750911259286	0.002418259923155651	-0.015563873412682625	0.016675515903784653	0.007876682161353205	0.0006232565230123411	-0.002162301821085792	-0.0	-0.0	0.0	0.0	0.0	0.0	0.0	0.0	0.0	0.0	0.0	0.0	0.0	0.0	0.0	0.0	0.0	0.0	0.0	0.0	0.0	0.0	0.0	0.0	0.0	0.0	0.0	0.0	0.0	0.0
G3-428	-0.09477812608356166	-0.001210203428378923	-0.02712530962748149	-0.04316493220672149	-0.030480635008394506	0.006909957654570831	-0.03799091014702167	0.005276970795000704	0.03693693914172838	-0.002522345282149629	-0.026445213249151306	0.022011429918705066	-0.02844107230290874	0.0018005124824851957	0.0015735169517293668	0.000425084928670472	0.008704314277403046	-0.014714615135612685	-0.015648123052845513	0.006321084806985672	-0.004675928219033829	-0.0007793623146584295	0.0021700366921459137	0.002709401742010597	-0.0	-0.0	0.0	0.0	0.0	0.0	0.0	0.0	0.0	0.0	0.0	0.0	0.0	0.0	0.0	0.0	0.0	0.0	0.0	0.0	0.0	0.0	0.0	0.0	0.0	0.0	0.0	0.0	0.0	0.0
G3-429	-0.0014255397823776982	-0.12870658251576286	0.007788664941202368	0.041569905182077746	-0.03840332751951216	-0.0045890937371299715	0.007336081876321035	0.04533207384443175	-0.014421716762838691	-0.02590632732730864	-0.0039847684611881125	0.005607709343213292	-0.007008151780637633	0.004248470902546656	0.002149308495707206	-0.01194473999459711	-0.014741340093319902	0.007173664637847763	0.0015067634974699335	-0.0006189427859299511	0.0061702531975393465	0.010865267639304845	0.0013301612121171444	0.0070642809712613	-0.0	-0.0	0.0	0.0	0.0	0.0	0.0	0.0	0.0	0.0	0.0	0.0	0.0	0.0	0.0	0.0	0.0	0.0	0.0	0.0	0.0	0.0	0.0	0.0	0.0	0.0	0.0	0.0	0.0	0.0
G3-43	-0.08890423551405248	0.05426278584966627	0.05216241150307524	-0.023092779396446134	-0.08385213865769266	-0.0005295297126170517	0.09794806866783816	0.053335660480921	0.05778240487952718	0.09911607527821618	0.1176382324365027	-0.031238713096042474	-0.06321598682912218	-0.050372575898876684	-0.05906540621571848	0.026185329301720718	-0.017947577488825153	-0.006402202753885877	0.012161505826333411	0.002379738018563926	-0.005709476210114231	0.0006297487835591899	0.00011705154437537342	0.0009085681457304719	-0.0	-0.0	0.0	0.0	0.0	0.0	0.0	0.0	0.0	0.0	0.0	0.0	0.0	0.0	0.0	0.0	0.0	0.0	0.0	0.0	0.0	0.0	0.0	0.0	0.0	0.0	0.0	0.0	0.0	0.0
G3-430	-0.014563815650674152	-0.06764338782886835	0.0558169318326808	-0.17053372167536268	0.10513737168735722	-0.21551879635606164	0.0464120436928272	-0.03864096918954116	-0.02303605483863887	0.03162055518755938	-0.13202655271695193	-0.06494705859313482	-0.027674860951902636	-0.0615027431066056	-0.025925803817485923	-0.013638846230854172	-0.008642174319716115	0.00897660851887614	0.0030416949189602848	6.8729833323862896e-06	-0.000596287512636953	-0.0014723633640321577	1.1218311539810529e-05	-0.00075223711730319	-0.0	-0.0	0.0	0.0	0.0	0.0	0.0	0.0	0.0	0.0	0.0	0.0	0.0	0.0	0.0	0.0	0.0	0.0	0.0	0.0	0.0	0.0	0.0	0.0	0.0	0.0	0.0	0.0	0.0	0.0
G3-44	-0.07748460268838693	0.04598010305754485	0.03245944844626473	0.008215864239341942	-0.007230211182321701	0.10880059401297679	-0.015301508481870727	-0.06662249327860086	0.021776500345890216	0.0918136126838236	-0.04319625988509805	-0.009559611790807476	-0.03868775912453417	0.042434952221730465	0.00802975585866617	-0.021684305580446386	-0.005058715217102143	-0.014960836907833557	0.006315481680847196	-0.0014255435905259515	-0.0012663423155131195	-0.002162043344377127	-0.0003954956793637907	-0.0019515887631608559	-0.0	-0.0	0.0	0.0	0.0	0.0	0.0	0.0	0.0	0.0	0.0	0.0	0.0	0.0	0.0	0.0	0.0	0.0	0.0	0.0	0.0	0.0	0.0	0.0	0.0	0.0	0.0	0.0	0.0	0.0
G3-45	0.2484994889464961	-0.17394001898537637	-0.026558385287854383	-0.14991160577394014	0.13693581441369226	0.13819254866897918	0.036560370102833716	-0.014372716384932118	-0.10402621331728802	0.040600941502334405	0.04844063385493528	-0.016445164065489373	0.01616839925991277	-2.8477566605269815e-05	0.008455929068048169	-0.004965889720230245	-0.009247538339612841	-0.0008113920997707602	0.00822748016267794	-0.0035556190312371378	0.0012087935003912457	-0.00010111517637963037	-0.0005666038596341603	2.970571314932937e-05	-0.0	-0.0	0.0	0.0	0.0	0.0	0.0	0.0	0.0	0.0	0.0	0.0	0.0	0.0	0.0	0.0	0.0	0.0	0.0	0.0	0.0	0.0	0.0	0.0	0.0	0.0	0.0	0.0	0.0	0.0
G3-46	0.08643929805098605	-0.04590749588035162	-0.17979061448099576	-0.006756688534081436	-0.03404434401244796	0.06794736337567761	-0.042731791659224715	-0.02007049708109862	0.03659539739138051	0.0033140563456043157	-0.002917075773005543	-0.031556224742511	-0.043615478720273174	-0.00402237720957816	0.00786212018567354	-0.04773506226586657	-0.022974192588827626	0.003996118905635981	-0.00949161344713486	-0.0037448321763824555	0.013632376920656603	0.0005005102449038006	0.00024622336663517833	-0.0006232975740765601	-0.0	-0.0	0.0	0.0	0.0	0.0	0.0	0.0	0.0	0.0	0.0	0.0	0.0	0.0	0.0	0.0	0.0	0.0	0.0	0.0	0.0	0.0	0.0	0.0	0.0	0.0	0.0	0.0	0.0	0.0
G3-47	0.2839436624325681	0.18518630408640813	-0.012394880897940582	0.053922748204616865	0.07452893856120282	-0.019555609246389164	-0.10322750674749422	0.031398747278202604	-0.008604054970738769	0.060000524687403155	-0.010344067726181653	-0.0043338930743364035	-0.005491715462152996	0.013670655949759736	0.03523057580939341	0.007709296953438423	0.00046784313836224285	-0.019533747403728107	0.005971484843997091	-0.005276341907377632	-0.00774446132072274	-0.00010310264668768863	0.0010940853856027043	-0.0014961453573427218	-0.0	-0.0	0.0	0.0	0.0	0.0	0.0	0.0	0.0	0.0	0.0	0.0	0.0	0.0	0.0	0.0	0.0	0.0	0.0	0.0	0.0	0.0	0.0	0.0	0.0	0.0	0.0	0.0	0.0	0.0
G3-48	-0.0632859537565361	0.05388939146158188	0.06555810004892723	0.06084868519328302	0.046544409883192736	0.03682307829178178	-0.011989873512757408	-0.0008964134094051453	-0.02526290586242636	0.09955526711585887	-0.01178530244660034	0.0182184393048178	0.06439742154434616	-0.020017501273428502	-0.001505221759019246	0.004852736537979319	-0.004533188508894547	-0.010310445831805081	0.0037543740318206073	0.003221750380430336	0.005857313077805609	0.0006141209978766298	-0.0013547424582218857	0.0010951650342269862	-0.0	-0.0	0.0	0.0	0.0	0.0	0.0	0.0	0.0	0.0	0.0	0.0	0.0	0.0	0.0	0.0	0.0	0.0	0.0	0.0	0.0	0.0	0.0	0.0	0.0	0.0	0.0	0.0	0.0	0.0
G3-49	0.44058089200046996	0.030577701049979894	0.03503310918619149	0.12163123554633315	0.0782023536174887	0.007559837188561641	-0.056085643737411955	-0.016757376697150436	0.11814108510507992	0.010911088209057996	-0.02276946553247411	-0.01698682044121467	0.009543965527445554	-0.025924833611005546	-0.028056551746591416	0.015877108421225826	-0.010683613471152214	0.021182496836810002	-0.00015767387007850964	0.009993539597917269	0.009436770876790283	0.00426475196244031	-0.0005303232722001666	0.0030963857135423937	-0.0	-0.0	0.0	0.0	0.0	0.0	0.0	0.0	0.0	0.0	0.0	0.0	0.0	0.0	0.0	0.0	0.0	0.0	0.0	0.0	0.0	0.0	0.0	0.0	0.0	0.0	0.0	0.0	0.0	0.0

Biplot	0	0

Site constraints	0	0
