Eigvals	106
1.102494224076684	0.6866807963959425	0.5139422427752623	0.4255542205002236	0.34351071717878656	0.29629077811364257	0.22976245341018467	0.1555329725425136	0.08464558399999325	0.05686243468198285	0.048853434221652864	0.03665088882278672	0.02947079929937954	0.022073773110075634	0.019083774407225668	0.01244808389925356	0.01015968560401101	0.005928905282144709	0.0049814020374541745	0.0021802677239006474	0.001364900796961499	0.0012023812526114341	0.0009385087596650021	0.00046158661146913915	0.0002399668513748121	6.0072488265673326e-05	0.0	0.0	0.0	0.0	0.0	0.0	0.0	0.0	0.0	0.0	0.0	0.0	0.0	0.0	0.0	0.0	0.0	0.0	0.0	0.0	0.0	0.0	0.0	0.0	0.0	0.0	0.0	0.0	0.0	0.0	0.0	0.0	0.0	0.0	0.0	0.0	0.0	0.0	0.0	0.0	0.0	0.0	0.0	0.0	0.0	0.0	0.0	0.0	0.0	0.0	0.0	0.0	0.0	0.0	0.0	0.0	0.0	0.0	0.0	0.0	0.0	0.0	0.0	0.0	0.0	0.0	0.0	0.0	0.0	0.0	0.0	0.0	0.0	0.0	0.0	0.0	0.0	0.0	0.0	0.0

Proportion explained	106
0.2694679082684224	0.16783619706295957	0.12561602419950538	0.10401252283115647	0.0839597273205441	0.07241838956967922	0.05615776152561223	0.038014842946593054	0.020688787266653946	0.013898123906849556	0.011940591110545453	0.008958086248049038	0.00720315305855963	0.005395196943136188	0.004664391576008718	0.003042518552050365	0.0024831959828818372	0.001449122970271462	0.0012175374328160364	0.000532893660750641	0.00033360443503378903	0.0002938819578431031	0.0002293871358558059	0.00011281943792627657	5.8651885952404184e-05	1.468271434345801e-05	0.0	0.0	0.0	0.0	0.0	0.0	0.0	0.0	0.0	0.0	0.0	0.0	0.0	0.0	0.0	0.0	0.0	0.0	0.0	0.0	0.0	0.0	0.0	0.0	0.0	0.0	0.0	0.0	0.0	0.0	0.0	0.0	0.0	0.0	0.0	0.0	0.0	0.0	0.0	0.0	0.0	0.0	0.0	0.0	0.0	0.0	0.0	0.0	0.0	0.0	0.0	0.0	0.0	0.0	0.0	0.0	0.0	0.0	0.0	0.0	0.0	0.0	0.0	0.0	0.0	0.0	0.0	0.0	0.0	0.0	0.0	0.0	0.0	0.0	0.0	0.0	0.0	0.0	0.0	0.0

Species	0	0

Site	106	106
G1-11	0.06883087098825526	0.029044081547807	0.04393596170576528	0.06438818714952203	0.06243233279986864	-0.023873896800210626	0.04052273579330368	-0.037769633743167434	-0.013275040040597222	-0.009741841768627024	0.009858676659985181	0.0005472574595812307	-0.00045113968938834825	-0.0023096248264006143	-0.004193416949426612	-0.0034050836218610424	0.03185912411435504	0.008289721918848558	-0.0011698926409065464	-0.002958590819704497	-0.0017985850124502421	-0.0008993129123685142	0.0023903459313783302	0.0023134714617613675	0.0012062169819631683	0.0006877684214772557	0.0	0.0	0.0	0.0	0.0	0.0	0.0	0.0	0.0	0.0	0.0	0.0	-0.0	0.0	0.0	0.0	0.0	0.0	0.0	0.0	0.0	0.0	0.0	0.0	0.0	0.0	0.0	0.0	0.0	0.0	0.0	0.0	0.0	0.0	0.0	0.0	0.0	0.0	0.0	0.0	0.0	0.0	0.0	0.0	0.0	0.0	0.0	0.0	0.0	0.0	0.0	0.0	0.0	0.0	0.0	0.0	0.0	0.0	0.0	0.0	0.0	0.0	0.0	0.0	0.0	0.0	0.0	0.0	0.0	0.0	0.0	0.0	0.0	0.0	0.0	0.0	0.0	0.0	0.0	0.0
G1-12	0.04813966757242577	-0.00650238409334671	-0.04232177726488331	0.020945182841486477	0.035810655452922106	0.014573080365939529	-0.002737363570647707	0.046962938399619535	0.007986299890903338	0.03737481471965332	0.0034519390758066554	-0.026544633272151702	-0.008824074046513529	-0.003832077198748059	0.015589111451204703	0.009434219241497736	0.00022847497635310434	0.010520168365790962	0.002234564380349737	-0.0032678676541373283	-0.0006256355352645102	-0.0016981453907840113	0.002422072206583546	-0.0025480675285772716	0.0035486477148801584	-0.0024573620036806606	-0.0	0.0	0.0	0.0	0.0	0.0	0.0	-0.0	-0.0	-0.0	-0.0	0.0	-0.0	-0.0	-0.0	-0.0	0.0	-0.0	-0.0	0.0	-0.0	0.0	0.0	-0.0	0.0	-0.0	0.0	-0.0	0.0	0.0	0.0	0.0	0.0	0.0	0.0	0.0	0.0	0.0	0.0	0.0	0.0	0.0	0.0	0.0	0.0	0.0	0.0	0.0	0.0	0.0	0.0	0.0	0.0	0.0	0.0	0.0	0.0	0.0	0.0	0.0	0.0	0.0	0.0	0.0	0.0	0.0	0.0	0.0	0.0	0.0	0.0	0.0	0.0	0.0	0.0	0.0	0.0	0.0	0.0	0.0
G1-13	0.036825399761910994	0.025702135214584806	-0.07141099823534974	0.028140135134228653	0.06779882967371884	0.0027461004719494435	0.03243560874074266	-0.0365031628089219	0.008026362606819569	-0.005581576184228663	-0.013174386350240545	-0.005849884326795522	-0.0061386427388867675	0.007015219963233498	-0.0017422298905694035	0.011694618891332383	0.010632855136206387	0.012639052667401635	0.0017649193560105212	-0.0007654072894969191	-0.004205698893497112	0.008718860536939663	0.005705437494586682	-0.0003520524832163409	-0.00332433214928673	0.0008621330040545519	-0.0	0.0	0.0	0.0	0.0	0.0	0.0	-0.0	-0.0	-0.0	-0.0	0.0	-0.0	-0.0	-0.0	-0.0	0.0	-0.0	-0.0	0.0	-0.0	0.0	0.0	-0.0	0.0	-0.0	0.0	-0.0	0.0	0.0	0.0	0.0	0.0	0.0	0.0	0.0	0.0	0.0	0.0	0.0	0.0	0.0	0.0	0.0	0.0	0.0	0.0	0.0	0.0	0.0	0.0	0.0	0.0	0.0	0.0	0.0	0.0	0.0	0.0	0.0	0.0	0.0	0.0	0.0	0.0	0.0	0.0	0.0	0.0	0.0	0.0	0.0	0.0	0.0	0.0	0.0	0.0	0.0	0.0	0.0
G1-130	0.03775895398911086	0.024600689057806286	-0.07338736957995684	0.026377729495176118	0.06586327717652114	0.004332812334192513	0.0329179504126394	-0.03696228058299397	-0.0005341657632455892	0.006586046998699736	-0.0006944915491133252	0.004813282138420093	-0.004483267869314178	0.0013830682470265731	0.00597508261622463	-0.007698365681538292	-0.01893397603969565	-0.002084134766268563	-0.002480913813268458	0.0026252456685588606	-0.0005448214332892436	-0.004365200212026216	-0.00042160992963381175	-0.00037012120135729016	0.0012025294177211811	0.00022266017721372418	0.0	-0.0	-0.0	-0.0	-0.0	-0.0	-0.0	0.0	0.0	0.0	0.0	-0.0	0.0	0.0	0.0	0.0	-0.0	0.0	0.0	-0.0	0.0	-0.0	-0.0	0.0	-0.0	0.0	-0.0	0.0	-0.0	0.0	0.0	0.0	0.0	0.0	0.0	0.0	0.0	0.0	0.0	0.0	0.0	0.0	0.0	0.0	0.0	0.0	0.0	0.0	0.0	0.0	0.0	0.0	0.0	0.0	0.0	0.0	0.0	0.0	0.0	0.0	0.0	0.0	0.0	0.0	0.0	0.0	0.0	0.0	0.0	0.0	0.0	0.0	0.0	0.0	0.0	0.0	0.0	0.0	0.0	0.0
G1-131	0.03670305431790447	0.021582255690482527	-0.07269075373294984	0.02640914900250985	0.06633921016668062	0.005059042657297388	0.032627936153214174	-0.039738326453533146	0.0027396946734714145	0.002295162416841612	0.00040830928739359496	-0.0041403675348255994	-0.01596944771182686	-0.0001492114173867317	0.019613000600121402	-0.005825444005844368	-0.0056276202286185285	0.014353668015644945	-0.0037181781243319266	0.0016508600155392245	-0.003092591305962134	-0.0072067897240621235	0.0015486752390455564	0.0017896834064937885	-0.001692907925961327	0.001127305215735922	0.0	-0.0	-0.0	-0.0	-0.0	-0.0	-0.0	0.0	0.0	0.0	0.0	-0.0	-0.0	0.0	0.0	0.0	-0.0	0.0	0.0	-0.0	0.0	-0.0	-0.0	0.0	-0.0	0.0	-0.0	0.0	-0.0	0.0	0.0	0.0	0.0	0.0	0.0	0.0	0.0	0.0	0.0	0.0	0.0	0.0	0.0	0.0	0.0	0.0	0.0	0.0	0.0	0.0	0.0	0.0	0.0	0.0	0.0	0.0	0.0	0.0	0.0	0.0	0.0	0.0	0.0	0.0	0.0	0.0	0.0	0.0	0.0	0.0	0.0	0.0	0.0	0.0	0.0	0.0	0.0	0.0	0.0	0.0
G1-132	0.07325775717121139	0.012248663841595737	-0.06790062583616971	0.04082095644231298	0.0785350323796028	0.0018150704521826405	0.03329504135521064	-0.006788713117197425	-0.00034798625011645256	-0.010070163081731264	-0.0316333555883282	-0.03268521846383799	-0.015730662074385886	-0.03735946277350088	-0.019010103351061656	-0.023592060842373988	0.022426523903357913	-0.002756110502137173	0.0008391020176558186	0.0017059934043919674	-4.800488462247679e-05	-0.002685175370628506	-0.002237239336867496	-0.0023176310161859377	5.584191217762053e-05	-0.0004790280410760887	-0.0	0.0	0.0	0.0	0.0	0.0	0.0	-0.0	-0.0	-0.0	-0.0	0.0	-0.0	-0.0	-0.0	-0.0	0.0	-0.0	-0.0	0.0	-0.0	0.0	0.0	-0.0	0.0	-0.0	0.0	-0.0	0.0	0.0	0.0	0.0	0.0	0.0	0.0	0.0	0.0	0.0	0.0	0.0	0.0	0.0	0.0	0.0	0.0	0.0	0.0	0.0	0.0	0.0	0.0	0.0	0.0	0.0	0.0	0.0	0.0	0.0	0.0	0.0	0.0	0.0	0.0	0.0	0.0	0.0	0.0	0.0	0.0	0.0	0.0	0.0	0.0	0.0	0.0	0.0	0.0	0.0	0.0	0.0
G1-135	0.038263403769146956	0.027687859111433368	-0.0723136227051392	0.027460395331773028	0.06876152252362794	0.0029988226322911825	0.035131352951114095	-0.03593864604412265	0.0010606140978724288	0.0036920223353897118	-0.012533735342737058	0.01013344953040153	0.009294443025450959	0.00739128784682094	-0.011223885941662548	0.0008350836750695822	0.0015687632588293058	-0.0012540302893162341	-0.004755160075797678	0.0005621264586066956	0.0020760808710779473	-0.00024030005802368705	-0.0021054507617491703	0.0006693958922538381	-0.0013853698262756284	-0.0010994388936919576	0.0	0.0	0.0	0.0	0.0	0.0	-0.0	-0.0	-0.0	-0.0	-0.0	0.0	0.0	0.0	0.0	-0.0	0.0	-0.0	0.0	-0.0	0.0	-0.0	0.0	-0.0	-0.0	0.0	-0.0	0.0	0.0	0.0	0.0	0.0	0.0	0.0	0.0	0.0	0.0	0.0	0.0	0.0	0.0	0.0	0.0	0.0	0.0	0.0	0.0	0.0	0.0	0.0	0.0	0.0	0.0	0.0	0.0	0.0	0.0	0.0	0.0	0.0	0.0	0.0	0.0	0.0	0.0	0.0	0.0	0.0	0.0	0.0	0.0	0.0	0.0	0.0	0.0	0.0	0.0	0.0	0.0	0.0
G1-136	0.12672213604240648	0.03342354433562137	-0.1370449038836208	-0.006778908335640669	0.0585343970918279	-0.1485655238929954	-0.006122409048975246	-0.07747729636999279	0.03562785226478047	0.006984753535482736	-0.0069263343063776526	0.030039886569556362	0.01853103080940195	0.0055606297238340605	-0.001419317968615236	0.009785645609075277	-0.0016592272414180285	0.004432383066684557	-0.00474086241313698	-0.0009541616719944089	0.0004029566811009357	-0.0011694400484968859	2.3543570209194845e-05	-0.00014155077991643525	-4.143003863681672e-05	0.00030925354199301276	-0.0	0.0	0.0	0.0	0.0	0.0	0.0	-0.0	-0.0	-0.0	-0.0	0.0	-0.0	-0.0	-0.0	-0.0	0.0	-0.0	-0.0	0.0	-0.0	0.0	0.0	-0.0	0.0	-0.0	0.0	-0.0	0.0	0.0	0.0	0.0	0.0	0.0	0.0	0.0	0.0	0.0	0.0	0.0	0.0	0.0	0.0	0.0	0.0	0.0	0.0	0.0	0.0	0.0	0.0	0.0	0.0	0.0	0.0	0.0	0.0	0.0	0.0	0.0	0.0	0.0	0.0	0.0	0.0	0.0	0.0	0.0	0.0	0.0	0.0	0.0	0.0	0.0	0.0	0.0	0.0	0.0	0.0	0.0
G1-138	0.03738773051832199	0.0256300232346862	-0.07320283039773423	0.027029326222221	0.06443703084594148	0.0033666563146781325	0.030519092266427548	-0.03477875409504162	0.003051373432952904	0.0015862950197770803	-0.0023418242253754086	-0.0021146065311172316	-0.008461099354438908	0.002444904301896268	0.0018657039840014992	0.0008684525037982602	-0.023386123724761308	-0.004329543301871381	0.005522815335531032	0.002373054457000443	-0.004402509967386204	0.006988872626709087	0.005264689137475196	-0.0029802282722766796	0.0020314449158161402	0.0012773575866036099	0.0	-0.0	-0.0	-0.0	-0.0	-0.0	-0.0	0.0	0.0	0.0	0.0	-0.0	-0.0	0.0	0.0	0.0	-0.0	0.0	0.0	-0.0	0.0	-0.0	-0.0	0.0	-0.0	0.0	-0.0	0.0	-0.0	0.0	0.0	0.0	0.0	0.0	0.0	0.0	0.0	0.0	0.0	0.0	0.0	0.0	0.0	0.0	0.0	0.0	0.0	0.0	0.0	0.0	0.0	0.0	0.0	0.0	0.0	0.0	0.0	0.0	0.0	0.0	0.0	0.0	0.0	0.0	0.0	0.0	0.0	0.0	0.0	0.0	0.0	0.0	0.0	0.0	0.0	0.0	0.0	0.0	0.0	0.0
G1-139	0.03456170529624017	0.04997623088229657	0.03474561200250599	0.053454911964690814	0.04883909566321572	-0.02436406369583928	0.04585350226687228	-0.04411756173272406	-0.005375478101279645	-0.04879440686879873	-0.01935393419567306	0.035459845714510926	0.0004325698848953829	0.011684241979144519	-0.01107390376815884	0.02481185400955067	-0.012144922879103763	0.004997976258680438	0.005777365509291223	-0.004588019897354246	-0.00177072362535131	-0.003283325051008103	0.001697775259950789	-0.0004006126404034559	-0.0010618971188858684	0.0005426172310177499	-0.0	0.0	0.0	0.0	0.0	0.0	0.0	-0.0	-0.0	-0.0	-0.0	0.0	-0.0	-0.0	-0.0	-0.0	0.0	-0.0	-0.0	0.0	-0.0	0.0	0.0	-0.0	0.0	-0.0	0.0	-0.0	0.0	0.0	0.0	0.0	0.0	0.0	0.0	0.0	0.0	0.0	0.0	0.0	0.0	0.0	0.0	0.0	0.0	0.0	0.0	0.0	0.0	0.0	0.0	0.0	0.0	0.0	0.0	0.0	0.0	0.0	0.0	0.0	0.0	0.0	0.0	0.0	0.0	0.0	0.0	0.0	0.0	0.0	0.0	0.0	0.0	0.0	0.0	0.0	0.0	0.0	0.0	0.0
G1-14	0.03826340376914695	0.027687859111433358	-0.0723136227051392	0.02746039533177304	0.06876152252362801	0.002998822632291229	0.03513135295111402	-0.03593864604412259	0.001060614097872465	0.0036920223353897365	-0.012533735342736895	0.010133449530401488	0.009294443025450985	0.007391287846820747	-0.011223885941662496	0.0008350836750695451	0.0015687632588295719	-0.0012540302893160975	-0.0047551600757977765	0.0005621264586066169	0.0020760808710783753	-0.0002403000580241739	-0.0021054507617494452	0.0006693958922542385	-0.0013853698262741793	-0.0010994388936931257	-0.0	-0.0	-0.0	-0.0	-0.0	-0.0	0.0	0.0	0.0	0.0	0.0	0.0	0.0	0.0	-0.0	0.0	-0.0	0.0	-0.0	0.0	-0.0	-0.0	-0.0	0.0	0.0	-0.0	0.0	-0.0	0.0	0.0	0.0	0.0	0.0	0.0	0.0	0.0	0.0	0.0	0.0	0.0	0.0	0.0	0.0	0.0	0.0	0.0	0.0	0.0	0.0	0.0	0.0	0.0	0.0	0.0	0.0	0.0	0.0	0.0	0.0	0.0	0.0	0.0	0.0	0.0	0.0	0.0	0.0	0.0	0.0	0.0	0.0	0.0	0.0	0.0	0.0	0.0	0.0	0.0	0.0	0.0
G1-140	-0.06919113724652763	0.03695335399386961	0.040915898893445234	-0.006098472657618287	-0.020180824725211856	-0.008374980319697769	0.0037287043294418408	-0.0023263639421310495	0.002745575437998601	0.0037138276161927265	-0.006502786366084622	0.024038740482324693	0.018031316204556207	0.014319520102531092	-0.0024952812248422145	0.011334957442554397	0.003615312776467053	-0.0018937845390752136	0.014821842266584844	-0.0039454583535754135	-0.0008282064254102787	-0.0018752768891756894	0.000999633428867179	-0.0007935267184881313	0.0005273894888633964	2.5606580946029108e-05	-0.0	-0.0	-0.0	0.0	-0.0	-0.0	-0.0	0.0	0.0	-0.0	-0.0	-0.0	-0.0	0.0	0.0	0.0	-0.0	0.0	0.0	-0.0	0.0	-0.0	-0.0	0.0	-0.0	0.0	0.0	0.0	0.0	0.0	0.0	0.0	0.0	0.0	0.0	0.0	0.0	0.0	0.0	0.0	0.0	0.0	0.0	0.0	0.0	0.0	0.0	0.0	0.0	0.0	0.0	0.0	0.0	0.0	0.0	0.0	0.0	0.0	0.0	0.0	0.0	0.0	0.0	0.0	0.0	0.0	0.0	0.0	0.0	0.0	0.0	0.0	0.0	0.0	0.0	0.0	0.0	0.0	0.0	0.0
G1-141	0.035494684650959014	0.041688901285215026	0.035897387591842606	0.05498954791839029	0.05069230514701277	-0.025360159258193665	0.04098888948108908	-0.06995270898123981	-0.005830266199681467	-0.02739808800812616	0.012688883036700795	-0.0249348060694083	-0.017764895710087953	0.015372372900499198	0.009472863406757272	0.02334841362222557	-0.018865991405472966	0.01305530203974237	-0.007563550209584856	0.0072464926863833904	0.003931037330507811	0.0029177875788096905	-0.0037327557961290853	-0.0005114110132909105	-0.0009927760039832817	-0.0006105506764270351	-0.0	0.0	0.0	0.0	0.0	0.0	0.0	-0.0	-0.0	-0.0	-0.0	0.0	-0.0	-0.0	-0.0	-0.0	0.0	-0.0	-0.0	0.0	-0.0	0.0	0.0	-0.0	0.0	-0.0	0.0	-0.0	0.0	0.0	0.0	0.0	0.0	0.0	0.0	0.0	0.0	0.0	0.0	0.0	0.0	0.0	0.0	0.0	0.0	0.0	0.0	0.0	0.0	0.0	0.0	0.0	0.0	0.0	0.0	0.0	0.0	0.0	0.0	0.0	0.0	0.0	0.0	0.0	0.0	0.0	0.0	0.0	0.0	0.0	0.0	0.0	0.0	0.0	0.0	0.0	0.0	0.0	0.0	0.0
G1-142	-0.07192106311215672	0.03244388136719539	0.04402045283635429	-0.005788129570420312	-0.02135056882235562	-0.009446169385154203	-0.002280717941954601	-0.024074954584917537	0.003059822756542185	0.014352058134572741	0.017334745425203493	-0.02664331870455773	-0.0037431844756934335	0.011265929975521147	0.002610614049275248	0.004842744544533757	0.001421627979815346	-0.0002859727507208847	-0.002922079424957521	7.78734100314897e-05	-4.904174846167372e-06	-0.00040690249143041405	0.00036513590102692754	0.0001719690609931636	-0.00018710027644574284	-8.851568992865762e-05	0.0	0.0	-0.0	0.0	-0.0	-0.0	-0.0	-0.0	0.0	0.0	-0.0	0.0	0.0	0.0	0.0	0.0	-0.0	-0.0	0.0	-0.0	0.0	-0.0	-0.0	0.0	0.0	0.0	-0.0	-0.0	-0.0	0.0	0.0	0.0	0.0	0.0	0.0	0.0	0.0	0.0	0.0	0.0	0.0	0.0	0.0	0.0	0.0	0.0	0.0	0.0	0.0	0.0	0.0	0.0	0.0	0.0	0.0	0.0	0.0	0.0	0.0	0.0	0.0	0.0	0.0	0.0	0.0	0.0	0.0	0.0	0.0	0.0	0.0	0.0	0.0	0.0	0.0	0.0	0.0	0.0	0.0	0.0
G1-143	-0.07192106311215672	0.03244388136719538	0.04402045283635431	-0.005788129570420314	-0.021350568822355618	-0.009446169385154204	-0.0022807179419545827	-0.024074954584917544	0.003059822756541969	0.014352058134572758	0.017334745425203437	-0.02664331870455763	-0.0037431844756933056	0.011265929975521147	0.002610614049275257	0.004842744544533672	0.0014216279798153159	-0.00028597275072089577	-0.002922079424957329	7.787341003123353e-05	-4.9041748459255975e-06	-0.00040690249143062433	0.000365135901026458	0.0001719690609929505	-0.00018710027644565916	-8.851568992979339e-05	-0.0	-0.0	-0.0	-0.0	0.0	-0.0	-0.0	-0.0	-0.0	-0.0	-0.0	0.0	-0.0	-0.0	-0.0	0.0	0.0	0.0	-0.0	-0.0	0.0	0.0	0.0	0.0	0.0	-0.0	-0.0	0.0	0.0	0.0	0.0	0.0	0.0	0.0	0.0	0.0	0.0	0.0	0.0	0.0	0.0	0.0	0.0	0.0	0.0	0.0	0.0	0.0	0.0	0.0	0.0	0.0	0.0	0.0	0.0	0.0	0.0	0.0	0.0	0.0	0.0	0.0	0.0	0.0	0.0	0.0	0.0	0.0	0.0	0.0	0.0	0.0	0.0	0.0	0.0	0.0	0.0	0.0	0.0	0.0
G1-144	-0.07192106311215672	0.03244388136719538	0.04402045283635431	-0.005788129570420312	-0.021350568822355618	-0.009446169385154213	-0.002280717941954586	-0.024074954584917534	0.003059822756542086	0.014352058134572738	0.01733474542520353	-0.02664331870455769	-0.003743184475693389	0.011265929975521232	0.0026106140492754217	0.0048427445445340285	0.0014216279798150342	-0.0002859727507206707	-0.0029220794249575927	7.787341003144786e-05	-4.9041748462114965e-06	-0.00040690249143050594	0.00036513590102656894	0.0001719690609933532	-0.00018710027644523822	-8.851568992868989e-05	0.0	-0.0	-0.0	0.0	-0.0	0.0	-0.0	-0.0	-0.0	-0.0	-0.0	0.0	0.0	0.0	-0.0	-0.0	-0.0	-0.0	0.0	-0.0	0.0	-0.0	-0.0	0.0	-0.0	-0.0	0.0	-0.0	0.0	0.0	0.0	0.0	0.0	0.0	0.0	0.0	0.0	0.0	0.0	0.0	0.0	0.0	0.0	0.0	0.0	0.0	0.0	0.0	0.0	0.0	0.0	0.0	0.0	0.0	0.0	0.0	0.0	0.0	0.0	0.0	0.0	0.0	0.0	0.0	0.0	0.0	0.0	0.0	0.0	0.0	0.0	0.0	0.0	0.0	0.0	0.0	0.0	0.0	0.0	0.0
G1-15	0.04407553065407312	0.057470028150608234	-0.12001741956959071	0.012657312577780444	0.07996673201566662	0.00920897254483547	0.01643928477491768	-0.01726607356595062	-0.10834386372063404	-0.031337166891256936	0.019119771120533823	-0.002080009297512413	0.009124681930245184	-0.0056490602166310725	-0.0032307436410396345	0.02836587859457884	-0.007535278579732919	0.005894751116927989	-0.002863640903767365	-0.000834649874999609	0.001429722713276627	-0.00030552548529409615	-0.0007523116470490993	-0.0006036051686276603	0.00014874233466515542	0.0005748297334534982	-0.0	0.0	0.0	0.0	0.0	0.0	0.0	-0.0	-0.0	-0.0	-0.0	0.0	-0.0	-0.0	-0.0	-0.0	0.0	-0.0	-0.0	0.0	-0.0	0.0	0.0	-0.0	0.0	-0.0	0.0	-0.0	0.0	0.0	0.0	0.0	0.0	0.0	0.0	0.0	0.0	0.0	0.0	0.0	0.0	0.0	0.0	0.0	0.0	0.0	0.0	0.0	0.0	0.0	0.0	0.0	0.0	0.0	0.0	0.0	0.0	0.0	0.0	0.0	0.0	0.0	0.0	0.0	0.0	0.0	0.0	0.0	0.0	0.0	0.0	0.0	0.0	0.0	0.0	0.0	0.0	0.0	0.0	0.0
G1-175	0.38926835481854777	0.0008024086467641662	-0.12874614173755564	-0.020832848670068283	-0.19640289710088032	-0.004101886048990857	0.0037473031828484365	-0.14083712580149713	0.06017799692924255	-0.07709513402282583	0.032743039653397844	-0.03470302845606865	0.03149237481805167	-0.017394429541433692	0.0035975154535855345	-0.020781880316271484	0.008612202087103383	-0.01015712388078708	0.00327282326475682	-0.0027797163273857325	0.0007584419805500692	0.0012439782799476917	-0.0006751068823247336	0.0001935032375528829	-0.0005344866401458085	0.000358455048498151	-0.0	0.0	0.0	0.0	0.0	0.0	0.0	-0.0	-0.0	-0.0	-0.0	0.0	-0.0	-0.0	-0.0	-0.0	0.0	-0.0	-0.0	0.0	-0.0	0.0	0.0	-0.0	0.0	-0.0	0.0	-0.0	0.0	0.0	0.0	0.0	0.0	0.0	0.0	0.0	0.0	0.0	0.0	0.0	0.0	0.0	0.0	0.0	0.0	0.0	0.0	0.0	0.0	0.0	0.0	0.0	0.0	0.0	0.0	0.0	0.0	0.0	0.0	0.0	0.0	0.0	0.0	0.0	0.0	0.0	0.0	0.0	0.0	0.0	0.0	0.0	0.0	0.0	0.0	0.0	0.0	0.0	0.0	0.0
G1-176	0.2232235395543734	-0.31426688707542083	0.035769861025748126	-0.07060712394181452	-0.05064309846363793	-0.3016925413795098	-0.09273466777121256	0.0015602030190615041	-0.09694756707705408	-0.008956104783610905	-0.07658329770342426	-0.013109996695465666	-0.037204325534399535	0.04270794949222752	-0.005811230836272902	-0.01429547139946421	-0.0018324673855077136	-0.001398712188234482	-0.00012394851571487347	0.0035144513230643995	-0.0014538230925919705	-0.0001809598661704354	0.0007534683957466962	0.0001890596092452259	0.00033236365244219783	-0.00019511410371155765	-0.0	0.0	0.0	0.0	0.0	0.0	0.0	-0.0	-0.0	-0.0	-0.0	0.0	-0.0	-0.0	-0.0	-0.0	0.0	-0.0	-0.0	0.0	-0.0	0.0	0.0	-0.0	0.0	-0.0	0.0	-0.0	0.0	0.0	0.0	0.0	0.0	0.0	0.0	0.0	0.0	0.0	0.0	0.0	0.0	0.0	0.0	0.0	0.0	0.0	0.0	0.0	0.0	0.0	0.0	0.0	0.0	0.0	0.0	0.0	0.0	0.0	0.0	0.0	0.0	0.0	0.0	0.0	0.0	0.0	0.0	0.0	0.0	0.0	0.0	0.0	0.0	0.0	0.0	0.0	0.0	0.0	0.0	0.0
G1-177	-0.006808582291684917	0.05501012342661899	-0.15375164241035946	-0.12395079637099275	-0.07670656304946256	-0.1370268747861768	-0.10127027671939873	0.00371967199064177	-0.021332486625901863	0.0033606220703501738	0.05495148084298645	0.0015512846645471172	0.03272751733364126	-0.0014746554944162747	0.005636298206113059	0.007194780176890044	-0.00023060720137280322	0.0024128798019307975	0.003119429320716774	-0.0037317383455129764	0.0012332699462248452	0.00022485539241510878	-0.0008168403574711668	-4.38788716314192e-05	-0.00029714213002480583	0.00018951822080106863	-0.0	0.0	0.0	0.0	0.0	0.0	0.0	-0.0	-0.0	-0.0	-0.0	0.0	-0.0	-0.0	-0.0	-0.0	0.0	-0.0	-0.0	0.0	-0.0	0.0	0.0	-0.0	0.0	-0.0	0.0	-0.0	0.0	0.0	0.0	0.0	0.0	0.0	0.0	0.0	0.0	0.0	0.0	0.0	0.0	0.0	0.0	0.0	0.0	0.0	0.0	0.0	0.0	0.0	0.0	0.0	0.0	0.0	0.0	0.0	0.0	0.0	0.0	0.0	0.0	0.0	0.0	0.0	0.0	0.0	0.0	0.0	0.0	0.0	0.0	0.0	0.0	0.0	0.0	0.0	0.0	0.0	0.0	0.0
G1-178	-0.0672705917754215	0.024100209035259203	-0.06205690593158015	-0.026044414663791354	-0.0024696691579490504	0.01253514810319178	-0.003378106025325208	-0.007702094428206374	0.02658399445601573	0.03569065002597942	0.0009067106555785479	-0.01137156066606252	-0.0014136811589846709	0.01300131171801496	-0.009125709807855226	0.004325697177762133	-0.011069972494304385	-0.003443004944800164	0.012850773387420389	0.0005425105102714332	0.0002722434292786457	-0.002827459051942206	-0.003991077638331491	0.0009637054194430038	0.002029549810661476	-0.00026318231037358517	-0.0	0.0	0.0	0.0	0.0	0.0	0.0	-0.0	-0.0	-0.0	-0.0	0.0	-0.0	-0.0	-0.0	-0.0	0.0	-0.0	-0.0	0.0	-0.0	0.0	0.0	-0.0	0.0	-0.0	0.0	-0.0	0.0	0.0	0.0	0.0	0.0	0.0	0.0	0.0	0.0	0.0	0.0	0.0	0.0	0.0	0.0	0.0	0.0	0.0	0.0	0.0	0.0	0.0	0.0	0.0	0.0	0.0	0.0	0.0	0.0	0.0	0.0	0.0	0.0	0.0	0.0	0.0	0.0	0.0	0.0	0.0	0.0	0.0	0.0	0.0	0.0	0.0	0.0	0.0	0.0	0.0	0.0	0.0
G1-180	0.10629269113708717	-0.2457019322629109	0.07702781003797537	0.1268671984093527	-0.04803697066560728	0.13652624561247903	-0.13620852734598976	-0.05172203701324434	0.0035276643942254147	-0.017668893490495826	-0.0017365901287046146	0.010682256223024001	0.015091399690510767	-0.03035491619516116	-0.013786898921913131	0.02023529493108497	-0.013056850264176552	0.007245498856413151	-0.008326310130386263	0.0014302136350496793	-0.0003741768339206815	0.0002304315296665887	-3.477824272111271e-05	0.0004228788078213628	-0.0007258696275562278	5.7452256546365584e-05	-0.0	0.0	0.0	0.0	0.0	0.0	0.0	-0.0	-0.0	-0.0	-0.0	0.0	-0.0	-0.0	-0.0	-0.0	0.0	-0.0	-0.0	0.0	-0.0	0.0	0.0	-0.0	0.0	-0.0	0.0	-0.0	0.0	0.0	0.0	0.0	0.0	0.0	0.0	0.0	0.0	0.0	0.0	0.0	0.0	0.0	0.0	0.0	0.0	0.0	0.0	0.0	0.0	0.0	0.0	0.0	0.0	0.0	0.0	0.0	0.0	0.0	0.0	0.0	0.0	0.0	0.0	0.0	0.0	0.0	0.0	0.0	0.0	0.0	0.0	0.0	0.0	0.0	0.0	0.0	0.0	0.0	0.0	0.0
G1-182	0.04295204668477111	0.0038915746689377815	0.05945117688240339	0.04347690358634008	0.01554440260342902	-0.013750633803028892	-0.0023917082385488454	0.026568612084472483	-0.003916082326439099	0.0015588240133492723	-0.0010684643012639236	-0.040733268853119	-0.023847037884830936	-0.030024811623863112	-0.02599787214358088	-0.009828334761403193	-0.0026828713972969482	0.005439597139209097	0.015634131332779806	0.002112929816203019	0.0007633465556986023	-0.002132809831992309	-0.0039579153238863	-0.007096480714070757	0.0003921846764049246	0.00047584877464314137	-0.0	0.0	0.0	0.0	0.0	0.0	0.0	-0.0	-0.0	-0.0	-0.0	0.0	-0.0	-0.0	-0.0	-0.0	0.0	-0.0	-0.0	0.0	-0.0	0.0	0.0	-0.0	0.0	-0.0	0.0	-0.0	0.0	0.0	0.0	0.0	0.0	0.0	0.0	0.0	0.0	0.0	0.0	0.0	0.0	0.0	0.0	0.0	0.0	0.0	0.0	0.0	0.0	0.0	0.0	0.0	0.0	0.0	0.0	0.0	0.0	0.0	0.0	0.0	0.0	0.0	0.0	0.0	0.0	0.0	0.0	0.0	0.0	0.0	0.0	0.0	0.0	0.0	0.0	0.0	0.0	0.0	0.0	0.0
G1-187	-0.06919113724652762	0.03695335399386956	0.04091589889344524	-0.006098472657618294	-0.020180824725211877	-0.008374980319697784	0.003728704329441793	-0.0023263639421310187	0.0027455754379985386	0.003713827616192657	-0.0065027863660849115	0.024038740482324666	0.018031316204556114	0.014319520102531331	-0.0024952812248422913	0.011334957442554291	0.0036153127764672263	-0.0018937845390751239	0.014821842266584983	-0.003945458353575499	-0.0008282064254103252	-0.001875276889175674	0.000999633428867565	-0.000793526718488018	0.0005273894888629593	2.5606580946991168e-05	0.0	0.0	0.0	-0.0	0.0	0.0	0.0	-0.0	-0.0	0.0	0.0	0.0	-0.0	-0.0	-0.0	-0.0	0.0	-0.0	-0.0	0.0	-0.0	0.0	0.0	-0.0	0.0	-0.0	-0.0	-0.0	-0.0	0.0	0.0	0.0	0.0	0.0	0.0	0.0	0.0	0.0	0.0	0.0	0.0	0.0	0.0	0.0	0.0	0.0	0.0	0.0	0.0	0.0	0.0	0.0	0.0	0.0	0.0	0.0	0.0	0.0	0.0	0.0	0.0	0.0	0.0	0.0	0.0	0.0	0.0	0.0	0.0	0.0	0.0	0.0	0.0	0.0	0.0	0.0	0.0	0.0	0.0	0.0
G1-188	0.044916321914189185	0.01709874310733879	0.06143992080678944	0.04115651587620683	0.014417779713907813	-0.008938271125532032	0.007387431627156921	0.043216267961257916	-0.005269347045466967	0.00510554569497396	-0.006486294705407702	0.020788168459961173	0.01126468428919013	0.011617744387926536	-0.0005673757102210499	0.015297369963967957	0.007050969956260705	-0.0017376744014376809	0.015349652448835701	-0.003190113350549808	0.0004912569903181207	-0.00213855607236414	-0.0017788953903647043	-0.008755764022259705	-0.0013250533540622794	-0.0002488874674261441	-0.0	0.0	0.0	0.0	0.0	0.0	0.0	-0.0	-0.0	-0.0	-0.0	0.0	-0.0	-0.0	-0.0	-0.0	0.0	-0.0	-0.0	0.0	-0.0	0.0	0.0	-0.0	0.0	-0.0	0.0	-0.0	0.0	0.0	0.0	0.0	0.0	0.0	0.0	0.0	0.0	0.0	0.0	0.0	0.0	0.0	0.0	0.0	0.0	0.0	0.0	0.0	0.0	0.0	0.0	0.0	0.0	0.0	0.0	0.0	0.0	0.0	0.0	0.0	0.0	0.0	0.0	0.0	0.0	0.0	0.0	0.0	0.0	0.0	0.0	0.0	0.0	0.0	0.0	0.0	0.0	0.0	0.0	0.0
G1-189	0.11098728988195714	0.03274111333763198	0.0733405907849971	0.0923899856278664	-0.05647069504441049	0.08362748022126432	-0.09745546341375252	-0.005775399187227897	0.0099801048704457	-0.028949359241456616	-0.004598637693620474	0.040350258486329976	-0.007132783815636318	0.015902902653209615	-0.010373469365615945	-0.0015671469269931326	-0.012333500800326394	0.0023291757287957756	0.014175652858310508	0.0026210283732831835	-0.00315625237173749	-0.003226311593725798	0.0012256273915693583	0.000137022152940561	-0.0008824179864659127	-0.00020151511652661885	-0.0	0.0	0.0	0.0	0.0	0.0	0.0	-0.0	-0.0	-0.0	-0.0	0.0	-0.0	-0.0	-0.0	-0.0	0.0	-0.0	-0.0	0.0	-0.0	0.0	0.0	-0.0	0.0	-0.0	0.0	-0.0	0.0	0.0	0.0	0.0	0.0	0.0	0.0	0.0	0.0	0.0	0.0	0.0	0.0	0.0	0.0	0.0	0.0	0.0	0.0	0.0	0.0	0.0	0.0	0.0	0.0	0.0	0.0	0.0	0.0	0.0	0.0	0.0	0.0	0.0	0.0	0.0	0.0	0.0	0.0	0.0	0.0	0.0	0.0	0.0	0.0	0.0	0.0	0.0	0.0	0.0	0.0	0.0
G1-190	0.3314622549609496	0.020436396892106582	0.05961122400975998	-0.08801003691255177	-0.3198106229518845	0.11311036707489137	0.2504747578284445	-0.010445699865645927	-0.06860989909456429	0.055556569227725165	-0.037328995735033454	0.005669514232048125	-0.0010936306740737046	0.0028918084437276363	0.007418065317131185	0.010096730594618492	0.0003308810575415721	0.002081595521958389	0.0030638608401230005	-0.0014318991789364368	-6.445565539095748e-05	-0.00100757498220279	0.0003359908097365411	0.00017173224890291134	0.0004062723441507435	-1.4222427443471598e-05	-0.0	0.0	0.0	0.0	0.0	0.0	0.0	-0.0	-0.0	-0.0	-0.0	0.0	-0.0	-0.0	-0.0	-0.0	0.0	-0.0	-0.0	0.0	-0.0	0.0	0.0	-0.0	0.0	-0.0	0.0	-0.0	0.0	0.0	0.0	0.0	0.0	0.0	0.0	0.0	0.0	0.0	0.0	0.0	0.0	0.0	0.0	0.0	0.0	0.0	0.0	0.0	0.0	0.0	0.0	0.0	0.0	0.0	0.0	0.0	0.0	0.0	0.0	0.0	0.0	0.0	0.0	0.0	0.0	0.0	0.0	0.0	0.0	0.0	0.0	0.0	0.0	0.0	0.0	0.0	0.0	0.0	0.0	0.0
G1-192	0.12344665654817535	0.025964199174968384	0.0810467979100839	0.09943583602938069	-0.04919436745296852	0.07991493592201866	-0.0994377415756839	-0.019408575320966227	0.012146409490512473	0.001563564664793824	0.025219161744418673	-0.03846022428552275	-0.024049013254585958	0.025215193181562078	0.005815471819051884	0.002041273254822216	0.016261428880378386	-0.010394765409502692	-0.011777810320959483	0.008294327260698273	-0.0006193307135069627	-0.00011610407934914969	0.0005787089424431332	-0.00016977749631968977	0.0008302742903973508	-0.00030785975168307815	-0.0	0.0	0.0	0.0	0.0	0.0	0.0	-0.0	-0.0	-0.0	-0.0	0.0	-0.0	-0.0	-0.0	-0.0	0.0	-0.0	-0.0	0.0	-0.0	0.0	0.0	-0.0	0.0	-0.0	0.0	-0.0	0.0	0.0	0.0	0.0	0.0	0.0	0.0	0.0	0.0	0.0	0.0	0.0	0.0	0.0	0.0	0.0	0.0	0.0	0.0	0.0	0.0	0.0	0.0	0.0	0.0	0.0	0.0	0.0	0.0	0.0	0.0	0.0	0.0	0.0	0.0	0.0	0.0	0.0	0.0	0.0	0.0	0.0	0.0	0.0	0.0	0.0	0.0	0.0	0.0	0.0	0.0	0.0
G1-193	-0.06982141928984915	0.028928455714440877	0.037007375544854136	-0.005624382390703112	-0.011916908083996779	-0.00957795260123567	0.0014605770823532655	-0.026932226177115257	-0.008908919427932859	0.03147885163773043	0.020003402969518594	0.013848547466861197	0.010718911762760831	-0.0026081011224533255	-0.005707444625657212	-0.022317566827026396	-0.002203883089511255	0.0020939043701767896	-0.0013135625719818652	0.0009640125562590968	0.0012140856075828895	-0.008908238889735106	-0.0034000174867375855	0.0005442834263336076	-0.00011627049915023914	-0.0010094965689217846	-0.0	0.0	0.0	0.0	0.0	0.0	0.0	-0.0	-0.0	-0.0	-0.0	0.0	-0.0	-0.0	-0.0	-0.0	0.0	-0.0	-0.0	0.0	-0.0	0.0	0.0	-0.0	0.0	-0.0	0.0	-0.0	0.0	0.0	0.0	0.0	0.0	0.0	0.0	0.0	0.0	0.0	0.0	0.0	0.0	0.0	0.0	0.0	0.0	0.0	0.0	0.0	0.0	0.0	0.0	0.0	0.0	0.0	0.0	0.0	0.0	0.0	0.0	0.0	0.0	0.0	0.0	0.0	0.0	0.0	0.0	0.0	0.0	0.0	0.0	0.0	0.0	0.0	0.0	0.0	0.0	0.0	0.0	0.0
G2-1100	-0.07271457772255366	0.03750366798707374	0.04053892646346583	-0.007287129198018678	-0.022881929998770627	-0.010217325511520546	0.0015472012334586999	0.004989808531952416	0.006581340749485914	-0.01105285941151096	-0.010608805146849686	0.008172081816008689	0.006284289611098073	0.0014872942432972978	-0.01706413311266761	0.0017783512010602297	0.003956511561827264	-0.007257046207781727	-0.007366100662696135	-0.0014211098472600783	0.0008473576238824156	0.0020625913193102973	0.0006909759870368161	0.0004119771841725191	-0.00025942835786817674	-0.00019226365798876178	0.0	0.0	0.0	0.0	-0.0	-0.0	-0.0	-0.0	-0.0	-0.0	-0.0	-0.0	-0.0	-0.0	0.0	0.0	-0.0	0.0	0.0	0.0	-0.0	0.0	0.0	-0.0	0.0	0.0	0.0	-0.0	0.0	0.0	0.0	0.0	0.0	0.0	0.0	0.0	0.0	0.0	0.0	0.0	0.0	0.0	0.0	0.0	0.0	0.0	0.0	0.0	0.0	0.0	0.0	0.0	0.0	0.0	0.0	0.0	0.0	0.0	0.0	0.0	0.0	0.0	0.0	0.0	0.0	0.0	0.0	0.0	0.0	0.0	0.0	0.0	0.0	0.0	0.0	0.0	0.0	0.0	0.0	0.0
G2-1101	-0.07271457772255364	0.03750366798707373	0.04053892646346583	-0.007287129198018684	-0.02288192999877063	-0.010217325511520539	0.0015472012334587016	0.004989808531952414	0.006581340749485911	-0.011052859411510992	-0.010608805146849701	0.008172081816008687	0.006284289611098101	0.0014872942432972867	-0.017064133112667586	0.0017783512010602204	0.003956511561827249	-0.007257046207781757	-0.007366100662696155	-0.0014211098472601256	0.0008473576238823824	0.0020625913193102	0.0006909759870368954	0.00041197718417256837	-0.0002594283578679406	-0.00019226365798885624	-0.0	-0.0	-0.0	0.0	0.0	0.0	0.0	-0.0	-0.0	0.0	0.0	0.0	-0.0	0.0	0.0	-0.0	0.0	0.0	0.0	-0.0	0.0	-0.0	0.0	-0.0	-0.0	0.0	0.0	-0.0	0.0	0.0	0.0	0.0	0.0	0.0	0.0	0.0	0.0	0.0	0.0	0.0	0.0	0.0	0.0	0.0	0.0	0.0	0.0	0.0	0.0	0.0	0.0	0.0	0.0	0.0	0.0	0.0	0.0	0.0	0.0	0.0	0.0	0.0	0.0	0.0	0.0	0.0	0.0	0.0	0.0	0.0	0.0	0.0	0.0	0.0	0.0	0.0	0.0	0.0	0.0	0.0
G2-1102	-0.07271457772255364	0.03750366798707373	0.040538926463465824	-0.007287129198018684	-0.022881929998770627	-0.010217325511520537	0.0015472012334587066	0.004989808531952415	0.006581340749485915	-0.011052859411510971	-0.010608805146849691	0.008172081816008704	0.00628428961109808	0.0014872942432972614	-0.017064133112667582	0.001778351201060178	0.003956511561827251	-0.007257046207781746	-0.0073661006626961805	-0.0014211098472601512	0.0008473576238823508	0.0020625913193102014	0.0006909759870369	0.0004119771841727153	-0.0002594283578680626	-0.0001922636579887204	-0.0	-0.0	0.0	-0.0	-0.0	0.0	-0.0	0.0	0.0	0.0	-0.0	-0.0	-0.0	0.0	0.0	-0.0	0.0	-0.0	-0.0	-0.0	0.0	-0.0	0.0	-0.0	0.0	0.0	0.0	-0.0	0.0	0.0	0.0	0.0	0.0	0.0	0.0	0.0	0.0	0.0	0.0	0.0	0.0	0.0	0.0	0.0	0.0	0.0	0.0	0.0	0.0	0.0	0.0	0.0	0.0	0.0	0.0	0.0	0.0	0.0	0.0	0.0	0.0	0.0	0.0	0.0	0.0	0.0	0.0	0.0	0.0	0.0	0.0	0.0	0.0	0.0	0.0	0.0	0.0	0.0	0.0	0.0
G2-1103	0.04268814210262272	0.01609907923721662	0.059567998535401435	0.03988943387307312	0.0123029488994393	-0.010332188571575857	0.005281874034922268	0.04999692127710159	-0.0027199739636911214	-0.011118622371933562	-0.01270688352075105	0.011270045310283016	0.0027625754799018945	-0.0063465330868736946	-0.014920081558855533	0.0015261907153743524	0.002202858160249697	-0.0029671104952065873	-0.0006507852915636074	0.004961825135493737	0.004095236146554971	0.005045476814488901	-0.004151716768105442	0.0007235583788050207	0.0016981925381116018	-0.0008246491796625707	-0.0	0.0	0.0	0.0	0.0	0.0	0.0	-0.0	-0.0	-0.0	-0.0	0.0	-0.0	-0.0	-0.0	-0.0	0.0	-0.0	-0.0	0.0	-0.0	0.0	0.0	-0.0	0.0	-0.0	0.0	-0.0	0.0	0.0	0.0	0.0	0.0	0.0	0.0	0.0	0.0	0.0	0.0	0.0	0.0	0.0	0.0	0.0	0.0	0.0	0.0	0.0	0.0	0.0	0.0	0.0	0.0	0.0	0.0	0.0	0.0	0.0	0.0	0.0	0.0	0.0	0.0	0.0	0.0	0.0	0.0	0.0	0.0	0.0	0.0	0.0	0.0	0.0	0.0	0.0	0.0	0.0	0.0	0.0
G2-1104	0.18797442814692103	0.008671197906660958	-0.0812614407401043	0.04217132403100828	-0.04831106582886056	0.03769364652293408	-0.16324793175901206	0.021827632544011984	0.06255342534633049	0.022210461982107015	-0.023114004957481313	0.024984635237973316	-0.00948465694215605	0.008489294298352112	0.03815109451648957	0.004306375580643734	0.012442615530191154	0.003445732887998594	0.008885753000783507	-0.002057514503358657	-0.0008159784053848751	-0.0030909508569160206	0.0014027680123655912	0.0005086710048343042	0.0011564355778652885	-0.0008678692600974851	-0.0	0.0	0.0	0.0	0.0	0.0	0.0	-0.0	-0.0	-0.0	-0.0	0.0	-0.0	-0.0	-0.0	-0.0	0.0	-0.0	-0.0	0.0	-0.0	0.0	0.0	-0.0	0.0	-0.0	0.0	-0.0	0.0	0.0	0.0	0.0	0.0	0.0	0.0	0.0	0.0	0.0	0.0	0.0	0.0	0.0	0.0	0.0	0.0	0.0	0.0	0.0	0.0	0.0	0.0	0.0	0.0	0.0	0.0	0.0	0.0	0.0	0.0	0.0	0.0	0.0	0.0	0.0	0.0	0.0	0.0	0.0	0.0	0.0	0.0	0.0	0.0	0.0	0.0	0.0	0.0	0.0	0.0	0.0
G2-1105	0.03986689661247145	0.01225709522597657	0.06179648764354135	0.03920936820056456	0.008762126390635281	-0.008332528319878586	0.002405967822037047	0.04955115861259807	0.00017901459547542292	-0.014881157288363044	-0.0020404134307499457	-0.0032765638184040404	-0.023974504328670675	-0.010601077715630021	0.01265062492338327	-0.0027996535308431967	-0.0030827779806805247	-0.0030078324997014753	-0.00997562247821171	-0.009100708270743196	-0.003842143092943781	-0.003649701084356972	0.006264001947881816	0.0019758734286168694	-0.0009159961817716782	0.00018555996753180504	-0.0	0.0	0.0	0.0	0.0	0.0	0.0	-0.0	-0.0	-0.0	-0.0	0.0	-0.0	-0.0	-0.0	-0.0	0.0	-0.0	-0.0	0.0	-0.0	0.0	0.0	-0.0	0.0	-0.0	0.0	-0.0	0.0	0.0	0.0	0.0	0.0	0.0	0.0	0.0	0.0	0.0	0.0	0.0	0.0	0.0	0.0	0.0	0.0	0.0	0.0	0.0	0.0	0.0	0.0	0.0	0.0	0.0	0.0	0.0	0.0	0.0	0.0	0.0	0.0	0.0	0.0	0.0	0.0	0.0	0.0	0.0	0.0	0.0	0.0	0.0	0.0	0.0	0.0	0.0	0.0	0.0	0.0	0.0
G2-1106	-0.07400162659171663	0.03043968637360765	0.040807393617410266	-0.008345808631178732	-0.025956162376317104	-0.007544126385159788	-0.0016029699507533115	0.003695217300206493	0.007674761847792192	-0.01310167824170093	-0.0002206844563732604	0.0001083679732871866	-0.012748114889905859	-0.006395416022540548	0.005689163486768182	-0.00336336199742938	-0.001272852224018234	0.0011946464396398382	-0.0006720198750833999	-0.0027109385832084633	-0.0008787922362412076	-0.0019202674319668065	0.0010723946846562013	0.0006863495187987815	0.0004481024231412899	5.575324675964208e-05	0.0	-0.0	0.0	0.0	-0.0	0.0	0.0	0.0	0.0	-0.0	-0.0	0.0	0.0	-0.0	0.0	0.0	0.0	-0.0	-0.0	-0.0	0.0	0.0	-0.0	0.0	0.0	-0.0	0.0	0.0	-0.0	0.0	0.0	0.0	0.0	0.0	0.0	0.0	0.0	0.0	0.0	0.0	0.0	0.0	0.0	0.0	0.0	0.0	0.0	0.0	0.0	0.0	0.0	0.0	0.0	0.0	0.0	0.0	0.0	0.0	0.0	0.0	0.0	0.0	0.0	0.0	0.0	0.0	0.0	0.0	0.0	0.0	0.0	0.0	0.0	0.0	0.0	0.0	0.0	0.0	0.0	0.0
G2-1107	0.04094858081852424	0.009766895815307217	0.05979984397939206	0.038269895643990054	0.009107459107778182	-0.007983689783832817	0.0025453738456380414	0.048267689888375966	-0.0007775770308213651	-0.013631993419755574	-0.002722022944072091	0.0004453075587667502	-0.017154628078067054	-0.012166472054119816	0.012321347847782622	-0.004754245304087067	-0.003683104099322513	0.009026506029273884	0.002826833688175946	0.004879936895965513	-0.0006685699405679407	0.0009501997346894137	-0.0003733173928087116	0.002676169448474458	-5.0616002533474296e-05	-0.0003567575485655356	-0.0	0.0	0.0	0.0	0.0	0.0	0.0	-0.0	-0.0	-0.0	-0.0	0.0	-0.0	-0.0	-0.0	-0.0	0.0	-0.0	-0.0	0.0	-0.0	0.0	0.0	-0.0	0.0	-0.0	0.0	-0.0	0.0	0.0	0.0	0.0	0.0	0.0	0.0	0.0	0.0	0.0	0.0	0.0	0.0	0.0	0.0	0.0	0.0	0.0	0.0	0.0	0.0	0.0	0.0	0.0	0.0	0.0	0.0	0.0	0.0	0.0	0.0	0.0	0.0	0.0	0.0	0.0	0.0	0.0	0.0	0.0	0.0	0.0	0.0	0.0	0.0	0.0	0.0	0.0	0.0	0.0	0.0	0.0
G2-1108	-0.07400162659171663	0.03043968637360765	0.040807393617410266	-0.00834580863117873	-0.025956162376317104	-0.007544126385159792	-0.0016029699507533115	0.0036952173002064944	0.007674761847792196	-0.013101678241700923	-0.00022068445637325992	0.00010836797328719242	-0.012748114889905853	-0.006395416022540525	0.005689163486768169	-0.0033633619974293622	-0.00127285222401822	0.0011946464396398293	-0.0006720198750833575	-0.00271093858320854	-0.0008787922362411717	-0.0019202674319667935	0.0010723946846562446	0.0006863495187988378	0.0004481024231412284	5.575324675974421e-05	-0.0	-0.0	-0.0	-0.0	0.0	0.0	-0.0	-0.0	0.0	-0.0	-0.0	0.0	0.0	-0.0	0.0	-0.0	-0.0	-0.0	-0.0	0.0	-0.0	0.0	-0.0	-0.0	0.0	-0.0	0.0	0.0	-0.0	0.0	0.0	0.0	0.0	0.0	0.0	0.0	0.0	0.0	0.0	0.0	0.0	0.0	0.0	0.0	0.0	0.0	0.0	0.0	0.0	0.0	0.0	0.0	0.0	0.0	0.0	0.0	0.0	0.0	0.0	0.0	0.0	0.0	0.0	0.0	0.0	0.0	0.0	0.0	0.0	0.0	0.0	0.0	0.0	0.0	0.0	0.0	0.0	0.0	0.0	0.0
G2-1109	-0.07400162659171663	0.030439686373607642	0.040807393617410266	-0.008345808631178724	-0.025956162376317093	-0.0075441263851597894	-0.0016029699507533082	0.003695217300206485	0.007674761847792205	-0.01310167824170094	-0.00022068445637327786	0.00010836797328720155	-0.012748114889905841	-0.006395416022540526	0.005689163486768185	-0.0033633619974293375	-0.001272852224018233	0.0011946464396398546	-0.0006720198750833776	-0.002710938583208561	-0.0008787922362412126	-0.0019202674319667619	0.0010723946846562871	0.0006863495187987573	0.00044810242314130257	5.575324676032226e-05	-0.0	0.0	0.0	0.0	0.0	0.0	-0.0	0.0	0.0	-0.0	-0.0	0.0	0.0	0.0	0.0	-0.0	-0.0	0.0	0.0	-0.0	0.0	0.0	0.0	0.0	0.0	-0.0	0.0	-0.0	-0.0	0.0	0.0	0.0	0.0	0.0	0.0	0.0	0.0	0.0	0.0	0.0	0.0	0.0	0.0	0.0	0.0	0.0	0.0	0.0	0.0	0.0	0.0	0.0	0.0	0.0	0.0	0.0	0.0	0.0	0.0	0.0	0.0	0.0	0.0	0.0	0.0	0.0	0.0	0.0	0.0	0.0	0.0	0.0	0.0	0.0	0.0	0.0	0.0	0.0	0.0	0.0
G2-1110	-0.07400162659171663	0.030439686373607642	0.040807393617410266	-0.008345808631178725	-0.025956162376317093	-0.0075441263851597894	-0.001602969950753305	0.0036952173002064875	0.007674761847792209	-0.013101678241700934	-0.0002206844563732675	0.0001083679732872032	-0.012748114889905853	-0.00639541602254053	0.005689163486768203	-0.0033633619974293215	-0.0012728522240182624	0.001194646439639857	-0.0006720198750834122	-0.0027109385832085353	-0.0008787922362413119	-0.0019202674319667699	0.00107239468465632	0.0006863495187988551	0.00044810242314132344	5.575324676059584e-05	0.0	0.0	-0.0	-0.0	0.0	0.0	0.0	0.0	-0.0	-0.0	0.0	0.0	0.0	0.0	0.0	0.0	0.0	-0.0	-0.0	0.0	-0.0	0.0	0.0	0.0	-0.0	-0.0	0.0	-0.0	0.0	0.0	0.0	0.0	0.0	0.0	0.0	0.0	0.0	0.0	0.0	0.0	0.0	0.0	0.0	0.0	0.0	0.0	0.0	0.0	0.0	0.0	0.0	0.0	0.0	0.0	0.0	0.0	0.0	0.0	0.0	0.0	0.0	0.0	0.0	0.0	0.0	0.0	0.0	0.0	0.0	0.0	0.0	0.0	0.0	0.0	0.0	0.0	0.0	0.0	0.0	0.0
G2-1111	-0.07240827692498701	0.02609770469087708	-0.05870102919994871	-0.02952248049169387	-0.011701322262965034	0.014853741055514513	-0.0009167911937711583	0.016463438230963415	0.04163833217288229	-0.0017486399623137963	-0.023565872808542405	-0.007907258069855797	-0.020364059873306518	0.003889709231601253	0.006829331383999811	-0.001743012628467623	-0.0001593313522385533	-0.004147986098624087	-0.006751733993495695	-0.004472842222636783	-0.004533543850882463	-0.0002522291736598798	-0.0007506012128979969	6.881273737099428e-05	-0.0005456612329632502	8.308485859992558e-05	-0.0	0.0	0.0	-0.0	-0.0	0.0	-0.0	0.0	-0.0	-0.0	0.0	-0.0	-0.0	-0.0	-0.0	-0.0	0.0	-0.0	0.0	0.0	0.0	-0.0	0.0	-0.0	0.0	-0.0	-0.0	0.0	-0.0	0.0	0.0	0.0	0.0	0.0	0.0	0.0	0.0	0.0	0.0	0.0	0.0	0.0	0.0	0.0	0.0	0.0	0.0	0.0	0.0	0.0	0.0	0.0	0.0	0.0	0.0	0.0	0.0	0.0	0.0	0.0	0.0	0.0	0.0	0.0	0.0	0.0	0.0	0.0	0.0	0.0	0.0	0.0	0.0	0.0	0.0	0.0	0.0	0.0	0.0	0.0
G2-1113	-0.07240827692498701	0.026097704690877077	-0.058701029199948726	-0.029522480491693866	-0.011701322262965027	0.014853741055514508	-0.0009167911937711699	0.016463438230963433	0.041638332172882306	-0.001748639962313789	-0.023565872808542415	-0.007907258069855785	-0.020364059873306528	0.003889709231601242	0.006829331383999813	-0.0017430126284676195	-0.00015933135223858275	-0.004147986098624089	-0.00675173399349574	-0.004472842222636793	-0.004533543850882456	-0.0002522291736598911	-0.0007506012128979318	6.881273737107187e-05	-0.0005456612329634361	8.308485859983484e-05	0.0	-0.0	-0.0	0.0	0.0	-0.0	0.0	-0.0	0.0	0.0	-0.0	0.0	-0.0	0.0	0.0	0.0	-0.0	0.0	-0.0	-0.0	-0.0	0.0	-0.0	0.0	-0.0	0.0	0.0	-0.0	0.0	0.0	0.0	0.0	0.0	0.0	0.0	0.0	0.0	0.0	0.0	0.0	0.0	0.0	0.0	0.0	0.0	0.0	0.0	0.0	0.0	0.0	0.0	0.0	0.0	0.0	0.0	0.0	0.0	0.0	0.0	0.0	0.0	0.0	0.0	0.0	0.0	0.0	0.0	0.0	0.0	0.0	0.0	0.0	0.0	0.0	0.0	0.0	0.0	0.0	0.0	0.0
G2-194	0.06741160375113664	0.03381694803548584	0.04270707896888742	0.06032553693085938	0.05272789346079168	-0.019979754336989064	0.04218490360148147	-0.016550188964064162	-0.0150596690441239	-0.026101422631789176	0.004030153671494065	0.031176187782480314	-0.006440849157942036	-0.007229687004497127	0.02109745777847107	-0.016340928550818805	-0.0008570042774496293	-0.011923500793344132	-0.0011036103858741396	0.002807264664500634	0.002628453799392167	0.0041321606622492435	-0.0023994247332647612	-0.0011166408957181174	0.0012953015789745955	-0.0005285896171346585	-0.0	0.0	0.0	0.0	0.0	0.0	0.0	-0.0	-0.0	-0.0	-0.0	0.0	-0.0	-0.0	-0.0	-0.0	0.0	-0.0	-0.0	0.0	-0.0	0.0	0.0	-0.0	0.0	-0.0	0.0	-0.0	0.0	0.0	0.0	0.0	0.0	0.0	0.0	0.0	0.0	0.0	0.0	0.0	0.0	0.0	0.0	0.0	0.0	0.0	0.0	0.0	0.0	0.0	0.0	0.0	0.0	0.0	0.0	0.0	0.0	0.0	0.0	0.0	0.0	0.0	0.0	0.0	0.0	0.0	0.0	0.0	0.0	0.0	0.0	0.0	0.0	0.0	0.0	0.0	0.0	0.0	0.0	0.0
G2-197	0.07021356635486624	0.015562858576205481	-0.06179235084957251	0.03595931428054963	0.06831857552259996	0.008746196981888976	0.035600198474847966	0.008798945990286711	0.0012781258437230603	-0.009555600981467417	-0.013010517218813201	0.012130931591093361	-0.01610305708419753	-0.011780274728279007	0.0470748697545059	-0.015000232672131231	0.01077994707683773	-0.006439000603508459	0.002225842093835144	-0.0021375581144272267	0.0015975587742232714	0.00012881569919783364	-0.0018382298858222908	-0.00042319764471386134	0.0005788944790919172	8.254065453818929e-05	-0.0	0.0	0.0	0.0	0.0	0.0	0.0	-0.0	-0.0	-0.0	-0.0	0.0	-0.0	-0.0	-0.0	-0.0	0.0	-0.0	-0.0	0.0	-0.0	0.0	0.0	-0.0	0.0	-0.0	0.0	-0.0	0.0	0.0	0.0	0.0	0.0	0.0	0.0	0.0	0.0	0.0	0.0	0.0	0.0	0.0	0.0	0.0	0.0	0.0	0.0	0.0	0.0	0.0	0.0	0.0	0.0	0.0	0.0	0.0	0.0	0.0	0.0	0.0	0.0	0.0	0.0	0.0	0.0	0.0	0.0	0.0	0.0	0.0	0.0	0.0	0.0	0.0	0.0	0.0	0.0	0.0	0.0	0.0
G2-198	-0.1547125990427412	-0.1879327782749856	0.0803733794456631	-0.012899379011034676	-0.032715046590210003	-0.004278401207553235	0.01473742312047005	-0.0562810780530577	-0.0006862540930499662	-0.008057855732411067	0.0325546498265642	0.013053930568720491	0.013814495240600314	0.0035082344126999925	-0.002572667701429274	-0.0015361896230943967	0.00012350017780058398	0.00189981873847329	-0.0012314805294173594	0.001027866893676738	-0.00046671213538042956	-0.00030017862284896745	0.00020662336009659386	0.0002541936419927972	-1.7191015770118083e-05	-1.5810097881017672e-05	0.0	0.0	-0.0	-0.0	0.0	0.0	-0.0	-0.0	0.0	0.0	0.0	-0.0	-0.0	-0.0	-0.0	0.0	-0.0	0.0	-0.0	-0.0	-0.0	-0.0	0.0	0.0	0.0	-0.0	0.0	0.0	0.0	0.0	0.0	0.0	0.0	0.0	0.0	0.0	0.0	0.0	0.0	0.0	0.0	0.0	0.0	0.0	0.0	0.0	0.0	0.0	0.0	0.0	0.0	0.0	0.0	0.0	0.0	0.0	0.0	0.0	0.0	0.0	0.0	0.0	0.0	0.0	0.0	0.0	0.0	0.0	0.0	0.0	0.0	0.0	0.0	0.0	0.0	0.0	0.0	0.0	0.0	0.0
G2-199	0.0416121779248074	0.018639061641247207	0.06156664181890067	0.04082946793418519	0.011967892329049695	-0.010698780943279619	0.005150937272833224	0.0512738325509217	-0.0017485244318423173	-0.012342125816998256	-0.012070004076864484	0.007539661932030775	-0.003947460470427175	-0.004533737485342866	-0.014695548395235784	0.0036757723394263597	0.0030196926692655666	-0.015095291343969726	-0.013550174924632976	-0.009424607487019733	0.0006678724535299891	-0.00023248164456620796	0.002559462490724048	-6.623239241595979e-05	0.00037032006108312645	-2.6479265785213952e-05	-0.0	0.0	0.0	0.0	0.0	0.0	0.0	-0.0	-0.0	-0.0	-0.0	0.0	-0.0	-0.0	-0.0	-0.0	0.0	-0.0	-0.0	0.0	-0.0	0.0	0.0	-0.0	0.0	-0.0	0.0	-0.0	0.0	0.0	0.0	0.0	0.0	0.0	0.0	0.0	0.0	0.0	0.0	0.0	0.0	0.0	0.0	0.0	0.0	0.0	0.0	0.0	0.0	0.0	0.0	0.0	0.0	0.0	0.0	0.0	0.0	0.0	0.0	0.0	0.0	0.0	0.0	0.0	0.0	0.0	0.0	0.0	0.0	0.0	0.0	0.0	0.0	0.0	0.0	0.0	0.0	0.0	0.0	0.0
G2-21	0.12382147210035044	-0.28770332039849994	-0.10632577732177625	-0.012610631844419537	0.04042545083122217	0.07413990855740478	0.12663050914796292	0.1697052331870908	0.051687786844762905	-0.08026734533158099	0.07974879543487759	-0.0033250200972250537	-0.004170235053115403	0.06083364740412836	-0.018080674836871775	-0.013270813142017413	0.0006903414898552125	0.0032875630538106494	0.00421651746372694	0.00027438023693526336	2.0195158577084287e-05	-0.0013461475866393634	-4.135117593555938e-05	-0.000295655030029647	0.0003055761018281344	6.801534331024757e-05	-0.0	0.0	0.0	0.0	0.0	0.0	0.0	-0.0	-0.0	-0.0	-0.0	0.0	-0.0	-0.0	-0.0	-0.0	0.0	-0.0	-0.0	0.0	-0.0	0.0	0.0	-0.0	0.0	-0.0	0.0	-0.0	0.0	0.0	0.0	0.0	0.0	0.0	0.0	0.0	0.0	0.0	0.0	0.0	0.0	0.0	0.0	0.0	0.0	0.0	0.0	0.0	0.0	0.0	0.0	0.0	0.0	0.0	0.0	0.0	0.0	0.0	0.0	0.0	0.0	0.0	0.0	0.0	0.0	0.0	0.0	0.0	0.0	0.0	0.0	0.0	0.0	0.0	0.0	0.0	0.0	0.0	0.0	0.0
G2-210	-0.1377614927201718	-0.18490175796034553	-0.07621710448453625	-0.04299435138226027	-0.003402688884952253	0.037952581056432934	0.012353035654383827	-0.010498324997495815	0.01224484858731979	0.004670100512603721	-0.02396911874372223	0.048379390288380744	0.01408448040642483	0.006102442089374672	0.04208674679867334	0.0008654371823058474	0.00373431045011302	-0.006331225816255558	-0.0034374922766655094	-0.0037001343434863213	0.0015223051566114385	0.002928571112365746	-0.0014916056981014645	-0.00033357533423106103	-0.0004064310538032896	0.0001257581242843567	-0.0	0.0	0.0	0.0	0.0	0.0	0.0	-0.0	-0.0	-0.0	-0.0	0.0	-0.0	-0.0	-0.0	-0.0	0.0	-0.0	-0.0	0.0	-0.0	0.0	0.0	-0.0	0.0	-0.0	0.0	-0.0	0.0	0.0	0.0	0.0	0.0	0.0	0.0	0.0	0.0	0.0	0.0	0.0	0.0	0.0	0.0	0.0	0.0	0.0	0.0	0.0	0.0	0.0	0.0	0.0	0.0	0.0	0.0	0.0	0.0	0.0	0.0	0.0	0.0	0.0	0.0	0.0	0.0	0.0	0.0	0.0	0.0	0.0	0.0	0.0	0.0	0.0	0.0	0.0	0.0	0.0	0.0	0.0
G2-211	0.3099929116039026	-0.004710937801555838	0.21039804754044988	-0.49100011731292187	0.21149046001734362	0.12451254460583203	-0.05570583057404881	-0.045708358797046114	0.01137934368250935	0.004968349776595132	0.016187523290248137	0.017166357290341584	-0.022123390208673196	-0.0068518471142127585	-0.005665288116412759	0.0038049650740484458	0.0032137492657579344	-0.0014597288790451192	-3.3923833457886034e-05	-0.00018840669879565685	0.0005435473015947054	0.00046065025676482306	-0.0003881104725087215	-0.0002493419298561192	-4.19788402991648e-05	-2.53755067809014e-05	-0.0	0.0	0.0	0.0	0.0	0.0	0.0	-0.0	-0.0	-0.0	-0.0	0.0	-0.0	-0.0	-0.0	-0.0	0.0	-0.0	-0.0	0.0	-0.0	0.0	0.0	-0.0	0.0	-0.0	0.0	-0.0	0.0	0.0	0.0	0.0	0.0	0.0	0.0	0.0	0.0	0.0	0.0	0.0	0.0	0.0	0.0	0.0	0.0	0.0	0.0	0.0	0.0	0.0	0.0	0.0	0.0	0.0	0.0	0.0	0.0	0.0	0.0	0.0	0.0	0.0	0.0	0.0	0.0	0.0	0.0	0.0	0.0	0.0	0.0	0.0	0.0	0.0	0.0	0.0	0.0	0.0	0.0	0.0
G2-212	0.01854228482583285	-0.22299865175547434	0.0842163431846187	0.08298333597311582	0.0627774579402651	0.001045459125892701	0.028736030055734944	0.0032538209258972297	-0.026774796352370483	0.04334069962029792	0.025802324979299525	-0.009915991200163225	0.01639096754585675	-0.02513715849859269	0.004840712497866065	0.007325274990578874	0.004625474428843631	0.000458784113985402	0.0016693972917239373	-0.001790649438778507	-0.001480275993238353	-0.001400836798641343	0.0015185445456556348	0.0004633092266796859	0.0002021403690190369	-0.00019852835677458433	-0.0	0.0	0.0	0.0	0.0	0.0	0.0	-0.0	-0.0	-0.0	-0.0	0.0	-0.0	-0.0	-0.0	-0.0	0.0	-0.0	-0.0	0.0	-0.0	0.0	0.0	-0.0	0.0	-0.0	0.0	-0.0	0.0	0.0	0.0	0.0	0.0	0.0	0.0	0.0	0.0	0.0	0.0	0.0	0.0	0.0	0.0	0.0	0.0	0.0	0.0	0.0	0.0	0.0	0.0	0.0	0.0	0.0	0.0	0.0	0.0	0.0	0.0	0.0	0.0	0.0	0.0	0.0	0.0	0.0	0.0	0.0	0.0	0.0	0.0	0.0	0.0	0.0	0.0	0.0	0.0	0.0	0.0	0.0
G2-213	-0.07029718754222522	0.03280394798119161	0.04418512570845644	-0.007908055070469147	-0.026616727082317593	-0.005827442221411268	0.001514757366377449	-0.005772647679877768	0.007072565366654651	-0.0016218844636976318	0.005474707149587375	-0.0005194122642375915	0.001099050678298139	0.014123914721078558	0.028952568686639268	0.005353542003973146	-0.00036191192513759384	0.0020752122354322534	0.0037483747115807944	0.010405221290920705	0.006433925425604258	0.005544700052256775	-0.008442967798341097	-0.0019740313977851297	0.000413018393525494	0.00011404356703803033	-0.0	0.0	0.0	0.0	0.0	0.0	0.0	-0.0	-0.0	-0.0	-0.0	0.0	-0.0	-0.0	-0.0	-0.0	0.0	-0.0	-0.0	0.0	-0.0	0.0	0.0	-0.0	0.0	-0.0	0.0	-0.0	0.0	0.0	0.0	0.0	0.0	0.0	0.0	0.0	0.0	0.0	0.0	0.0	0.0	0.0	0.0	0.0	0.0	0.0	0.0	0.0	0.0	0.0	0.0	0.0	0.0	0.0	0.0	0.0	0.0	0.0	0.0	0.0	0.0	0.0	0.0	0.0	0.0	0.0	0.0	0.0	0.0	0.0	0.0	0.0	0.0	0.0	0.0	0.0	0.0	0.0	0.0	0.0
G2-214	0.044769410227520234	0.011583077221452744	0.06515725977557824	0.043598588578928885	0.01564005365833381	-0.010339434569835514	0.0025487694578747834	0.02167910539599165	-0.004042394897024078	0.021315759222816606	0.021509792746260192	-0.03645682459630736	-0.01132291660240453	0.014627032603323173	0.01684108022519039	0.015167331756213409	0.0010233115755754452	-0.004497156668477639	-0.011358528647029232	-0.0020738361760199555	0.004199269671339182	0.0031775220963937145	-0.00274495998858074	-0.003477977808829207	-0.0018221585748621298	0.0004402257824808932	-0.0	0.0	0.0	0.0	0.0	0.0	0.0	-0.0	-0.0	-0.0	-0.0	0.0	-0.0	-0.0	-0.0	-0.0	0.0	-0.0	-0.0	0.0	-0.0	0.0	0.0	-0.0	0.0	-0.0	0.0	-0.0	0.0	0.0	0.0	0.0	0.0	0.0	0.0	0.0	0.0	0.0	0.0	0.0	0.0	0.0	0.0	0.0	0.0	0.0	0.0	0.0	0.0	0.0	0.0	0.0	0.0	0.0	0.0	0.0	0.0	0.0	0.0	0.0	0.0	0.0	0.0	0.0	0.0	0.0	0.0	0.0	0.0	0.0	0.0	0.0	0.0	0.0	0.0	0.0	0.0	0.0	0.0	0.0
G2-215	-0.07192106311215672	0.03244388136719533	0.044020452836354286	-0.005788129570420191	-0.021350568822355698	-0.00944616938515435	-0.00228071794195459	-0.0240749545849175	0.003059822756541892	0.014352058134572694	0.017334745425203305	-0.026643318704557783	-0.0037431844756934235	0.011265929975521335	0.0026106140492753445	0.004842744544533594	0.001421627979815062	-0.0002859727507208395	-0.002922079424957401	7.787341003162162e-05	-4.904174846329848e-06	-0.00040690249143066233	0.00036513590102686655	0.00017196906099348794	-0.00018710027644475402	-8.851568992951852e-05	-0.0	0.0	-0.0	-0.0	0.0	0.0	-0.0	0.0	-0.0	0.0	-0.0	-0.0	-0.0	-0.0	0.0	0.0	0.0	0.0	-0.0	-0.0	0.0	-0.0	-0.0	-0.0	-0.0	0.0	0.0	0.0	-0.0	0.0	0.0	0.0	0.0	0.0	0.0	0.0	0.0	0.0	0.0	0.0	0.0	0.0	0.0	0.0	0.0	0.0	0.0	0.0	0.0	0.0	0.0	0.0	0.0	0.0	0.0	0.0	0.0	0.0	0.0	0.0	0.0	0.0	0.0	0.0	0.0	0.0	0.0	0.0	0.0	0.0	0.0	0.0	0.0	0.0	0.0	0.0	0.0	0.0	0.0	0.0
G2-216	-0.07191596002432929	0.03515692398965973	0.0457739026370458	-0.007760336823424247	-0.027517585234556455	-0.005986298104350583	0.0012091424458640268	-0.004918146129548513	0.008028545132759692	-0.0029026234481115145	0.005911120586651401	-0.0030299623503750495	-0.004369392978682938	0.01695862016547752	0.029248303298200627	0.006797370271416783	0.0015803680451484193	-0.006746267634796752	-0.006189150214469051	0.0012760229297192412	0.003954858640727774	0.003578812328289255	-0.0020351817214515735	-0.0038923901764193014	-0.0006084460744223283	0.00022569131572075488	-0.0	0.0	0.0	0.0	0.0	0.0	0.0	-0.0	-0.0	-0.0	-0.0	0.0	-0.0	-0.0	-0.0	-0.0	0.0	-0.0	-0.0	0.0	-0.0	0.0	0.0	-0.0	0.0	-0.0	0.0	-0.0	0.0	0.0	0.0	0.0	0.0	0.0	0.0	0.0	0.0	0.0	0.0	0.0	0.0	0.0	0.0	0.0	0.0	0.0	0.0	0.0	0.0	0.0	0.0	0.0	0.0	0.0	0.0	0.0	0.0	0.0	0.0	0.0	0.0	0.0	0.0	0.0	0.0	0.0	0.0	0.0	0.0	0.0	0.0	0.0	0.0	0.0	0.0	0.0	0.0	0.0	0.0	0.0
G2-217	-0.07192106311215672	0.03244388136719533	0.044020452836354286	-0.005788129570420189	-0.021350568822355698	-0.009446169385154354	-0.0022807179419545866	-0.0240749545849175	0.0030598227565418958	0.014352058134572685	0.0173347454252033	-0.026643318704557772	-0.0037431844756934257	0.011265929975521307	0.002610614049275332	0.0048427445445336	0.001421627979815074	-0.00028597275072080063	-0.0029220794249574015	7.787341003161339e-05	-4.904174846331002e-06	-0.00040690249143069773	0.00036513590102694847	0.00017196906099358473	-0.00018710027644466015	-8.851568992924953e-05	-0.0	0.0	0.0	0.0	-0.0	0.0	0.0	0.0	0.0	0.0	-0.0	-0.0	-0.0	0.0	-0.0	-0.0	0.0	-0.0	0.0	0.0	-0.0	-0.0	0.0	-0.0	-0.0	0.0	0.0	0.0	-0.0	0.0	0.0	0.0	0.0	0.0	0.0	0.0	0.0	0.0	0.0	0.0	0.0	0.0	0.0	0.0	0.0	0.0	0.0	0.0	0.0	0.0	0.0	0.0	0.0	0.0	0.0	0.0	0.0	0.0	0.0	0.0	0.0	0.0	0.0	0.0	0.0	0.0	0.0	0.0	0.0	0.0	0.0	0.0	0.0	0.0	0.0	0.0	0.0	0.0	0.0	0.0
G2-218	-0.07192106311215672	0.03244388136719533	0.044020452836354286	-0.005788129570420186	-0.021350568822355705	-0.009446169385154357	-0.0022807179419546035	-0.024074954584917492	0.003059822756541894	0.01435205813457269	0.01733474542520329	-0.026643318704557772	-0.0037431844756933923	0.011265929975521335	0.0026106140492753475	0.0048427445445336	0.001421627979815095	-0.0002859727507208538	-0.0029220794249573815	7.787341003157269e-05	-4.904174846366731e-06	-0.00040690249143063707	0.0003651359010269828	0.00017196906099360088	-0.0001871002764446139	-8.851568992937715e-05	0.0	-0.0	0.0	-0.0	0.0	-0.0	0.0	0.0	-0.0	0.0	0.0	-0.0	-0.0	-0.0	0.0	-0.0	-0.0	-0.0	-0.0	-0.0	0.0	0.0	0.0	-0.0	-0.0	0.0	0.0	0.0	-0.0	0.0	0.0	0.0	0.0	0.0	0.0	0.0	0.0	0.0	0.0	0.0	0.0	0.0	0.0	0.0	0.0	0.0	0.0	0.0	0.0	0.0	0.0	0.0	0.0	0.0	0.0	0.0	0.0	0.0	0.0	0.0	0.0	0.0	0.0	0.0	0.0	0.0	0.0	0.0	0.0	0.0	0.0	0.0	0.0	0.0	0.0	0.0	0.0	0.0	0.0	0.0
G2-219	0.04164091873230376	0.012942085563593045	0.06089154748084286	0.03990664191140597	0.012425083493805165	-0.009597833161663443	0.004806818392452372	0.04805003950170079	0.0011883667170079644	-0.015434026333517615	-0.012565309511967208	0.0034690044238791353	-0.006854917507272079	-0.007234633693081142	-0.0034836547492709505	0.0038025464511293773	0.016812979940631276	0.010632656810644067	-0.00013713726635864872	0.0007175527422818851	0.001857710676093715	0.003430863380889217	-0.001354394967114964	0.00531134926884804	-0.0009976467394351815	0.001330541846653582	0.0	-0.0	-0.0	-0.0	-0.0	-0.0	-0.0	0.0	0.0	0.0	0.0	-0.0	-0.0	0.0	0.0	0.0	-0.0	0.0	0.0	-0.0	0.0	-0.0	-0.0	0.0	-0.0	0.0	-0.0	0.0	-0.0	0.0	0.0	0.0	0.0	0.0	0.0	0.0	0.0	0.0	0.0	0.0	0.0	0.0	0.0	0.0	0.0	0.0	0.0	0.0	0.0	0.0	0.0	0.0	0.0	0.0	0.0	0.0	0.0	0.0	0.0	0.0	0.0	0.0	0.0	0.0	0.0	0.0	0.0	0.0	0.0	0.0	0.0	0.0	0.0	0.0	0.0	0.0	0.0	0.0	0.0	0.0
G2-22	-0.14047624580408957	-0.19675713420405166	-0.08100458413721914	-0.045239732566777005	-0.0076846018654326605	0.030960323358937565	0.0010468992970833508	-0.023559299236161357	0.015051846736391147	0.0017298503027937393	-0.023857819384106155	-0.02804798200316407	-0.0030625859298519425	-0.021868572104398052	-0.01241188044521871	0.00399540466370184	-0.0034305786605640146	-0.0013275794323713086	0.004924953098459568	0.0011185670614090736	0.008756367074782058	-0.0011585618118164858	0.004659480317251215	-0.0004306670793853381	-0.00032227845250863696	4.419878197880091e-05	0.0	-0.0	0.0	-0.0	-0.0	0.0	-0.0	0.0	0.0	0.0	0.0	-0.0	-0.0	-0.0	-0.0	-0.0	-0.0	0.0	0.0	0.0	0.0	0.0	-0.0	0.0	0.0	0.0	-0.0	-0.0	0.0	0.0	0.0	0.0	0.0	0.0	0.0	0.0	0.0	0.0	0.0	0.0	0.0	0.0	0.0	0.0	0.0	0.0	0.0	0.0	0.0	0.0	0.0	0.0	0.0	0.0	0.0	0.0	0.0	0.0	0.0	0.0	0.0	0.0	0.0	0.0	0.0	0.0	0.0	0.0	0.0	0.0	0.0	0.0	0.0	0.0	0.0	0.0	0.0	0.0	0.0	0.0
G2-220	-0.07247626310617579	0.03316144162784167	0.04179914022191538	-0.008129059672720684	-0.023481080281996743	-0.008968854723760463	0.0024074021562668015	0.002978807443634618	0.009360847813467181	-0.016067896460781925	-0.014517341436835586	0.004217636030381093	0.005020983000194651	-0.0006414464420337242	-0.008288806790664648	0.003303898347859557	0.014466269195835737	0.013028820859516893	0.007974143237915432	0.0003855387814180614	-0.00284427443781352	-0.0043319693819961385	0.0008474844962507492	-0.0033098443506714937	-0.0028690913017594077	-0.0006788763967851924	-0.0	0.0	-0.0	-0.0	-0.0	0.0	0.0	0.0	0.0	-0.0	0.0	0.0	-0.0	0.0	-0.0	0.0	-0.0	-0.0	0.0	-0.0	-0.0	-0.0	-0.0	-0.0	0.0	-0.0	-0.0	0.0	-0.0	0.0	0.0	0.0	0.0	0.0	0.0	0.0	0.0	0.0	0.0	0.0	0.0	0.0	0.0	0.0	0.0	0.0	0.0	0.0	0.0	0.0	0.0	0.0	0.0	0.0	0.0	0.0	0.0	0.0	0.0	0.0	0.0	0.0	0.0	0.0	0.0	0.0	0.0	0.0	0.0	0.0	0.0	0.0	0.0	0.0	0.0	0.0	0.0	0.0	0.0	0.0
G2-221	0.1160903596893927	0.06135199025018252	0.1413344234291024	-0.047828621184723794	0.07809171976452779	-0.016408450119988396	-0.00534714787789337	0.09037707214246832	0.03008361554570843	-0.030428997967458783	-0.06881697662545419	-0.06869063398772053	0.11380809071943056	0.003484715539160637	0.026356502564530083	-0.007467006648132496	-0.021147835445554836	0.006666771034624948	-0.003107677052476994	-0.0004314765206431678	-0.0020234886661369012	-0.0012391748347912246	0.0013773509609066072	0.0010209267924758745	-5.737881511393626e-05	0.00015291224241565895	-0.0	0.0	0.0	0.0	0.0	0.0	0.0	-0.0	-0.0	-0.0	-0.0	0.0	-0.0	-0.0	-0.0	-0.0	0.0	-0.0	-0.0	0.0	-0.0	0.0	0.0	-0.0	0.0	-0.0	0.0	-0.0	0.0	0.0	0.0	0.0	0.0	0.0	0.0	0.0	0.0	0.0	0.0	0.0	0.0	0.0	0.0	0.0	0.0	0.0	0.0	0.0	0.0	0.0	0.0	0.0	0.0	0.0	0.0	0.0	0.0	0.0	0.0	0.0	0.0	0.0	0.0	0.0	0.0	0.0	0.0	0.0	0.0	0.0	0.0	0.0	0.0	0.0	0.0	0.0	0.0	0.0	0.0	0.0
G2-222	-0.07109699946052231	0.035103126755595036	0.03895707650066772	-0.007444194167243969	-0.022000778226649153	-0.01005264125732455	0.0018629029193918828	0.004153622008525002	0.005666750807588654	-0.009973150343805923	-0.011130918563780463	0.011032966779371012	0.011642331811710531	-0.0016276336852244803	-0.01726038248142097	0.0001420649333061593	0.0011887064417410405	0.0006199533013409479	0.0018037602184673353	0.006676915265719094	0.003175959582597066	0.004417645823050204	-0.005005757222312355	0.0029784313274918476	0.0013365714661032137	-7.532689246530832e-05	-0.0	0.0	0.0	0.0	0.0	0.0	0.0	-0.0	-0.0	-0.0	-0.0	0.0	-0.0	-0.0	-0.0	-0.0	0.0	-0.0	-0.0	0.0	-0.0	0.0	0.0	-0.0	0.0	-0.0	0.0	-0.0	0.0	0.0	0.0	0.0	0.0	0.0	0.0	0.0	0.0	0.0	0.0	0.0	0.0	0.0	0.0	0.0	0.0	0.0	0.0	0.0	0.0	0.0	0.0	0.0	0.0	0.0	0.0	0.0	0.0	0.0	0.0	0.0	0.0	0.0	0.0	0.0	0.0	0.0	0.0	0.0	0.0	0.0	0.0	0.0	0.0	0.0	0.0	0.0	0.0	0.0	0.0	0.0
G2-223	-0.07247626310617579	0.033161441627841674	0.041799140221915373	-0.008129059672720677	-0.023481080281996743	-0.008968854723760458	0.0024074021562668084	0.002978807443634598	0.009360847813467167	-0.01606789646078193	-0.01451734143683557	0.004217636030381122	0.0050209830001945325	-0.0006414464420337315	-0.008288806790664698	0.003303898347859575	0.014466269195835841	0.013028820859516833	0.007974143237915437	0.00038553878141800565	-0.002844274437813477	-0.0043319693819961515	0.0008474844962507181	-0.0033098443506717748	-0.002869091301759532	-0.0006788763967854198	0.0	-0.0	0.0	0.0	0.0	-0.0	-0.0	-0.0	-0.0	0.0	-0.0	-0.0	-0.0	-0.0	0.0	-0.0	0.0	0.0	-0.0	0.0	0.0	0.0	0.0	0.0	-0.0	0.0	0.0	-0.0	0.0	0.0	0.0	0.0	0.0	0.0	0.0	0.0	0.0	0.0	0.0	0.0	0.0	0.0	0.0	0.0	0.0	0.0	0.0	0.0	0.0	0.0	0.0	0.0	0.0	0.0	0.0	0.0	0.0	0.0	0.0	0.0	0.0	0.0	0.0	0.0	0.0	0.0	0.0	0.0	0.0	0.0	0.0	0.0	0.0	0.0	0.0	0.0	0.0	0.0	0.0	0.0
G2-224	-0.07233862856827304	0.03174567555249774	0.04004687244289337	-0.007645731401730811	-0.021951027575116598	-0.009175123081306741	0.0012881572603716729	0.0023220624482901643	0.009103705688720943	-0.014581979550304418	-0.011276773977316554	0.0037054270329430344	0.0024525639207277645	-0.0035971405620958564	-0.008081233951286777	0.0021060044335140587	0.01701960876038156	0.010946158328121182	0.001344675339343996	0.001649170302641221	0.002698150966308953	0.0035640467199411904	-0.0031384023455985808	0.004877809252165691	0.002919936567624936	-0.00023472744008784543	-0.0	0.0	0.0	0.0	0.0	0.0	0.0	-0.0	-0.0	-0.0	-0.0	0.0	-0.0	-0.0	-0.0	-0.0	0.0	-0.0	-0.0	0.0	-0.0	0.0	0.0	-0.0	0.0	-0.0	0.0	-0.0	0.0	0.0	0.0	0.0	0.0	0.0	0.0	0.0	0.0	0.0	0.0	0.0	0.0	0.0	0.0	0.0	0.0	0.0	0.0	0.0	0.0	0.0	0.0	0.0	0.0	0.0	0.0	0.0	0.0	0.0	0.0	0.0	0.0	0.0	0.0	0.0	0.0	0.0	0.0	0.0	0.0	0.0	0.0	0.0	0.0	0.0	0.0	0.0	0.0	0.0	0.0	0.0
G2-23	-0.14020433972542717	-0.1959967362190409	-0.08022735272407425	-0.044093023504753866	-0.007385466235064177	0.03032680847449073	0.0009068959326635731	-0.023157545830977292	0.014832266736211627	0.0012993979129697765	-0.02247863105404455	-0.027692958079023503	-0.0032140184052945105	-0.020286664939929918	-0.013035133556549434	0.005300580474963166	-0.003215820754519895	-0.0015314248670069326	0.0020389607267937834	-0.005132778220431578	-0.013953983068048155	0.0028456046319076584	-0.011331472567272492	-0.0012669924671323564	0.0009744086792465468	8.323666278418799e-05	-0.0	0.0	0.0	0.0	0.0	0.0	0.0	-0.0	-0.0	-0.0	-0.0	0.0	-0.0	-0.0	-0.0	-0.0	0.0	-0.0	-0.0	0.0	-0.0	0.0	0.0	-0.0	0.0	-0.0	0.0	-0.0	0.0	0.0	0.0	0.0	0.0	0.0	0.0	0.0	0.0	0.0	0.0	0.0	0.0	0.0	0.0	0.0	0.0	0.0	0.0	0.0	0.0	0.0	0.0	0.0	0.0	0.0	0.0	0.0	0.0	0.0	0.0	0.0	0.0	0.0	0.0	0.0	0.0	0.0	0.0	0.0	0.0	0.0	0.0	0.0	0.0	0.0	0.0	0.0	0.0	0.0	0.0	0.0
G2-24	-0.14047624580408954	-0.1967571342040517	-0.08100458413721916	-0.04523973256677702	-0.0076846018654326605	0.030960323358937548	0.0010468992970833573	-0.023559299236161395	0.015051846736391143	0.0017298503027936979	-0.02385781938410621	-0.028047982003164156	-0.0030625859298519624	-0.02186857210439806	-0.012411880445218794	0.00399540466370174	-0.0034305786605638433	-0.001327579432371204	0.004924953098459639	0.0011185670614091746	0.008756367074781737	-0.0011585618118168653	0.00465948031725077	-0.00043066707938580476	-0.00032227845250848593	4.419878197762687e-05	-0.0	0.0	-0.0	0.0	0.0	-0.0	0.0	-0.0	-0.0	-0.0	-0.0	0.0	-0.0	0.0	0.0	0.0	0.0	-0.0	-0.0	-0.0	-0.0	-0.0	0.0	-0.0	-0.0	-0.0	0.0	0.0	-0.0	0.0	0.0	0.0	0.0	0.0	0.0	0.0	0.0	0.0	0.0	0.0	0.0	0.0	0.0	0.0	0.0	0.0	0.0	0.0	0.0	0.0	0.0	0.0	0.0	0.0	0.0	0.0	0.0	0.0	0.0	0.0	0.0	0.0	0.0	0.0	0.0	0.0	0.0	0.0	0.0	0.0	0.0	0.0	0.0	0.0	0.0	0.0	0.0	0.0	0.0	0.0
G2-25	0.20946279247493474	0.0038623371151590047	-0.11365636670736323	-0.056851545715677174	-0.08251287705283096	-0.12078158706805808	0.04403204211677441	0.11654086547645717	0.07904447051165932	0.032740753764140894	0.02043675438511689	0.029898151952576318	-0.015190227344041532	-0.04752096029302636	-0.014006896993145702	0.025206626704775834	-0.018004228694745526	0.010345862736623012	-0.0193440610248827	0.009273285515455787	-0.0023394779649047602	0.0013057920257680438	0.0008773404147260236	-9.746178379868354e-05	-0.0007271818750446777	-0.0005498054876326112	-0.0	0.0	0.0	0.0	0.0	0.0	0.0	-0.0	-0.0	-0.0	-0.0	0.0	-0.0	-0.0	-0.0	-0.0	0.0	-0.0	-0.0	0.0	-0.0	0.0	0.0	-0.0	0.0	-0.0	0.0	-0.0	0.0	0.0	0.0	0.0	0.0	0.0	0.0	0.0	0.0	0.0	0.0	0.0	0.0	0.0	0.0	0.0	0.0	0.0	0.0	0.0	0.0	0.0	0.0	0.0	0.0	0.0	0.0	0.0	0.0	0.0	0.0	0.0	0.0	0.0	0.0	0.0	0.0	0.0	0.0	0.0	0.0	0.0	0.0	0.0	0.0	0.0	0.0	0.0	0.0	0.0	0.0	0.0
G2-26	-0.07144601093965235	0.024116584131645597	-0.06001067169810478	-0.030372590442436214	-0.01122991332926545	0.015079314928990294	-0.00041234545321715385	0.01570751479378835	0.041055360385830894	-0.0012497446143017767	-0.02574523613774286	-0.005691612033659308	-0.016193142974199645	-0.00033576960255034266	0.004606099562661805	-0.0039161385992421745	-0.0018621377112861767	0.006059411449070877	0.009865692344310895	0.007663306533637453	0.01213362375113626	-0.000607971380515719	0.0033259110471359865	0.0011984293170602249	0.0006088507923692026	5.517482575421699e-05	-0.0	0.0	0.0	0.0	0.0	0.0	0.0	-0.0	-0.0	-0.0	-0.0	0.0	-0.0	-0.0	-0.0	-0.0	0.0	-0.0	-0.0	0.0	-0.0	0.0	0.0	-0.0	0.0	-0.0	0.0	-0.0	0.0	0.0	0.0	0.0	0.0	0.0	0.0	0.0	0.0	0.0	0.0	0.0	0.0	0.0	0.0	0.0	0.0	0.0	0.0	0.0	0.0	0.0	0.0	0.0	0.0	0.0	0.0	0.0	0.0	0.0	0.0	0.0	0.0	0.0	0.0	0.0	0.0	0.0	0.0	0.0	0.0	0.0	0.0	0.0	0.0	0.0	0.0	0.0	0.0	0.0	0.0	0.0
G2-27	-0.13399275158990448	-0.1891376298724982	-0.08157612315694066	-0.0389059450533313	0.007982207062301232	0.034365847533341126	0.009841889476450878	-0.03664773783513757	0.002531777221998648	0.04485995529801528	0.005569819441762411	0.007106892453721912	0.017851246636795416	0.016437216778044286	0.01770022470285393	-0.0021913508277146537	0.0033395294246773683	0.0036878435836384124	-0.007056760160523234	0.003057088108204353	-0.0043512488853210225	-0.002526925422168717	0.0032936602080730934	0.002402665403445473	-9.354853583408148e-05	-0.00036597215881326955	-0.0	0.0	0.0	0.0	0.0	0.0	0.0	-0.0	-0.0	-0.0	-0.0	0.0	-0.0	-0.0	-0.0	-0.0	0.0	-0.0	-0.0	0.0	-0.0	0.0	0.0	-0.0	0.0	-0.0	0.0	-0.0	0.0	0.0	0.0	0.0	0.0	0.0	0.0	0.0	0.0	0.0	0.0	0.0	0.0	0.0	0.0	0.0	0.0	0.0	0.0	0.0	0.0	0.0	0.0	0.0	0.0	0.0	0.0	0.0	0.0	0.0	0.0	0.0	0.0	0.0	0.0	0.0	0.0	0.0	0.0	0.0	0.0	0.0	0.0	0.0	0.0	0.0	0.0	0.0	0.0	0.0	0.0	0.0
G2-28	-0.15471259904274123	-0.18793277827498567	0.08037337944566303	-0.012899379011034513	-0.032715046590210094	-0.0042784012075532864	0.014737423120470067	-0.05628107805305767	-0.0006862540930499917	-0.008057855732411032	0.03255464982656414	0.013053930568720467	0.013814495240600352	0.003508234412700025	-0.0025726677014291867	-0.0015361896230943906	0.00012350017780064448	0.0018998187384734958	-0.001231480529417191	0.0010278668936765675	-0.00046671213538040663	-0.00030017862284922035	0.00020662336009633656	0.00025419364199240677	-1.7191015769214312e-05	-1.5810097884213226e-05	-0.0	-0.0	0.0	0.0	-0.0	-0.0	0.0	0.0	-0.0	-0.0	-0.0	0.0	-0.0	0.0	0.0	-0.0	0.0	-0.0	0.0	0.0	0.0	0.0	-0.0	-0.0	-0.0	0.0	-0.0	-0.0	-0.0	0.0	0.0	0.0	0.0	0.0	0.0	0.0	0.0	0.0	0.0	0.0	0.0	0.0	0.0	0.0	0.0	0.0	0.0	0.0	0.0	0.0	0.0	0.0	0.0	0.0	0.0	0.0	0.0	0.0	0.0	0.0	0.0	0.0	0.0	0.0	0.0	0.0	0.0	0.0	0.0	0.0	0.0	0.0	0.0	0.0	0.0	0.0	0.0	0.0	0.0	0.0
G2-29	0.014189944020123036	-0.21695640849706196	0.08858232178858147	0.07823102913525228	0.050879077621051254	0.004717335213571988	0.030296476997590544	0.02936087010429758	-0.019951960237706092	0.003993309304489582	-0.0002629211500803546	0.031004937993415117	0.010540835019227889	-0.03363293837529215	0.03147598905997385	0.006266173816518128	0.0067932275529525	-0.00705527885463637	-2.140125129184122e-05	-0.004605154276889429	0.004158368018830196	0.002903979624005401	-0.002555860003130314	-0.0009635291051630869	-0.000409692634577407	0.0004289430876738255	-0.0	0.0	0.0	0.0	0.0	0.0	0.0	-0.0	-0.0	-0.0	-0.0	0.0	-0.0	-0.0	-0.0	-0.0	0.0	-0.0	-0.0	0.0	-0.0	0.0	0.0	-0.0	0.0	-0.0	0.0	-0.0	0.0	0.0	0.0	0.0	0.0	0.0	0.0	0.0	0.0	0.0	0.0	0.0	0.0	0.0	0.0	0.0	0.0	0.0	0.0	0.0	0.0	0.0	0.0	0.0	0.0	0.0	0.0	0.0	0.0	0.0	0.0	0.0	0.0	0.0	0.0	0.0	0.0	0.0	0.0	0.0	0.0	0.0	0.0	0.0	0.0	0.0	0.0	0.0	0.0	0.0	0.0	0.0
G2-313	-0.07278282409040092	0.0338394580699349	0.039756192804428214	-0.008140077245849617	-0.02601644579919154	-0.008442734951682022	-0.0010173678430553485	0.005526771980963642	0.004311640856129371	-0.008455693608490718	-0.00010986773353871622	0.007370173288688601	-0.0035314540864291124	-0.004177829069027102	-0.003386533612406548	-0.005052955199953586	-0.016955555080550876	-0.009379744726940075	-0.0007383021334302772	0.001853944362233453	-0.0002075587356462277	-0.001216226624199895	-0.0006897167325257036	-0.001395685230286783	-0.0004522358382978146	0.00026634945901097667	0.0	0.0	0.0	-0.0	0.0	-0.0	0.0	-0.0	0.0	0.0	0.0	0.0	-0.0	0.0	0.0	0.0	0.0	-0.0	0.0	-0.0	-0.0	0.0	-0.0	-0.0	0.0	-0.0	0.0	0.0	0.0	0.0	0.0	0.0	0.0	0.0	0.0	0.0	0.0	0.0	0.0	0.0	0.0	0.0	0.0	0.0	0.0	0.0	0.0	0.0	0.0	0.0	0.0	0.0	0.0	0.0	0.0	0.0	0.0	0.0	0.0	0.0	0.0	0.0	0.0	0.0	0.0	0.0	0.0	0.0	0.0	0.0	0.0	0.0	0.0	0.0	0.0	0.0	0.0	0.0	0.0	0.0
G2-314	-0.07271457772255369	0.03750366798707372	0.040538926463465796	-0.007287129198018523	-0.02288192999877068	-0.010217325511520582	0.001547201233458755	0.004989808531952438	0.006581340749485879	-0.011052859411510964	-0.010608805146849662	0.008172081816008647	0.00628428961109816	0.0014872942432973034	-0.017064133112667523	0.001778351201060182	0.003956511561827338	-0.007257046207781686	-0.007366100662696035	-0.0014211098472603164	0.0008473576238819218	0.0020625913193099707	0.0006909759870368849	0.00041197718417250716	-0.0002594283578680242	-0.00019226365798928987	0.0	0.0	-0.0	-0.0	0.0	-0.0	0.0	0.0	0.0	-0.0	-0.0	0.0	-0.0	-0.0	-0.0	-0.0	0.0	0.0	-0.0	0.0	0.0	-0.0	-0.0	0.0	0.0	-0.0	-0.0	0.0	-0.0	0.0	0.0	0.0	0.0	0.0	0.0	0.0	0.0	0.0	0.0	0.0	0.0	0.0	0.0	0.0	0.0	0.0	0.0	0.0	0.0	0.0	0.0	0.0	0.0	0.0	0.0	0.0	0.0	0.0	0.0	0.0	0.0	0.0	0.0	0.0	0.0	0.0	0.0	0.0	0.0	0.0	0.0	0.0	0.0	0.0	0.0	0.0	0.0	0.0	0.0	0.0
G2-315	-0.07237928500814461	0.02810411167260319	0.03924171428555952	-0.008495575058315746	-0.025067854829751542	-0.007404558310558416	-0.0012788535966363655	0.002854574853471285	0.006787701291872368	-0.011996624687849053	-0.0007603182170893048	0.00290278220343221	-0.00737123658217745	-0.00925610541312668	0.005468978278118364	-0.004776865659113916	-0.003862462242539541	0.008960343645155334	0.008397694623500023	0.00464269018292643	0.001014250734831982	-0.0007576121152844769	-0.004507781853001476	0.0032169428151285523	0.0018487868367483167	0.0007851346085302804	0.0	-0.0	-0.0	-0.0	-0.0	-0.0	-0.0	0.0	0.0	0.0	0.0	-0.0	-0.0	0.0	0.0	0.0	-0.0	0.0	0.0	-0.0	0.0	-0.0	-0.0	0.0	-0.0	0.0	-0.0	0.0	-0.0	0.0	0.0	0.0	0.0	0.0	0.0	0.0	0.0	0.0	0.0	0.0	0.0	0.0	0.0	0.0	0.0	0.0	0.0	0.0	0.0	0.0	0.0	0.0	0.0	0.0	0.0	0.0	0.0	0.0	0.0	0.0	0.0	0.0	0.0	0.0	0.0	0.0	0.0	0.0	0.0	0.0	0.0	0.0	0.0	0.0	0.0	0.0	0.0	0.0	0.0	0.0
G2-316	-0.07271457772255369	0.03750366798707372	0.040538926463465796	-0.0072871291980185346	-0.022881929998770693	-0.010217325511520582	0.001547201233458751	0.004989808531952438	0.006581340749485883	-0.011052859411511	-0.010608805146849695	0.008172081816008675	0.006284289611098158	0.0014872942432973015	-0.017064133112667506	0.0017783512010601569	0.003956511561827336	-0.0072570462077816734	-0.007366100662695981	-0.0014211098472604075	0.0008473576238819053	0.002062591319309886	0.0006909759870369217	0.00041197718417265315	-0.0002594283578680611	-0.0001922636579885832	0.0	-0.0	0.0	-0.0	-0.0	0.0	-0.0	0.0	-0.0	0.0	0.0	0.0	-0.0	0.0	-0.0	0.0	0.0	0.0	-0.0	-0.0	-0.0	-0.0	-0.0	0.0	-0.0	-0.0	-0.0	0.0	-0.0	0.0	0.0	0.0	0.0	0.0	0.0	0.0	0.0	0.0	0.0	0.0	0.0	0.0	0.0	0.0	0.0	0.0	0.0	0.0	0.0	0.0	0.0	0.0	0.0	0.0	0.0	0.0	0.0	0.0	0.0	0.0	0.0	0.0	0.0	0.0	0.0	0.0	0.0	0.0	0.0	0.0	0.0	0.0	0.0	0.0	0.0	0.0	0.0	0.0	0.0	0.0
G2-317	-0.07278282409040092	0.03383945806993491	0.039756192804428214	-0.008140077245849616	-0.02601644579919154	-0.008442734951682023	-0.0010173678430553544	0.0055267719809636425	0.004311640856129372	-0.008455693608490708	-0.00010986773353872043	0.007370173288688606	-0.0035314540864291167	-0.004177829069027073	-0.003386533612406596	-0.005052955199953594	-0.0169555550805509	-0.009379744726940063	-0.0007383021334302543	0.0018539443622334732	-0.00020755873564621896	-0.0012162266241998309	-0.00068971673252569	-0.0013956852302867827	-0.0004522358382978513	0.00026634945901128003	0.0	-0.0	-0.0	-0.0	0.0	0.0	-0.0	0.0	-0.0	-0.0	-0.0	-0.0	-0.0	-0.0	-0.0	0.0	-0.0	-0.0	0.0	-0.0	-0.0	-0.0	0.0	0.0	-0.0	0.0	0.0	-0.0	0.0	0.0	0.0	0.0	0.0	0.0	0.0	0.0	0.0	0.0	0.0	0.0	0.0	0.0	0.0	0.0	0.0	0.0	0.0	0.0	0.0	0.0	0.0	0.0	0.0	0.0	0.0	0.0	0.0	0.0	0.0	0.0	0.0	0.0	0.0	0.0	0.0	0.0	0.0	0.0	0.0	0.0	0.0	0.0	0.0	0.0	0.0	0.0	0.0	0.0	0.0	0.0
G2-318	-0.07278282409040092	0.03383945806993491	0.039756192804428214	-0.008140077245849616	-0.02601644579919154	-0.008442734951682023	-0.0010173678430553544	0.005526771980963644	0.004311640856129371	-0.00845569360849072	-0.00010986773353873271	0.007370173288688614	-0.0035314540864291	-0.004177829069027062	-0.0033865336124065904	-0.005052955199953584	-0.016955555080550886	-0.00937974472694005	-0.0007383021334302549	0.0018539443622334515	-0.00020755873564626062	-0.0012162266241998135	-0.0006897167325256242	-0.0013956852302867647	-0.00045223583829791274	0.0002663494590113287	-0.0	0.0	-0.0	0.0	-0.0	0.0	0.0	-0.0	-0.0	-0.0	0.0	0.0	-0.0	0.0	-0.0	-0.0	-0.0	0.0	-0.0	0.0	0.0	-0.0	0.0	0.0	-0.0	0.0	-0.0	0.0	-0.0	0.0	0.0	0.0	0.0	0.0	0.0	0.0	0.0	0.0	0.0	0.0	0.0	0.0	0.0	0.0	0.0	0.0	0.0	0.0	0.0	0.0	0.0	0.0	0.0	0.0	0.0	0.0	0.0	0.0	0.0	0.0	0.0	0.0	0.0	0.0	0.0	0.0	0.0	0.0	0.0	0.0	0.0	0.0	0.0	0.0	0.0	0.0	0.0	0.0	0.0	0.0
G2-319	-0.07400162659171668	0.030439686373607642	0.04080739361741022	-0.008345808631178564	-0.02595616237631716	-0.007544126385159847	-0.001602969950753276	0.003695217300206478	0.007674761847792107	-0.013101678241700967	-0.00022068445637327664	0.00010836797328717017	-0.012748114889905765	-0.006395416022540495	0.0056891634867681975	-0.003363361997429398	-0.0012728522240181663	0.0011946464396400006	-0.000672019875083078	-0.002710938583208657	-0.0008787922362417645	-0.001920267431966974	0.0010723946846561742	0.0006863495187986313	0.0004481024231410345	5.575324676042182e-05	0.0	-0.0	0.0	-0.0	0.0	-0.0	0.0	0.0	0.0	-0.0	-0.0	-0.0	-0.0	0.0	-0.0	0.0	-0.0	0.0	0.0	0.0	0.0	-0.0	0.0	-0.0	-0.0	0.0	-0.0	0.0	0.0	0.0	0.0	0.0	0.0	0.0	0.0	0.0	0.0	0.0	0.0	0.0	0.0	0.0	0.0	0.0	0.0	0.0	0.0	0.0	0.0	0.0	0.0	0.0	0.0	0.0	0.0	0.0	0.0	0.0	0.0	0.0	0.0	0.0	0.0	0.0	0.0	0.0	0.0	0.0	0.0	0.0	0.0	0.0	0.0	0.0	0.0	0.0	0.0	0.0	0.0	0.0
G2-320	-0.07400162659171668	0.030439686373607642	0.04080739361741022	-0.008345808631178567	-0.02595616237631716	-0.007544126385159848	-0.001602969950753276	0.0036952173002064792	0.0076747618477921034	-0.013101678241700962	-0.0002206844563732782	0.00010836797328715588	-0.012748114889905772	-0.006395416022540509	0.005689163486768191	-0.0033633619974293917	-0.0012728522240181453	0.001194646439639999	-0.0006720198750830542	-0.0027109385832086563	-0.0008787922362417818	-0.0019202674319670232	0.0010723946846562086	0.0006863495187987235	0.0004481024231408199	5.575324676016296e-05	-0.0	0.0	0.0	-0.0	-0.0	-0.0	0.0	-0.0	-0.0	0.0	-0.0	-0.0	-0.0	-0.0	0.0	-0.0	-0.0	-0.0	-0.0	-0.0	-0.0	-0.0	-0.0	-0.0	-0.0	0.0	-0.0	-0.0	0.0	0.0	0.0	0.0	0.0	0.0	0.0	0.0	0.0	0.0	0.0	0.0	0.0	0.0	0.0	0.0	0.0	0.0	0.0	0.0	0.0	0.0	0.0	0.0	0.0	0.0	0.0	0.0	0.0	0.0	0.0	0.0	0.0	0.0	0.0	0.0	0.0	0.0	0.0	0.0	0.0	0.0	0.0	0.0	0.0	0.0	0.0	0.0	0.0	0.0	0.0	0.0
G2-321	-0.07400162659171668	0.030439686373607642	0.04080739361741022	-0.008345808631178567	-0.02595616237631716	-0.007544126385159848	-0.001602969950753276	0.0036952173002064792	0.0076747618477921034	-0.013101678241700962	-0.0002206844563732782	0.00010836797328715588	-0.012748114889905772	-0.006395416022540509	0.005689163486768191	-0.0033633619974293935	-0.0012728522240181453	0.0011946464396399997	-0.0006720198750830528	-0.002710938583208655	-0.0008787922362417809	-0.0019202674319670264	0.0010723946846562062	0.0006863495187987217	0.000448102423140816	5.575324676018385e-05	-0.0	0.0	0.0	0.0	0.0	-0.0	0.0	0.0	-0.0	0.0	-0.0	-0.0	-0.0	-0.0	0.0	-0.0	-0.0	-0.0	-0.0	-0.0	0.0	-0.0	-0.0	-0.0	-0.0	0.0	-0.0	-0.0	0.0	0.0	0.0	0.0	0.0	0.0	0.0	0.0	0.0	0.0	0.0	0.0	0.0	0.0	0.0	0.0	0.0	0.0	0.0	0.0	0.0	0.0	0.0	0.0	0.0	0.0	0.0	0.0	0.0	0.0	0.0	0.0	0.0	0.0	0.0	0.0	0.0	0.0	0.0	0.0	0.0	0.0	0.0	0.0	0.0	0.0	0.0	0.0	0.0	0.0	0.0	0.0
G2-322	-0.07400162659171668	0.030439686373607642	0.04080739361741022	-0.008345808631178567	-0.02595616237631716	-0.007544126385159847	-0.001602969950753276	0.0036952173002064792	0.007674761847792097	-0.013101678241700953	-0.00022068445637328393	0.00010836797328714725	-0.012748114889905756	-0.006395416022540512	0.005689163486768203	-0.0033633619974294125	-0.0012728522240181487	0.0011946464396399756	-0.0006720198750830616	-0.002710938583208661	-0.0008787922362417437	-0.0019202674319669629	0.0010723946846561666	0.0006863495187986486	0.00044810242314094874	5.575324676018496e-05	-0.0	-0.0	-0.0	0.0	-0.0	-0.0	-0.0	-0.0	0.0	0.0	0.0	-0.0	-0.0	-0.0	-0.0	0.0	0.0	0.0	0.0	-0.0	-0.0	-0.0	0.0	-0.0	-0.0	0.0	-0.0	-0.0	0.0	0.0	0.0	0.0	0.0	0.0	0.0	0.0	0.0	0.0	0.0	0.0	0.0	0.0	0.0	0.0	0.0	0.0	0.0	0.0	0.0	0.0	0.0	0.0	0.0	0.0	0.0	0.0	0.0	0.0	0.0	0.0	0.0	0.0	0.0	0.0	0.0	0.0	0.0	0.0	0.0	0.0	0.0	0.0	0.0	0.0	0.0	0.0	0.0	0.0	0.0	0.0
G2-323	-0.0792825631755958	0.04943233631001585	-0.08689839204277133	-0.054612343868023557	-0.01777278189553672	0.02123578602880324	-0.020738460605858502	0.03177440239458073	-0.041241158539417386	-0.020401387813233057	0.005767547298677045	-0.005810790324995885	-0.00573593349621922	-0.006525887371889437	0.01081894753292769	0.0011434916971192804	0.011798119551878929	0.017026643824881907	0.006682367328029068	0.003888433953965579	-0.00548050106068372	0.01020317300582037	0.0018051376907264295	-0.0004462344872833224	0.00024903683557015826	0.0009242782184564053	-0.0	0.0	0.0	0.0	0.0	0.0	0.0	-0.0	-0.0	-0.0	-0.0	0.0	-0.0	-0.0	-0.0	-0.0	0.0	-0.0	-0.0	0.0	-0.0	0.0	0.0	-0.0	0.0	-0.0	0.0	-0.0	0.0	0.0	0.0	0.0	0.0	0.0	0.0	0.0	0.0	0.0	0.0	0.0	0.0	0.0	0.0	0.0	0.0	0.0	0.0	0.0	0.0	0.0	0.0	0.0	0.0	0.0	0.0	0.0	0.0	0.0	0.0	0.0	0.0	0.0	0.0	0.0	0.0	0.0	0.0	0.0	0.0	0.0	0.0	0.0	0.0	0.0	0.0	0.0	0.0	0.0	0.0	0.0
G2-324	-0.07284079657938947	0.027966163874079717	0.03906996696096062	-0.008820355383676723	-0.022279217073250923	-0.007257970613991234	0.0008642487340869796	-0.00019868358199609182	0.005255030736203576	-0.00848133540846234	0.0003612468476066012	0.010074531338594747	-0.004976698884041846	-0.010660102662212394	0.009659070420801854	-0.018370262008211045	0.0024654179888473292	0.010086455859961683	4.7119952151228095e-05	0.007174546522923357	-0.004645188228345244	0.00850841367916701	0.004667520960840103	-0.0025385250034286955	-0.001226482417373286	0.00011977519012766224	-0.0	0.0	0.0	0.0	0.0	0.0	0.0	-0.0	-0.0	-0.0	-0.0	0.0	-0.0	-0.0	-0.0	-0.0	0.0	-0.0	-0.0	0.0	-0.0	0.0	0.0	-0.0	0.0	-0.0	0.0	-0.0	0.0	0.0	0.0	0.0	0.0	0.0	0.0	0.0	0.0	0.0	0.0	0.0	0.0	0.0	0.0	0.0	0.0	0.0	0.0	0.0	0.0	0.0	0.0	0.0	0.0	0.0	0.0	0.0	0.0	0.0	0.0	0.0	0.0	0.0	0.0	0.0	0.0	0.0	0.0	0.0	0.0	0.0	0.0	0.0	0.0	0.0	0.0	0.0	0.0	0.0	0.0	0.0
G2-325	-0.07736368156806435	0.05158922140663223	-0.08767353218024249	-0.054411355273165825	-0.015585844150584366	0.02089478005222043	-0.0168040277542503	0.030580376775484995	-0.0466119356217819	-0.009878563764506873	0.005608441574395523	0.012280423961260967	0.009496346306631397	-0.005526245061702973	0.0014685565478575176	-0.012795347166178776	0.0001614734560185279	3.9010742602843415e-05	-0.0025929781584167998	0.0023413730055699905	-0.003624017468373723	-0.0010444988210807226	-0.004332351553665838	0.00036815330837879377	-2.4156032832836727e-05	-0.0004160448263063343	-0.0	0.0	0.0	-0.0	0.0	0.0	0.0	-0.0	0.0	0.0	0.0	0.0	-0.0	-0.0	0.0	0.0	-0.0	-0.0	-0.0	-0.0	0.0	-0.0	0.0	0.0	-0.0	0.0	-0.0	-0.0	-0.0	0.0	0.0	0.0	0.0	0.0	0.0	0.0	0.0	0.0	0.0	0.0	0.0	0.0	0.0	0.0	0.0	0.0	0.0	0.0	0.0	0.0	0.0	0.0	0.0	0.0	0.0	0.0	0.0	0.0	0.0	0.0	0.0	0.0	0.0	0.0	0.0	0.0	0.0	0.0	0.0	0.0	0.0	0.0	0.0	0.0	0.0	0.0	0.0	0.0	0.0	0.0
G2-326	-0.08127497826907734	0.0528265754214568	-0.08537790894721889	-0.0549736469118089	-0.022392448437618208	0.020976953918499065	-0.023657023146471102	0.03638590976967902	-0.03872058138897912	-0.026939828698888932	0.004451536076983305	-0.017589514642456488	-0.015932007892738673	-0.0015395724362614709	0.007878555206023737	0.01618690593909286	0.00698964153804994	0.0021101003212173745	-0.0048582179631587565	-0.009161341365098656	0.0014361510766668396	-0.004444352957956438	-0.00020579478333534722	0.001209238511113522	-0.0013281148987239976	0.00010712018506062172	-0.0	0.0	0.0	0.0	0.0	0.0	0.0	-0.0	-0.0	-0.0	-0.0	0.0	-0.0	-0.0	-0.0	-0.0	0.0	-0.0	-0.0	0.0	-0.0	0.0	0.0	-0.0	0.0	-0.0	0.0	-0.0	0.0	0.0	0.0	0.0	0.0	0.0	0.0	0.0	0.0	0.0	0.0	0.0	0.0	0.0	0.0	0.0	0.0	0.0	0.0	0.0	0.0	0.0	0.0	0.0	0.0	0.0	0.0	0.0	0.0	0.0	0.0	0.0	0.0	0.0	0.0	0.0	0.0	0.0	0.0	0.0	0.0	0.0	0.0	0.0	0.0	0.0	0.0	0.0	0.0	0.0	0.0	0.0
G2-327	-0.07736368156806435	0.05158922140663224	-0.08767353218024249	-0.054411355273165825	-0.01558584415058436	0.020894780052220445	-0.016804027754250307	0.030580376775485005	-0.04661193562178192	-0.00987856376450687	0.005608441574395532	0.012280423961260997	0.009496346306631391	-0.00552624506170299	0.0014685565478575009	-0.012795347166178767	0.00016147345601850868	3.9010742602892306e-05	-0.0025929781584167967	0.0023413730055699797	-0.0036240174683738104	-0.0010444988210806362	-0.004332351553665802	0.0003681533083787021	-2.415603283284554e-05	-0.0004160448263065335	0.0	-0.0	-0.0	0.0	-0.0	-0.0	0.0	0.0	0.0	-0.0	-0.0	0.0	-0.0	-0.0	0.0	-0.0	0.0	0.0	0.0	0.0	-0.0	-0.0	-0.0	-0.0	0.0	-0.0	-0.0	-0.0	0.0	0.0	0.0	0.0	0.0	0.0	0.0	0.0	0.0	0.0	0.0	0.0	0.0	0.0	0.0	0.0	0.0	0.0	0.0	0.0	0.0	0.0	0.0	0.0	0.0	0.0	0.0	0.0	0.0	0.0	0.0	0.0	0.0	0.0	0.0	0.0	0.0	0.0	0.0	0.0	0.0	0.0	0.0	0.0	0.0	0.0	0.0	0.0	0.0	0.0	0.0	0.0
G2-328	-0.0779719351952899	0.05170796259973776	-0.08864065835983038	-0.05555470930286944	-0.015920250357831164	0.0213384679092488	-0.01692059762764848	0.030771521797708354	-0.047157128023920254	-0.010333093727776048	0.003906983262490439	0.010491671848332105	0.008246399913810425	-0.007518547175020343	-0.00013868590221448172	-0.013449526278961834	-0.00027726982900209106	-0.000476160162102981	0.0006822554795580626	0.005808975593378444	0.015083037888072769	-0.003573738248449997	0.009449779067190368	-0.0006725750988858011	-0.0009038375209281012	2.1970770861176613e-05	-0.0	0.0	0.0	0.0	0.0	0.0	0.0	-0.0	-0.0	-0.0	-0.0	0.0	-0.0	-0.0	-0.0	-0.0	0.0	-0.0	-0.0	0.0	-0.0	0.0	0.0	-0.0	0.0	-0.0	0.0	-0.0	0.0	0.0	0.0	0.0	0.0	0.0	0.0	0.0	0.0	0.0	0.0	0.0	0.0	0.0	0.0	0.0	0.0	0.0	0.0	0.0	0.0	0.0	0.0	0.0	0.0	0.0	0.0	0.0	0.0	0.0	0.0	0.0	0.0	0.0	0.0	0.0	0.0	0.0	0.0	0.0	0.0	0.0	0.0	0.0	0.0	0.0	0.0	0.0	0.0	0.0	0.0	0.0
G2-329	-0.07736368156806434	0.05158922140663225	-0.08767353218024249	-0.05441135527316582	-0.015585844150584355	0.020894780052220435	-0.016804027754250283	0.030580376775485016	-0.04661193562178191	-0.009878563764506873	0.0056084415743955195	0.012280423961260991	0.009496346306631407	-0.005526245061703006	0.0014685565478575321	-0.012795347166178743	0.0001614734560185427	3.901074260291314e-05	-0.0025929781584168297	0.0023413730055698743	-0.0036240174683739076	-0.0010444988210806265	-0.00433235155366595	0.00036815330837873533	-2.4156032832468038e-05	-0.000416044826306486	-0.0	0.0	-0.0	-0.0	0.0	-0.0	-0.0	-0.0	-0.0	0.0	-0.0	-0.0	-0.0	0.0	-0.0	-0.0	0.0	-0.0	0.0	-0.0	0.0	0.0	0.0	-0.0	-0.0	0.0	0.0	0.0	-0.0	0.0	0.0	0.0	0.0	0.0	0.0	0.0	0.0	0.0	0.0	0.0	0.0	0.0	0.0	0.0	0.0	0.0	0.0	0.0	0.0	0.0	0.0	0.0	0.0	0.0	0.0	0.0	0.0	0.0	0.0	0.0	0.0	0.0	0.0	0.0	0.0	0.0	0.0	0.0	0.0	0.0	0.0	0.0	0.0	0.0	0.0	0.0	0.0	0.0	0.0	0.0
G2-330	-0.07976817164846287	0.0559518475333258	-0.08596956717472867	-0.054346938415606304	-0.022062366585526398	0.019973372445896014	-0.02267419635316122	0.03823672970132226	-0.04095503118618208	-0.021603446185323456	0.0028421680270986228	-0.007007819199374167	-0.004177350585509662	0.0016474107350267278	-0.00639732785149575	0.014339809717018448	-0.010832949747893828	-0.01650734626967729	-0.002214870876797663	-0.008058753316225244	-5.645611194836761e-05	0.0022068382232096014	0.001913302095312481	-0.0009340415852229176	0.0016157847007563571	4.8641273612473796e-06	-0.0	0.0	0.0	0.0	0.0	0.0	0.0	-0.0	-0.0	-0.0	-0.0	0.0	-0.0	-0.0	-0.0	-0.0	0.0	-0.0	-0.0	0.0	-0.0	0.0	0.0	-0.0	0.0	-0.0	0.0	-0.0	0.0	0.0	0.0	0.0	0.0	0.0	0.0	0.0	0.0	0.0	0.0	0.0	0.0	0.0	0.0	0.0	0.0	0.0	0.0	0.0	0.0	0.0	0.0	0.0	0.0	0.0	0.0	0.0	0.0	0.0	0.0	0.0	0.0	0.0	0.0	0.0	0.0	0.0	0.0	0.0	0.0	0.0	0.0	0.0	0.0	0.0	0.0	0.0	0.0	0.0	0.0	0.0
G2-413	0.04575350089624459	0.010827710030276928	0.0580769602023593	0.042105624903543554	0.02506537008340276	-0.010962719729890255	0.006421316379729472	0.019767304572082242	-0.01363790514282739	0.03192359398779343	0.011213877442235093	0.010642826874275924	0.019121278643155982	0.006920387868225449	-0.014820059482480183	-0.004672540771179611	0.013855748097507399	0.004429500661595046	-0.006305343415476813	0.004496730677908167	-0.0008802239800497797	-0.00044032097143105437	-0.00010098147479076652	0.002825819199780652	-0.0027572515520795154	-0.0018005136724300332	-0.0	0.0	0.0	0.0	0.0	0.0	0.0	-0.0	-0.0	-0.0	-0.0	0.0	-0.0	-0.0	-0.0	-0.0	0.0	-0.0	-0.0	0.0	-0.0	0.0	0.0	-0.0	0.0	-0.0	0.0	-0.0	0.0	0.0	0.0	0.0	0.0	0.0	0.0	0.0	0.0	0.0	0.0	0.0	0.0	0.0	0.0	0.0	0.0	0.0	0.0	0.0	0.0	0.0	0.0	0.0	0.0	0.0	0.0	0.0	0.0	0.0	0.0	0.0	0.0	0.0	0.0	0.0	0.0	0.0	0.0	0.0	0.0	0.0	0.0	0.0	0.0	0.0	0.0	0.0	0.0	0.0	0.0	0.0
G2-414	0.051278790064083216	-0.00041482406895888184	-0.044454766918968866	0.0220410176512462	0.04488582742676813	0.013810770367066651	0.003881755797454741	0.04546995163720858	-1.9415479091534924e-05	0.05093139957472754	-0.007459473699512377	0.0010897961658703256	0.01952622489749995	0.002605412413044413	-0.008922326034768401	-8.295682603462016e-05	0.017914112164400618	-0.0012876822442958065	-0.010806843269594978	0.0028234950856271014	0.0005832192602103102	-0.002963096504412596	0.0004931092858453165	-0.004196194019119043	0.0026759306373748816	0.0023297540341060815	0.0	-0.0	-0.0	-0.0	-0.0	-0.0	-0.0	0.0	0.0	0.0	0.0	-0.0	-0.0	0.0	0.0	0.0	-0.0	0.0	0.0	-0.0	0.0	-0.0	-0.0	0.0	-0.0	0.0	-0.0	0.0	-0.0	0.0	0.0	0.0	0.0	0.0	0.0	0.0	0.0	0.0	0.0	0.0	0.0	0.0	0.0	0.0	0.0	0.0	0.0	0.0	0.0	0.0	0.0	0.0	0.0	0.0	0.0	0.0	0.0	0.0	0.0	0.0	0.0	0.0	0.0	0.0	0.0	0.0	0.0	0.0	0.0	0.0	0.0	0.0	0.0	0.0	0.0	0.0	0.0	0.0	0.0	0.0
G2-415	0.07316961024400935	0.01767947523763355	-0.06316540565574678	0.039573967031167306	0.07482508119593403	0.0031678230649832334	0.031219080810911258	-0.0035622099475002616	-0.001687332585970367	0.011040626711101618	-0.00830367555851057	-0.00836384977046232	0.008195208697098586	-0.0017768960330089532	-0.006539502362367419	0.0007705897982284361	0.012889892360728874	-0.018970151407222975	0.009071245502637293	-0.001895958833243813	-0.0017457876491805023	0.009003635197810524	0.0050682478539354585	0.0008550327551325743	0.001905278149722384	-0.0014698296128811323	-0.0	0.0	0.0	0.0	0.0	0.0	0.0	-0.0	-0.0	-0.0	-0.0	0.0	-0.0	-0.0	-0.0	-0.0	0.0	-0.0	-0.0	0.0	-0.0	0.0	0.0	-0.0	0.0	-0.0	0.0	-0.0	0.0	0.0	0.0	0.0	0.0	0.0	0.0	0.0	0.0	0.0	0.0	0.0	0.0	0.0	0.0	0.0	0.0	0.0	0.0	0.0	0.0	0.0	0.0	0.0	0.0	0.0	0.0	0.0	0.0	0.0	0.0	0.0	0.0	0.0	0.0	0.0	0.0	0.0	0.0	0.0	0.0	0.0	0.0	0.0	0.0	0.0	0.0	0.0	0.0	0.0	0.0	0.0
G2-416	0.037758953850251444	0.02460070467243149	-0.07338736344097592	0.02637772623526393	0.06586327204003274	0.004332813040858957	0.03291794465644103	-0.03696227420694262	-0.0005341688010707453	0.00658604740503941	-0.0006944926685639433	0.004813278686184014	-0.00448327039653085	0.001383083088550756	0.005975083456583192	-0.007698375473201462	-0.018933964664183508	-0.002084137316116158	-0.0024808961394099283	0.0026252301270818664	-0.000544814106840286	-0.0043652087013324285	-0.0004216140654596988	-0.0003701240696702121	0.001202551115674255	0.00022270199086516879	-0.0	0.0	0.0	0.0	0.0	0.0	0.0	-0.0	-0.0	-0.0	-0.0	0.0	-0.0	-0.0	-0.0	-0.0	0.0	-0.0	-0.0	0.0	-0.0	0.0	0.0	-0.0	0.0	-0.0	0.0	-0.0	0.0	-0.0	0.0	0.0	0.0	0.0	0.0	0.0	0.0	0.0	0.0	0.0	0.0	0.0	0.0	0.0	0.0	0.0	0.0	0.0	0.0	0.0	0.0	0.0	0.0	0.0	0.0	0.0	0.0	0.0	0.0	0.0	0.0	0.0	0.0	0.0	0.0	0.0	0.0	0.0	0.0	0.0	0.0	0.0	0.0	0.0	0.0	0.0	0.0	0.0	0.0	0.0
G3-417	0.03695839648711685	0.026604021169736147	-0.07099481221764412	0.028719402302440217	0.06547750995350012	0.0021269597614027914	0.031162088545447466	-0.03433597951945989	0.011079046947597938	-0.010000712428039236	-0.016035928017894843	-0.012908739362201835	-0.010184769167305131	0.008632956242461614	-0.0057685958829419666	0.02357584326462583	0.005875835191026319	0.007296594382740446	0.00663062424781083	-0.00673896146360501	0.0032148697074450075	-0.003417874491639047	-0.003694547129466442	0.002982954014059317	0.002875889991445415	-0.00044633102846872754	-0.0	0.0	0.0	0.0	0.0	0.0	0.0	-0.0	-0.0	-0.0	-0.0	0.0	-0.0	-0.0	-0.0	-0.0	0.0	-0.0	-0.0	0.0	-0.0	0.0	0.0	-0.0	0.0	-0.0	0.0	-0.0	0.0	0.0	0.0	0.0	0.0	0.0	0.0	0.0	0.0	0.0	0.0	0.0	0.0	0.0	0.0	0.0	0.0	0.0	0.0	0.0	0.0	0.0	0.0	0.0	0.0	0.0	0.0	0.0	0.0	0.0	0.0	0.0	0.0	0.0	0.0	0.0	0.0	0.0	0.0	0.0	0.0	0.0	0.0	0.0	0.0	0.0	0.0	0.0	0.0	0.0	0.0	0.0
G3-418	-0.0676036889426639	0.028212349170505354	-0.0637042705238786	-0.02738897376703085	0.00522072552020854	0.012046348086675181	0.0033627115550150482	-0.013534708423680326	0.02372730708084518	0.043608429452090286	-0.011741632126545803	0.006302081344787242	0.01615794584387538	0.019983396106057195	-0.02099614400928981	-0.006772719773712222	0.022914556566972933	-0.0015970738349382414	-0.008084828593900108	0.004010499524592002	-0.00036438254984727324	-0.0038111684435062874	-0.0010610819721329566	-0.0017359121500643325	0.0018962588546173025	0.002729701074734211	0.0	-0.0	-0.0	-0.0	-0.0	-0.0	-0.0	0.0	0.0	0.0	0.0	-0.0	-0.0	0.0	0.0	0.0	-0.0	0.0	0.0	-0.0	0.0	-0.0	-0.0	0.0	-0.0	0.0	-0.0	0.0	-0.0	0.0	0.0	0.0	0.0	0.0	0.0	0.0	0.0	0.0	0.0	0.0	0.0	0.0	0.0	0.0	0.0	0.0	0.0	0.0	0.0	0.0	0.0	0.0	0.0	0.0	0.0	0.0	0.0	0.0	0.0	0.0	0.0	0.0	0.0	0.0	0.0	0.0	0.0	0.0	0.0	0.0	0.0	0.0	0.0	0.0	0.0	0.0	0.0	0.0	0.0	0.0
G3-419	0.13214145982321104	0.020168536646550966	0.040232589318158984	0.013775660381567148	-0.019454120532233266	-0.17567523174754715	-0.05857635400260524	0.021744907736102704	0.03864508875763315	0.03168235623227043	0.06604401173624767	0.010392656413779216	0.01116056958726538	-0.018744605172020114	-0.0018987509562620214	0.004517011812032668	0.007252587930837451	-0.004524775311380124	0.01007095512798828	-0.007905775172835503	0.003709406167547245	0.0007114218751835084	-0.00190348869690899	-0.0006145802888398714	1.475875652676074e-06	0.000633513880941412	-0.0	0.0	0.0	0.0	0.0	0.0	0.0	-0.0	-0.0	-0.0	-0.0	0.0	-0.0	-0.0	-0.0	-0.0	0.0	-0.0	-0.0	0.0	-0.0	0.0	0.0	-0.0	0.0	-0.0	0.0	-0.0	0.0	0.0	0.0	0.0	0.0	0.0	0.0	0.0	0.0	0.0	0.0	0.0	0.0	0.0	0.0	0.0	0.0	0.0	0.0	0.0	0.0	0.0	0.0	0.0	0.0	0.0	0.0	0.0	0.0	0.0	0.0	0.0	0.0	0.0	0.0	0.0	0.0	0.0	0.0	0.0	0.0	0.0	0.0	0.0	0.0	0.0	0.0	0.0	0.0	0.0	0.0	0.0
G3-420	-0.06972981178527662	0.029236383849813953	0.036643751695336124	-0.004967813694256441	-0.013210797242826297	-0.010084673829070403	-0.001484663275542601	-0.024146978541950994	-0.0064348348221785106	0.02693682843664886	0.019173442454435037	0.006430090672453689	0.007974844201573643	-0.0013082647513408326	-0.010630068198715693	-0.009844588989676243	-0.00763765210290444	0.0011744702125629106	0.009984588464631213	0.0005364723878135669	-0.004579457966982047	0.007699643305772322	0.006427568427444972	0.0008092594033383124	0.0009005609752394805	0.0015088482561646571	0.0	-0.0	-0.0	-0.0	-0.0	-0.0	-0.0	0.0	0.0	0.0	0.0	-0.0	-0.0	0.0	0.0	0.0	-0.0	0.0	0.0	-0.0	0.0	-0.0	-0.0	0.0	-0.0	0.0	-0.0	0.0	-0.0	0.0	0.0	0.0	0.0	0.0	0.0	0.0	0.0	0.0	0.0	0.0	0.0	0.0	0.0	0.0	0.0	0.0	0.0	0.0	0.0	0.0	0.0	0.0	0.0	0.0	0.0	0.0	0.0	0.0	0.0	0.0	0.0	0.0	0.0	0.0	0.0	0.0	0.0	0.0	0.0	0.0	0.0	0.0	0.0	0.0	0.0	0.0	0.0	0.0	0.0	0.0
G3-421	0.05364472967382777	0.003222774324422806	-0.04479207429961603	0.02397374114435332	0.04405891498044225	0.014571434402252616	0.0016714829673853354	0.05339447565373918	0.0021615081878437014	0.05528701405198571	-0.0027801431045713365	-0.023792298642436274	-0.013391119822915062	0.0006738991280546644	-0.0002448805723567667	0.0015523518300964007	-0.008035268147271542	-0.02133840746184235	0.02165701264299609	-0.00027596621948662266	0.0010584825060214798	0.0010096789669834878	-0.0049601280517986585	0.007687443364867231	-0.00804741645284733	0.0016027546120521176	-0.0	0.0	0.0	0.0	0.0	0.0	0.0	-0.0	-0.0	-0.0	-0.0	0.0	-0.0	-0.0	-0.0	-0.0	0.0	-0.0	-0.0	0.0	-0.0	0.0	0.0	-0.0	0.0	-0.0	0.0	-0.0	0.0	0.0	0.0	0.0	0.0	0.0	0.0	0.0	0.0	0.0	0.0	0.0	0.0	0.0	0.0	0.0	0.0	0.0	0.0	0.0	0.0	0.0	0.0	0.0	0.0	0.0	0.0	0.0	0.0	0.0	0.0	0.0	0.0	0.0	0.0	0.0	0.0	0.0	0.0	0.0	0.0	0.0	0.0	0.0	0.0	0.0	0.0	0.0	0.0	0.0	0.0	0.0
G3-422	0.04484130465745213	0.008768820746514729	0.057383883295319786	0.04136499667167634	0.01770197919362383	-0.010593941213919121	0.0003488709277707802	0.024129043914936702	-0.010114646219624235	0.025006012063860623	0.017850000678819724	-0.0062197800922758175	0.0017176049362496225	0.0036883119919060127	-0.006867576184694068	0.008389966258308535	-0.014820079692330311	-0.0016659893705284051	0.010409032916697581	0.0001598060506654653	-0.0020653913217148876	0.00011097327964836737	0.0028046243965194817	0.005269503572817135	0.0056641510586930635	-1.5077120443336474e-06	-0.0	0.0	0.0	0.0	0.0	0.0	0.0	-0.0	-0.0	-0.0	-0.0	0.0	-0.0	-0.0	-0.0	-0.0	0.0	-0.0	-0.0	0.0	-0.0	0.0	0.0	-0.0	0.0	-0.0	0.0	-0.0	0.0	0.0	0.0	0.0	0.0	0.0	0.0	0.0	0.0	0.0	0.0	0.0	0.0	0.0	0.0	0.0	0.0	0.0	0.0	0.0	0.0	0.0	0.0	0.0	0.0	0.0	0.0	0.0	0.0	0.0	0.0	0.0	0.0	0.0	0.0	0.0	0.0	0.0	0.0	0.0	0.0	0.0	0.0	0.0	0.0	0.0	0.0	0.0	0.0	0.0	0.0	0.0
G3-423	0.13249511498567176	0.029172697439284894	-0.09890862444066488	0.04731932423932492	-0.01999964630682248	0.12435597793252616	-0.13400269193564926	0.037393234709420735	-0.10502063460705839	0.0013176972167629867	0.0288802033347365	-0.013406710964649743	0.013615084587910957	-0.009313552016249843	-0.001798475957483436	0.003449677699822402	0.0024868232522337512	-0.001542050269539826	0.00018552463549205265	0.0019523894963167628	-0.001014052515418091	-0.00016327368786618499	0.0006780355682746139	0.00025568256409522644	-0.00028363518410273774	-0.0003985344441381399	-0.0	0.0	0.0	0.0	0.0	0.0	0.0	-0.0	-0.0	-0.0	-0.0	0.0	-0.0	-0.0	-0.0	-0.0	0.0	-0.0	-0.0	0.0	-0.0	0.0	0.0	-0.0	0.0	-0.0	0.0	-0.0	0.0	0.0	0.0	0.0	0.0	0.0	0.0	0.0	0.0	0.0	0.0	0.0	0.0	0.0	0.0	0.0	0.0	0.0	0.0	0.0	0.0	0.0	0.0	0.0	0.0	0.0	0.0	0.0	0.0	0.0	0.0	0.0	0.0	0.0	0.0	0.0	0.0	0.0	0.0	0.0	0.0	0.0	0.0	0.0	0.0	0.0	0.0	0.0	0.0	0.0	0.0	0.0
G3-424	0.11657881044556608	0.017496632118137748	-0.05780826973513926	0.06563369239438947	-0.023688267749030458	0.11491023489848112	-0.09594670236667578	0.008937157082936135	0.02676232571509566	0.004796663197760405	-0.04802104749750329	0.02093304090887053	-0.004697862081012312	0.02009216049405399	-0.015588766751712052	0.008569692002217138	-0.001974180663922174	-0.009182849042160815	-0.0048966428120349355	0.008635031879368487	-0.0014032662148475276	-0.0004219509726772046	-0.00037211991646204337	-0.0005518103421706237	0.0005701390532944718	0.0011341611208845227	-0.0	0.0	0.0	0.0	0.0	0.0	0.0	-0.0	-0.0	-0.0	-0.0	0.0	-0.0	-0.0	-0.0	-0.0	0.0	-0.0	-0.0	0.0	-0.0	0.0	0.0	-0.0	0.0	-0.0	0.0	-0.0	0.0	0.0	0.0	0.0	0.0	0.0	0.0	0.0	0.0	0.0	0.0	0.0	0.0	0.0	0.0	0.0	0.0	0.0	0.0	0.0	0.0	0.0	0.0	0.0	0.0	0.0	0.0	0.0	0.0	0.0	0.0	0.0	0.0	0.0	0.0	0.0	0.0	0.0	0.0	0.0	0.0	0.0	0.0	0.0	0.0	0.0	0.0	0.0	0.0	0.0	0.0	0.0
G3-425	0.06907713452039078	0.02909616980046022	0.04125301357273039	0.0625719629162097	0.058756477513297906	-0.02285833244323121	0.038238376578349775	-0.035257858680363796	-0.018998539236770164	-0.002692737936834641	0.019849127388325147	0.004119909802346049	-0.002027409395817757	-0.0065722267730560545	-0.0006267299421027466	-0.013781112080170806	-0.0034368799707558385	-0.007708416986084469	0.0021074905510737527	0.0011994821273355316	-0.002238422467307518	-0.001936619238543554	0.001600179612634533	0.00029799203752558904	0.00017391008188850218	-0.0002730034574813112	-0.0	0.0	-0.0	-0.0	-0.0	-0.0	0.0	0.0	0.0	0.0	-0.0	0.0	-0.0	-0.0	0.0	-0.0	-0.0	0.0	0.0	0.0	-0.0	0.0	-0.0	0.0	-0.0	-0.0	-0.0	0.0	0.0	0.0	0.0	0.0	0.0	0.0	0.0	0.0	0.0	0.0	0.0	0.0	0.0	0.0	0.0	0.0	0.0	0.0	0.0	0.0	0.0	0.0	0.0	0.0	0.0	0.0	0.0	0.0	0.0	0.0	0.0	0.0	0.0	0.0	0.0	0.0	0.0	0.0	0.0	0.0	0.0	0.0	0.0	0.0	0.0	0.0	0.0	0.0	0.0	0.0	0.0	0.0
G3-426	0.03826340376914694	0.02768785911143333	-0.07231362270513927	0.02746039533177317	0.06876152252362791	0.0029988226322910905	0.03513135295111396	-0.03593864604412264	0.001060614097872224	0.0036920223353897144	-0.012533735342737025	0.010133449530401559	0.009294443025450957	0.007391287846820937	-0.011223885941662409	0.0008350836750692838	0.001568763258829571	-0.0012540302893158948	-0.0047551600757975605	0.0005621264586065826	0.0020760808710775535	-0.00024030005802443393	-0.0021054507617489634	0.0006693958922549972	-0.0013853698262754326	-0.0010994388936928043	0.0	0.0	-0.0	0.0	0.0	0.0	0.0	-0.0	0.0	-0.0	0.0	-0.0	-0.0	-0.0	0.0	-0.0	0.0	-0.0	0.0	-0.0	0.0	0.0	-0.0	0.0	0.0	-0.0	-0.0	-0.0	-0.0	-0.0	0.0	0.0	0.0	0.0	0.0	0.0	0.0	0.0	0.0	0.0	0.0	0.0	0.0	0.0	0.0	0.0	0.0	0.0	0.0	0.0	0.0	0.0	0.0	0.0	0.0	0.0	0.0	0.0	0.0	0.0	0.0	0.0	0.0	0.0	0.0	0.0	0.0	0.0	0.0	0.0	0.0	0.0	0.0	0.0	0.0	0.0	0.0	0.0	0.0	0.0
G3-427	0.09320854776070893	0.015966154356662713	-0.0034801033777426163	0.06344576253226265	-0.010138548799288036	0.0720893141740975	-0.05229563357232992	-0.007626235721976779	-0.0033277961963710102	0.052737252984898626	-0.004389254463161469	0.010596612658029438	-0.0063116218363556955	0.020549088845319346	-0.020551608545913994	-0.04254698866107941	-0.02328910170602402	0.028522643389843994	-0.008845458291376911	-0.02356958471947099	0.009123219611782307	0.008795450555932354	-0.0038654988864869253	-0.0011959375874062705	-0.00041328995864377754	0.00026983486927629845	-0.0	0.0	0.0	0.0	0.0	0.0	0.0	-0.0	-0.0	-0.0	-0.0	0.0	-0.0	-0.0	-0.0	-0.0	0.0	-0.0	-0.0	0.0	-0.0	0.0	0.0	-0.0	0.0	-0.0	0.0	-0.0	0.0	0.0	0.0	0.0	0.0	0.0	0.0	0.0	0.0	0.0	0.0	0.0	0.0	0.0	0.0	0.0	0.0	0.0	0.0	0.0	0.0	0.0	0.0	0.0	0.0	0.0	0.0	0.0	0.0	0.0	0.0	0.0	0.0	0.0	0.0	0.0	0.0	0.0	0.0	0.0	0.0	0.0	0.0	0.0	0.0	0.0	0.0	0.0	0.0	0.0	0.0	0.0
G3-428	0.06907713452039078	0.02909616980046021	0.0412530135727304	0.0625719629162097	0.05875647751329792	-0.022858332443231186	0.03823837657834979	-0.035257858680363775	-0.018998539236770143	-0.002692737936834619	0.019849127388325102	0.004119909802346024	-0.0020274093958177197	-0.0065722267730560805	-0.0006267299421027299	-0.013781112080170809	-0.003436879970755858	-0.00770841698608448	0.0021074905510737978	0.0011994821273354915	-0.00223842246730753	-0.0019366192385436949	0.001600179612634569	0.000297992037525728	0.0001739100818888374	-0.00027300345748208034	0.0	-0.0	0.0	0.0	0.0	0.0	-0.0	-0.0	-0.0	-0.0	0.0	-0.0	-0.0	0.0	-0.0	0.0	0.0	-0.0	-0.0	-0.0	0.0	-0.0	0.0	-0.0	0.0	0.0	0.0	-0.0	-0.0	0.0	0.0	0.0	0.0	0.0	0.0	0.0	0.0	0.0	0.0	0.0	0.0	0.0	0.0	0.0	0.0	0.0	0.0	0.0	0.0	0.0	0.0	0.0	0.0	0.0	0.0	0.0	0.0	0.0	0.0	0.0	0.0	0.0	0.0	0.0	0.0	0.0	0.0	0.0	0.0	0.0	0.0	0.0	0.0	0.0	0.0	0.0	0.0	0.0	0.0	0.0
G3-429	-0.06745986230173101	0.023543292352766962	-0.06240021344748502	-0.02637541059288856	0.0003039793911303483	0.012820132700264832	-0.0014978176973123231	-0.010597885845777855	0.024692434251954096	0.03972844820944684	0.0027544551987036666	-0.005104024864537878	0.0009926314021897074	0.010776745491311066	-0.0048015470233049385	-0.008297125919210556	-0.005744399816378438	-0.0025097498459884814	0.0071449478168234834	0.002256952614586433	-0.004923228815734406	0.006479811378737798	0.0046937156913625586	-0.0011647580622825753	-0.0018321404732354878	-0.002952570604423951	-0.0	0.0	0.0	0.0	0.0	0.0	0.0	-0.0	-0.0	-0.0	-0.0	0.0	-0.0	-0.0	-0.0	-0.0	0.0	-0.0	-0.0	0.0	-0.0	0.0	0.0	-0.0	0.0	-0.0	0.0	-0.0	0.0	0.0	0.0	0.0	0.0	0.0	0.0	0.0	0.0	0.0	0.0	0.0	0.0	0.0	0.0	0.0	0.0	0.0	0.0	0.0	0.0	0.0	0.0	0.0	0.0	0.0	0.0	0.0	0.0	0.0	0.0	0.0	0.0	0.0	0.0	0.0	0.0	0.0	0.0	0.0	0.0	0.0	0.0	0.0	0.0	0.0	0.0	0.0	0.0	0.0	0.0	0.0
G3-430	0.04504006299202744	0.0076980080758806135	0.05682218172480438	0.04039401891684491	0.02175153525762247	-0.009328233119680061	0.004164380391835271	0.020040427927399955	-0.015439845097028376	0.03345596455329883	0.02074106356010046	0.007631007984136449	0.008064957637799583	0.0016745283923771134	0.0017468892018624466	-0.01322771476446469	-0.005936610465674289	0.0029228214194648243	-0.004348139151025368	0.008444163512605025	-0.0036724625447199523	-0.004161606555987488	0.0016500268789104331	-0.0007875178360338455	-0.0010056774614691523	0.0009617193832887695	0.0	-0.0	-0.0	-0.0	-0.0	-0.0	-0.0	0.0	0.0	0.0	0.0	-0.0	-0.0	0.0	0.0	0.0	-0.0	0.0	0.0	-0.0	0.0	-0.0	-0.0	0.0	-0.0	0.0	-0.0	0.0	-0.0	0.0	0.0	0.0	0.0	0.0	0.0	0.0	0.0	0.0	0.0	0.0	0.0	0.0	0.0	0.0	0.0	0.0	0.0	0.0	0.0	0.0	0.0	0.0	0.0	0.0	0.0	0.0	0.0	0.0	0.0	0.0	0.0	0.0	0.0	0.0	0.0	0.0	0.0	0.0	0.0	0.0	0.0	0.0	0.0	0.0	0.0	0.0	0.0	0.0	0.0	0.0

Biplot	0	0

Site constraints	0	0
