Eigvals	11
0.20048513830110903	0.17618115945482837	0.10744417385073503	0.09609263445662805	0.0477701924962712	0.01643873539036298	0.004914804282578438	0.0	0.0	0.0	0.0

Proportion explained	11
0.3087584348844035	0.2713289349542346	0.16547009537323493	0.14798808365629093	0.07356879414734047	0.025316580837948584	0.007569076146546908	0.0	0.0	0.0	0.0

Species	0	0

Site	11	11
G1-110	-0.02982615736146648	-0.056624086191504844	-0.08646827753317018	-0.0007769299856108141	0.048392077008818764	0.020790995252119165	0.003074108584682595	0.0	-0.0	0.0	0.0
G1-157	-0.011916460113188093	-0.07015722546271834	-0.03521720202746559	0.007080011543474416	0.057863751935374005	-0.056695031969651144	-0.011694901939009097	-0.0	-0.0	0.0	0.0
G1-158	0.058062688449869254	0.028116932255669237	-0.08545688710170349	-0.13672054391760088	0.05023892911830163	-0.0009123577288730432	0.04019082457000177	0.0	-0.0	0.0	0.0
G1-159	0.19634723766412335	0.3102160715765489	-0.08057471562426484	0.026453864554802864	-0.021174531310028246	0.012316432377917744	-0.014308256922419188	-0.0	-0.0	0.0	0.0
G1-19	-0.366146885092125	0.18445398517077713	0.061960636679673574	-0.0019422201085064876	-0.015714819669284525	-0.00277655506492745	0.005115781375549294	-0.0	-0.0	0.0	0.0
G2-41	0.011931693600295333	-0.10608715993031699	0.04128772577998859	0.028279784685847412	-0.0014808192051261706	0.06769666195885793	0.024740381865943087	0.0	-0.0	0.0	0.0
G3-42	0.09929081684907134	-0.001259111200352146	0.136809640279857	0.21358426269223174	0.01050140961546087	-0.01773817903095194	0.017188480815163644	-0.0	-0.0	0.0	0.0
G3-43	-0.03063281265895834	-0.12185963099142647	-0.1328352537951712	0.03455606267023587	-0.17095612747553662	-0.01139223559051116	-0.0017637413955251444	-0.0	-0.0	0.0	0.0
G3-44	-0.0238879356772689	-0.07388709599545737	0.01162653232755369	-0.007514564210809374	0.047249499396787235	0.06368737769578661	-0.04248588619016209	-0.0	-0.0	0.0	0.0
G3-45	0.10869427445283514	-0.022755453768500657	0.20408500304216737	-0.17007973946753904	-0.06278312135014168	-0.018282075930115528	-0.008361888825215654	-0.0	-0.0	0.0	0.0
G3-46	-0.011916460113188077	-0.07015722546271827	-0.03521720202746558	0.007080011543474473	0.057863751935374075	-0.05669503196965115	-0.01169490193900973	0.0	-0.0	0.0	0.0

Biplot	0	0

Site constraints	0	0
