Eigvals	6
0.016014432375232996	0.0024503781539210634	0.0004156891052256329	0.0	0.0	0.0

Proportion explained	6
0.8481996072854001	0.12978354394070934	0.022016848773890516	0.0	0.0	0.0

Species	0	0

Site	6	6
G2-325	0.03659915977840427	-0.002108940407741752	0.008016761136521874	-0.0	0.0	0.0
G2-326	-0.006533784851820716	0.03613350240665312	0.007225592435670395	-0.0	0.0	0.0
G2-327	0.05012983788869392	-0.00028339193086922277	-0.014292411859890292	-0.0	0.0	0.0
G2-328	-0.004225120612919245	-0.03371272289753335	0.007474316685333348	-0.0	0.0	0.0
G2-329	0.029895966666383878	0.0013407906827413655	-0.0028725493022234566	-0.0	0.0	0.0
G2-330	-0.10586605886874212	-0.0013692378532501616	-0.005551709095411823	-0.0	0.0	0.0

Biplot	0	0

Site constraints	0	0
