Eigvals	11
0.04779665921740472	0.02925292186808312	0.015620397925075835	0.005146171197350136	0.0007398394673123979	0.00012716451085278968	1.9024522418675457e-05	0.0	0.0	0.0	0.0

Proportion explained	11
0.4842513087635593	0.2963756449032124	0.15825788376169866	0.05213837490404941	0.007495675141046325	0.0012883657941163721	0.00019274673231744536	0.0	0.0	0.0	0.0

Species	0	0

Site	11	11
G1-13	0.09600615254295662	-0.0853704156452318	0.04896604003742146	-0.007007284582497165	0.001327636589662207	-0.0013579912828527714	-0.0006669930823337316	-0.0	0.0	0.0	0.0
G1-135	-0.07405279097865215	0.052150966685010174	0.027735453379786803	0.04826834506121168	0.0012567841971502965	0.0010862853008203267	-0.0003703369074318554	-0.0	0.0	0.0	0.0
G1-136	-0.02755928721430877	-0.01430205518232866	-0.01748888132136827	-0.023692651084600214	-0.0005700465991771476	0.009395636824245948	0.0006835938040871241	-0.0	0.0	0.0	0.0
G1-138	-0.08567656742012297	-0.10792665007460975	0.01568880099144798	0.01639196260227999	-0.0012794453115687868	-0.00012624538552503457	-0.00019694745208576474	-0.0	0.0	0.0	0.0
G1-14	-0.042077825900465	-0.006742148070856676	-0.025457867317623725	-0.018714187036215146	-0.006032091993100649	-0.004543700597707202	0.0010110736284171514	-0.0	0.0	0.0	0.0
G2-413	-0.06701010619585579	0.005596208219136598	-0.06112754638133743	-0.014984730485872334	0.0027259887127397573	-0.0031779766221283427	-0.0014005246714952541	-0.0	0.0	0.0	0.0
G2-414	0.09592668838489014	0.007203992688598853	-0.05900575721683427	0.020376508319774826	2.2129552536939292e-05	0.001564397881043816	-0.00169891009924022	-0.0	0.0	0.0	0.0
G2-415	-0.014448813956473882	0.04906398767750065	0.03187906788638141	-0.009300065850184204	-0.014280610577886495	-0.0004638189775856925	0.0007771158131146969	-0.0	0.0	0.0	0.0
G2-416	-0.005159472804571375	0.06308603034085686	0.053299473739842854	-0.027130114642053935	0.010928557098270826	-0.00036173801713711016	-0.001645722909203055	-0.0	0.0	0.0	0.0
G3-417	0.09033683617347099	0.028190163482986808	-0.0012012383507726393	0.007869452495087954	-0.010277018467318894	-0.0006342333579030534	0.000613158162619232	-0.0	0.0	0.0	0.0
G3-418	0.033715187369132295	0.009049919878936346	-0.013287545446944663	0.0079227652030688	0.016178116798692015	-0.0013806157652703104	0.0028944937135560725	-0.0	0.0	0.0	0.0

Biplot	0	0

Site constraints	0	0
