Eigvals	11
0.17491750074132847	0.1563677790975457	0.0676377451600769	0.016539106883178126	0.009382971654711466	0.0017380554923368402	0.0	0.0	0.0	0.0	0.0

Proportion explained	11
0.41004314642755135	0.366558725509486	0.15855699815718838	0.038771120080825505	0.02199564482588889	0.004074364999059797	0.0	0.0	0.0	0.0	0.0

Species	0	0

Site	11	11
G1-110	0.08382977718492116	0.032505228560695626	0.017088397175813574	0.06810926660945976	-0.004544303453108948	0.010843129920641254	-0.0	0.0	0.0	0.0	0.0
G1-157	-0.1434075838801638	0.24259064996974486	-0.09578969506875222	-0.03587293028112064	-0.013988735744148988	0.000798025981044923	-0.0	0.0	0.0	0.0	0.0
G1-158	0.2160297693007704	-0.03300133272830134	-0.102943974798078	-0.0421667607644347	-0.03470869252283043	-0.008909617748286159	-0.0	0.0	0.0	0.0	0.0
G1-159	0.10495068760705573	0.032354262871453064	-0.07241679085961111	0.020691976501860353	0.020552003324812926	0.013275831672350852	-0.0	0.0	0.0	0.0	0.0
G1-19	0.15226903988808635	0.16556379264021603	0.18173049225145047	-0.02916985979828817	0.012442247564469301	-0.0012872352682980629	-0.0	0.0	0.0	0.0	0.0
G2-41	-0.0729622155499828	-0.008169324248904432	0.0007875367645103507	0.027941648795612777	0.02497078402310702	-0.0345740643164526	-0.0	0.0	0.0	0.0	0.0
G3-42	-0.20027431221619424	-0.021994460842091793	0.03778437963053951	-0.0336304539269808	0.018246934813678523	0.009728900451753631	-0.0	0.0	0.0	0.0	0.0
G3-43	0.011942490489853054	-0.03020757178581554	-0.01316301139849099	0.04939598999270107	-0.0001797039564850493	-0.0016960141023758205	-0.0	0.0	0.0	0.0	0.0
G3-44	-0.11854759346221101	-0.022722336353426603	-0.014630838462538667	0.030888073609809122	-0.006504967678122225	0.006750963141277197	-0.0	0.0	0.0	0.0	0.0
G3-45	0.039001376845526514	-0.20334780912054148	-0.02210243995824948	-0.04642413859363055	0.047773677326885804	0.00490537336528004	-0.0	0.0	0.0	0.0	0.0
G3-46	-0.07283143620766146	-0.15357109896302798	0.0836559447234063	-0.009762812144988661	-0.06405924369825763	0.00016470690306569073	-0.0	0.0	0.0	0.0	0.0

Biplot	0	0

Site constraints	0	0
