Eigvals	33
0.42670684019902283	0.32212398471284337	0.2916205877269556	0.17504473224951866	0.14476440468030932	0.0855712911394104	0.05443510936290155	0.04671670080721403	0.034542678766813203	0.02376464383097865	0.0133893112998478	0.009951086917107617	0.003526439685732116	0.0023182009808691353	0.0012893184996262616	0.0011174389920947728	0.0	0.0	0.0	0.0	0.0	0.0	0.0	0.0	0.0	0.0	0.0	0.0	0.0	0.0	0.0	0.0	0.0

Proportion explained	33
0.260682590139183	0.19679111457817897	0.1781560616912457	0.10693785497261124	0.08843907905113146	0.05227698202675005	0.033255349964889935	0.028540040660003707	0.021102720001110607	0.014518232013119855	0.008179761890379344	0.006079291138248061	0.0021543630067366324	0.0014162290810109791	0.0007876669749193039	0.0006826628104811208	0.0	0.0	0.0	0.0	0.0	0.0	0.0	0.0	0.0	0.0	0.0	0.0	0.0	0.0	0.0	0.0	0.0

Species	0	0

Site	33	33
G1-11	0.014893460800788919	0.01784997243669784	0.05407030633532243	0.005087780840365482	-0.032077777991790866	0.012444243159553977	-0.011267829483931865	-0.005056150325447572	-0.015771955185366927	0.0013685575908724114	0.007780370265106895	0.0002686939671746267	0.006839988657222943	0.00138700720967884	0.007642309222787304	-0.0030108987527878474	0.0	0.0	0.0	0.0	0.0	0.0	0.0	0.0	0.0	0.0	0.0	0.0	0.0	0.0	0.0	0.0	0.0
G1-12	0.057831154850339614	-0.10032817838256165	-0.03982742558048493	0.008859765143842733	-0.03189195526600118	-0.012265281820124686	-0.018836885565491568	-0.011033729868145697	0.0009122062714767281	0.0005785479455272321	-0.0023026804298203938	0.017176966929935398	-0.004346206118066167	0.0006814757442709728	-0.0007657108068308456	0.015130570817762284	0.0	0.0	0.0	0.0	0.0	0.0	0.0	0.0	0.0	0.0	0.0	0.0	0.0	0.0	0.0	0.0	0.0
G1-13	0.07046492595862948	-0.11371435311043393	-0.01768639425861909	0.006797300836488084	-0.027069400015699383	-0.018920584200186136	-0.005210376453713706	0.0351871400914798	0.029499413980197137	0.01799189475375302	-0.01797812465550895	-0.01975951177073713	0.014039891922164923	-0.01176882320576668	0.0004180730447873975	0.008452764985952882	0.0	0.0	0.0	0.0	0.0	0.0	0.0	0.0	0.0	0.0	0.0	0.0	0.0	0.0	0.0	0.0	0.0
G1-130	0.025921920111065852	0.014103499161531302	0.07336222735616593	0.0029806606135039625	-0.023596774846276817	0.018636856617317284	-0.004002106789004277	0.04022142342131292	-0.015910102233407008	0.011909127243774539	-0.01902680418003218	-0.025393600398266526	-0.013511468310296147	0.008189628503860902	-0.005507293518920607	-0.0028412479124683573	0.0	0.0	0.0	0.0	0.0	0.0	0.0	0.0	0.0	0.0	0.0	0.0	0.0	0.0	0.0	0.0	0.0
G1-131	0.013683827067170319	0.01920329044062211	0.051302418304068904	0.004023108020001956	-0.028764060702415092	0.016607212070698974	-0.014226948974899022	-0.0020959506484624748	-0.020600075923704796	-0.005119569655054399	0.0053640128644682665	0.001618681033028709	-0.00569554542054996	0.01167338829909657	-0.0033120446659467015	-0.007986476814309088	0.0	0.0	0.0	0.0	0.0	0.0	0.0	0.0	0.0	0.0	0.0	0.0	0.0	0.0	0.0	0.0	0.0
G1-132	0.02715425694719615	0.012583341469347907	0.07612223424925996	0.004236758550330237	-0.027271431697305743	0.014311729032116405	-0.001168423175214449	0.03652298717404708	-0.010984345524069471	0.018699447147811608	-0.015471211345296628	-0.027360306407145412	-0.0008606912282117928	-0.0037148270939257417	0.007443527292201284	0.0031194879889756503	0.0	0.0	0.0	0.0	0.0	0.0	0.0	0.0	0.0	0.0	0.0	0.0	0.0	0.0	0.0	0.0	0.0
G1-135	0.056124152608684384	-0.09976692993400858	-0.036989492499819296	0.007104276868013131	-0.03640850118338106	-0.014597588739961871	-0.02478039525990436	-0.00972387500739801	0.007098570611648185	0.0037728406456339044	-0.002933943481444281	0.013920929150467939	-0.00891291242858153	-0.016647336328837452	0.005535186659711987	-0.010316176712396471	0.0	0.0	0.0	0.0	0.0	0.0	0.0	0.0	0.0	0.0	0.0	0.0	0.0	0.0	0.0	0.0	0.0
G1-136	0.060729759026422414	-0.13639560964263997	-0.04687128516980249	0.01741098242920942	-0.04842286537609372	-0.03316225992507908	-0.05355342749132584	-0.00741511604688564	0.02108275691689791	0.04407418389947303	0.06999879246906897	-0.00675608421196107	0.011327292252814043	0.01654775569131341	-0.0013929102366578986	-0.0039021316869090493	0.0	0.0	0.0	0.0	0.0	0.0	0.0	0.0	0.0	0.0	0.0	0.0	0.0	0.0	0.0	0.0	0.0
G1-138	0.06826482220897309	-0.11090014945432108	-0.023598139892247856	0.005471084958152214	-0.025846867045763097	-0.0146184427210016	-0.012456472790777528	0.03700846762402939	0.018631932565481735	0.013224970248207174	-0.03017901948153634	-0.011485323900912427	-0.01398195527360778	0.011334144373149961	-0.01237831987753313	-0.004639829038883349	0.0	0.0	0.0	0.0	0.0	0.0	0.0	0.0	0.0	0.0	0.0	0.0	0.0	0.0	0.0	0.0	0.0
G1-14	0.07348657503238457	-0.11659130888888929	-0.039877593525830854	0.04655628585140894	0.03547310337511982	-0.059252235263331336	0.03750409530041536	0.05097748780418665	-0.0199744067106402	0.026708851765049047	-0.019946682208773853	-0.00199111252747198	-0.0023777529334861867	0.001009776572839928	0.011304055609993327	-0.005091221697171434	0.0	0.0	0.0	0.0	0.0	0.0	0.0	0.0	0.0	0.0	0.0	0.0	0.0	0.0	0.0	0.0	0.0
G1-15	0.06345125631660621	-0.10834311223352364	-0.059641422258355746	0.04973745466041327	0.037972132870142124	-0.0517137223133284	0.027158909602260157	0.005541670793911896	-0.04000863837471075	0.0035803040554955126	0.026138921844304424	0.01912858342350333	-0.0029932742031686427	-0.006602274129770553	-0.007142063078475632	0.003634767524566566	0.0	0.0	0.0	0.0	0.0	0.0	0.0	0.0	0.0	0.0	0.0	0.0	0.0	0.0	0.0	0.0	0.0
G1-177	0.038074862008100355	-0.022160658017753677	-0.21015136822013195	-0.03111986375654878	0.16170791203417378	-0.07039185551516203	-0.016264825321308792	-0.03957979146203171	0.03127679737535885	0.010763809236211288	-0.02769473245076115	0.01240725123427339	-0.0034770378312097678	-0.004055094416745402	-0.0025844728723331224	0.00140555338630108	0.0	0.0	0.0	0.0	0.0	0.0	0.0	0.0	0.0	0.0	0.0	0.0	0.0	0.0	0.0	0.0	0.0
G1-178	0.0368535949302156	0.03314377895289693	0.044731918246830565	0.018472850504102023	0.11753155707366134	0.018818701329971092	0.027625640087420363	-0.04962689207488481	-0.07410102809525752	0.011548677031657502	-0.006280173707867869	0.029315557075865112	-0.003110551641970085	0.007547984150152856	0.00769158355061944	-0.004496113377803933	0.0	0.0	0.0	0.0	0.0	0.0	0.0	0.0	0.0	0.0	0.0	0.0	0.0	0.0	0.0	0.0	0.0
G1-193	-0.58586479602042	-0.20303705801980867	0.06511064906660033	-0.010834544113172915	0.051596121639061826	0.005058573782432408	-0.009501839280620324	-0.0007699352734217797	0.000433921283391903	0.0016109026276715404	-0.000989372428305577	-0.002152467497867468	-0.0014702106017459922	-0.00048035787274537645	0.00017291790650163387	0.0003318033058152826	0.0	0.0	0.0	0.0	0.0	0.0	0.0	0.0	0.0	0.0	0.0	0.0	0.0	0.0	0.0	0.0	0.0
G2-194	-0.043510271198619305	0.13413578000080612	-0.024452828726075918	-0.0897764537734462	-0.012867390725556118	-0.026393005886068285	-0.03073895034995354	0.05132049885718913	0.05153677959872965	-0.025178018188308383	0.009032773675240338	0.04444269661590441	-0.006771832005602977	-0.0020272111713692475	0.00040568094791292286	-0.0005499535703097917	0.0	0.0	0.0	0.0	0.0	0.0	0.0	0.0	0.0	0.0	0.0	0.0	0.0	0.0	0.0	0.0	0.0
G2-413	0.04333069484435909	0.030742331238593285	0.1976231346806634	-0.06180709188088786	0.05739679748335803	0.010275761699841322	0.04669548832399363	0.028787935284360418	0.08149396959266045	-0.018927455596602874	-0.00016229665856473365	0.006974257967198427	0.019096080079374012	0.0007911638297711229	-0.004568747471614262	-0.0009759688888729104	0.0	0.0	0.0	0.0	0.0	0.0	0.0	0.0	0.0	0.0	0.0	0.0	0.0	0.0	0.0	0.0	0.0
G2-414	0.03739720418226247	0.0231002376136858	0.0882797882606717	-0.010646264502610015	0.03184032102985774	0.02941375170106788	-0.014156123638835302	-0.052142708577264676	0.02174288099080337	-0.012968795572444436	0.021449421732616245	-0.012901721276390572	-0.005273164656560786	-0.008278346965054018	0.0064135933542375356	-5.2270998356113647e-05	0.0	0.0	0.0	0.0	0.0	0.0	0.0	0.0	0.0	0.0	0.0	0.0	0.0	0.0	0.0	0.0	0.0
G2-415	0.015665803571740012	0.01923269438517655	0.06033497298626322	0.0032035962406562145	-0.029815775205083443	0.015345665290333915	-0.00995450452125808	0.0006906391454145968	-0.011650946358876878	-0.0032486828393737265	0.01936126503543257	0.006628015900306408	0.0018631887575908817	-0.021121024543186886	-0.000326117320694864	-0.005894035084049369	0.0	0.0	0.0	0.0	0.0	0.0	0.0	0.0	0.0	0.0	0.0	0.0	0.0	0.0	0.0	0.0	0.0
G2-416	0.015256124359138793	0.02068168816639948	0.05652948619646362	0.00281171205176046	-0.02470586631737372	0.021176524073388135	-0.010556012820911509	0.003476227046803414	-0.02034932886813446	-0.013119980831640845	0.018806370543710867	0.010797746992103672	-0.012781267204460822	-0.008941314601768894	-0.017681712723387824	-0.0012238871708697813	0.0	0.0	0.0	0.0	0.0	0.0	0.0	0.0	0.0	0.0	0.0	0.0	0.0	0.0	0.0	0.0	0.0
G3-417	0.017320124124836224	0.017955014048022043	0.053408299392537925	0.006461960611501692	-0.02964869644170485	0.016610745871909832	-0.008613462258787813	-0.004768189326492787	-0.025884269207887202	-0.00430962191891338	0.01289860900323621	0.006398207661261876	-0.002654205911488574	0.004784002115943589	0.004485856942180153	0.020905971047308562	0.0	0.0	0.0	0.0	0.0	0.0	0.0	0.0	0.0	0.0	0.0	0.0	0.0	0.0	0.0	0.0	0.0
G3-418	0.08200083987317398	-0.11093335712103579	-0.017322876531466743	-0.003537839017249224	0.0339631078901144	-0.005165678793170496	-0.01463425394172626	-0.06683806743622708	0.04972696607299179	-0.009341514576131044	-0.00503202107389587	-0.012301176215008064	0.008666108863863863	0.0024738851611772576	0.0019402345584067695	-0.0016203063442464338	0.0	0.0	0.0	0.0	0.0	0.0	0.0	0.0	0.0	0.0	0.0	0.0	0.0	0.0	0.0	0.0	0.0
G3-419	0.05435802402457391	-0.1630187042978529	-0.09898661872256898	0.007667263380655372	-0.07391886200749447	0.03523426403735451	0.008250435201702933	0.0019647686093318116	-0.032519358658745376	-0.12036360525417365	-0.011473921082756916	-0.008996172650692273	0.006281341009752985	0.0026005234373509415	0.0014286468165858079	-0.0018002182094569263	0.0	0.0	0.0	0.0	0.0	0.0	0.0	0.0	0.0	0.0	0.0	0.0	0.0	0.0	0.0	0.0	0.0
G3-420	-0.0064007034546868565	0.1318779499788622	-0.03537705320302362	-0.06722669637865787	0.06754522482265816	0.02177097952449696	-0.04217536035366307	-0.03807298331603189	0.04053704098441816	-0.020533848032303625	0.002523506613850586	-0.02639158438079758	-0.014784518108711188	0.005665790453197342	0.006526878252119424	-0.000861524392765731	0.0	0.0	0.0	0.0	0.0	0.0	0.0	0.0	0.0	0.0	0.0	0.0	0.0	0.0	0.0	0.0	0.0
G3-421	-0.04651137349576799	0.016370505660661467	-0.26454186557337506	-0.1152873530181661	-0.05348009055976896	0.16043065616604715	0.11560767769318507	0.010465689728571996	0.011960391233131532	0.03316507426029473	0.010577548968964517	0.0037208556139532033	0.00326028672420915	0.0008613901715672623	0.00032778621062981545	-0.0008670497802442293	0.0	0.0	0.0	0.0	0.0	0.0	0.0	0.0	0.0	0.0	0.0	0.0	0.0	0.0	0.0	0.0	0.0
G3-422	0.034619548743679666	0.029825168697517477	0.062319801793340235	-0.02095328156819472	0.04718252243763997	0.06008741547172812	-0.019057209303788052	-0.06639517545163896	-0.01976855036239859	0.004208824718795218	-0.024643270179112393	0.009671990483808601	0.010448778538045163	0.012226958242567816	-0.008897914207593328	0.002327597792084838	0.0	0.0	0.0	0.0	0.0	0.0	0.0	0.0	0.0	0.0	0.0	0.0	0.0	0.0	0.0	0.0	0.0
G3-423	-0.11612115348543146	0.22320551067124295	-0.1651035390861396	0.21694044854429523	0.04964389004555931	-0.05742424360534294	0.020151271726791875	0.04791035860009815	0.009918365926359068	-0.03289777064702133	0.01687360811216188	-0.008373115071759436	0.009203583239382026	0.008018728109678835	0.00010332186583037395	-0.0003581006749364835	0.0	0.0	0.0	0.0	0.0	0.0	0.0	0.0	0.0	0.0	0.0	0.0	0.0	0.0	0.0	0.0	0.0
G3-424	0.06724391460186696	0.021984697965124717	0.1277930143208792	0.027031190708760745	0.15823809428343777	0.005945258246741184	0.08445977183212797	0.027724896498663665	-0.01889478720565265	-0.0002734498310644868	0.017522130458386687	-0.02311570994217887	0.000678562898597355	-0.007133529124506379	-0.005196119535802831	0.00149025757522367	0.0	0.0	0.0	0.0	0.0	0.0	0.0	0.0	0.0	0.0	0.0	0.0	0.0	0.0	0.0	0.0	0.0
G3-425	-0.04341445771879879	0.14919791928822837	-0.08810424080094434	-0.05845130967550151	0.015990662091419486	0.031932603684083835	-0.11255703550155575	0.034577092710270374	-0.05709692373993622	0.021452716306184675	-0.01985855932839271	-0.007409458910005022	0.026386172859639286	-0.008665844648569466	-0.004611171592930163	-0.0013048263115435176	0.0	0.0	0.0	0.0	0.0	0.0	0.0	0.0	0.0	0.0	0.0	0.0	0.0	0.0	0.0	0.0	0.0
G3-426	0.014893460800788962	0.017849972436697857	0.05407030633532246	0.005087780840365493	-0.03207777799179077	0.01244424315955389	-0.011267829483931882	-0.005056150325447558	-0.015771955185366823	0.001368557590872372	0.00778037026510692	0.0002686939671746128	0.006839988657223075	0.0013870072096790372	0.0076423092227867855	-0.003010898752788438	-0.0	0.0	0.0	0.0	0.0	0.0	0.0	0.0	0.0	0.0	0.0	0.0	0.0	0.0	0.0	0.0	0.0
G3-427	-0.08346986321902707	0.1321284511825295	0.005289694215077785	-0.1472045582078195	-0.13992880089377513	-0.1744445660698415	0.07711816874947816	-0.06786681102950778	-0.027541238192978917	0.002249547970350947	-0.0063320050853802445	-0.015454683007461764	0.005694990066330252	-0.00015776735921945768	-0.0031598540015246803	-0.0006156944551044861	0.0	0.0	0.0	0.0	0.0	0.0	0.0	0.0	0.0	0.0	0.0	0.0	0.0	0.0	0.0	0.0	0.0
G3-428	0.009742982841582511	0.018740222499139866	0.1160053299123754	-0.03240339644456571	-0.05076020780863676	-0.019372886247590076	0.008559126528650991	0.06130698278371916	0.01215219136494474	0.005757204304202269	-0.02062120572537787	0.036595354456425117	0.0006633434525978738	0.010597654239588286	0.007002410139135949	0.00012736486206327939	0.0	0.0	0.0	0.0	0.0	0.0	0.0	0.0	0.0	0.0	0.0	0.0	0.0	0.0	0.0	0.0	0.0
G3-429	-0.017945582540899445	0.10809984937377164	-0.047931864734414256	-0.045660869116675086	-0.011000731761186273	0.006979079600907943	-0.02663600626913173	0.019828173986529314	-0.002862998598596287	0.005326779165531326	0.01133051392205251	-0.018886457433582818	-0.02597238350021626	-0.0022174486449121843	0.0031673711364874567	0.004575943101707323	0.0	0.0	0.0	0.0	0.0	0.0	0.0	0.0	0.0	0.0	0.0	0.0	0.0	0.0	0.0	0.0	0.0
G3-430	-0.05552508870092884	0.09317754343527354	0.030110427131456848	0.24896725979966927	-0.12652761323910622	0.044198086580644134	0.018485693983708366	-0.06707091399063168	0.04168672365724002	0.02692149443566428	-0.026512192270878913	0.009394003129855933	-0.002314620600876385	-0.005967063408506824	-0.0021272908226743084	-8.325176149151261e-05	0.0	0.0	0.0	0.0	0.0	0.0	0.0	0.0	0.0	0.0	0.0	0.0	0.0	0.0	0.0	0.0	0.0

Biplot	0	0

Site constraints	0	0
