Eigvals	11
0.6989253949310947	0.5151073552900383	0.24584038588361362	0.1850069509541849	0.06036526377870628	0.03045795529307556	0.008232529451173018	0.0	0.0	0.0	0.0

Proportion explained	11
0.4007747192704996	0.2953705892041413	0.1409687104695488	0.1060858703511044	0.03461438348078021	0.017465066472994905	0.004720660750930742	0.0	0.0	0.0	0.0

Species	0	0

Site	11	11
G1-13	-0.13489031503142515	0.15216371089549557	0.3466559255663708	-0.03775349508658199	-0.0005163093447845235	0.026026783277789928	-0.00393544898703327	-0.0	0.0	0.0	0.0
G1-135	0.2576695506866596	-0.22602901637908332	-0.07800132745047728	0.0018692974450898437	-0.0477145938309827	-0.11069704548996864	0.009428664049191422	-0.0	0.0	0.0	0.0
G1-136	-0.06019542278511107	0.15672343004328504	-0.04171930745760258	0.3510482544707594	0.07404966568281036	-0.010679754232195755	-0.01299504768857628	-0.0	0.0	0.0	0.0
G1-138	-0.3588544750198819	-0.35818701839233824	0.18625352072574525	0.012652873128881166	-0.01336158533060742	-0.028550585068377446	0.0014818415979796088	-0.0	0.0	0.0	0.0
G1-14	-0.19721921399086015	-0.05046735432370522	-0.129761587903668	0.05124909385045442	-0.11222733937328279	0.004573613936112689	-0.024237433741868437	-0.0	0.0	0.0	0.0
G2-413	-0.31915208782513527	-0.18919945884290756	-0.22184969351271755	-0.11113931461623196	0.06208814957123823	0.06786921877026848	0.014604886572822906	-0.0	0.0	0.0	0.0
G2-414	-0.10273068153346851	0.27301444510372697	-0.07925906212788937	-0.14993927622350992	0.12615394538400226	-0.06279862456018927	-0.01104581454770915	-0.0	0.0	0.0	0.0
G2-415	0.29543566952299893	-0.008774329570460855	-0.048709745260041945	-0.004144862892105152	-0.04256268248733216	0.07728814669434081	-0.0394715609442459	-0.0	0.0	0.0	0.0
G2-416	0.482135655152582	-0.23672678747601575	0.08542990716723325	-0.016046912127290015	0.09283575749270254	0.03165300431137999	0.01200776812633523	-0.0	0.0	0.0	0.0
G3-417	0.0953362808863882	0.2534339313468965	0.012451976647966921	-0.14288260450306814	-0.07118212169333801	-0.020115396375862016	-0.016881123010808977	-0.0	0.0	0.0	0.0
G3-418	0.04246503993725362	0.23404844759510823	-0.03149060639491964	0.04508694655360218	-0.06756288607042564	0.0254306387367002	0.07104326857391206	-0.0	0.0	0.0	0.0

Biplot	0	0

Site constraints	0	0
