Eigvals	11
0.10801714921847269	0.08727236456124554	0.04294415377772922	0.018631891206035173	0.013158487947573003	0.0031775966697396157	0.0	0.0	0.0	0.0	0.0

Proportion explained	11
0.3953751810632988	0.31944304390439976	0.15718848996040846	0.06819831306821819	0.04816401462575529	0.011630957377919585	0.0	0.0	0.0	0.0	0.0

Species	0	0

Site	11	11
G1-141	0.12150852772988882	0.1323179701906977	0.04398186577745689	-0.027835769275325845	-0.028864635214627274	-0.006408413828198203	-0.0	0.0	0.0	0.0	0.0
G1-142	-0.14564729289951062	-0.02678124060610134	0.0343685915641721	-0.024043541176960913	-0.038993849088903736	0.012161702127801906	-0.0	0.0	0.0	0.0	0.0
G1-143	-0.01221665276613064	0.10807611192175977	-0.07944710108679087	-0.04933626104348154	0.04022145832116352	0.02583568066754479	-0.0	0.0	0.0	0.0	0.0
G1-144	-0.14352224805047523	-0.02627281929598628	0.032785831069708	-0.022719637548972414	-0.04684392433952526	-0.0030591800855151717	-0.0	0.0	0.0	0.0	0.0
G1-192	0.21129454594907968	-0.06432445007278215	0.0019237681788457893	-0.003507752152851679	-0.039121667166830444	0.007406196122633139	-0.0	0.0	0.0	0.0	0.0
G2-213	-0.009215398322513849	0.08362461168274796	-0.04472998037347489	-0.02295467477478877	0.012952993196622239	-0.030125183208839765	-0.0	0.0	0.0	0.0	0.0
G2-214	-0.06400689787274616	-0.005453197484606995	0.01453587346385329	0.013717309302774905	0.04178721085174957	-0.009747725636511433	-0.0	0.0	0.0	0.0	0.0
G2-215	0.02516308847838194	-0.14076450592427206	-0.04105337790975936	-0.001988049405437649	0.020197813240503657	0.021472914266088706	-0.0	0.0	0.0	0.0	0.0
G2-216	0.02398466098641998	-0.14543203015763706	-0.03174973553946263	-0.00981983838987121	0.018162864318149875	-0.027161214629389054	-0.0	0.0	0.0	0.0	0.0
G2-217	0.021120153293669935	0.020854182980371682	0.14677584955328393	0.03905477489416698	0.0463079324724443	0.006962526958319712	-0.0	0.0	0.0	0.0	0.0
G2-218	-0.02846248652606393	0.06415536676580952	-0.07739158469783271	0.10943343957074872	-0.025806196590745636	0.002662697246064736	-0.0	0.0	0.0	0.0	0.0

Biplot	0	0

Site constraints	0	0
