# Constructed from biom file
#OTU ID	G1-11	G1-12	G1-13	G1-130	G1-131	G1-132	G1-135	G1-136	G1-138	G1-14	G1-15	G1-177	G1-178	G1-193	G2-194	G2-413	G2-414	G2-415	G2-416	G3-417	G3-418	G3-419	G3-420	G3-421	G3-422	G3-423	G3-424	G3-425	G3-426	G3-427	G3-428	G3-429	G3-430
a911e1a597739180245c9bd6aab9d992	0.0	0.0	0.0	0.0	0.0	0.0	2.0	0.0	0.0	0.0	0.0	0.0	0.0	0.0	0.0	0.0	0.0	3.0	5.0	0.0	0.0	0.0	0.0	0.0	0.0	0.0	0.0	0.0	0.0	0.0	0.0	0.0	0.0
c968e760232bc409d8b2f69661888e32	30.0	0.0	4.0	41.0	52.0	24.0	8.0	29.0	15.0	34.0	0.0	0.0	0.0	116.0	96.0	40.0	50.0	5.0	1.0	0.0	8.0	0.0	6.0	0.0	0.0	0.0	0.0	86.0	128.0	56.0	82.0	14.0	78.0
b8b2e0a5f33349243a0b066e1585ed06	0.0	0.0	0.0	0.0	0.0	0.0	0.0	0.0	0.0	0.0	0.0	0.0	0.0	0.0	0.0	0.0	0.0	0.0	0.0	0.0	0.0	0.0	0.0	0.0	0.0	0.0	0.0	0.0	0.0	0.0	0.0	0.0	2.0
9af23aa4c8fa7a910841ad8924350346	0.0	0.0	0.0	0.0	0.0	0.0	0.0	0.0	0.0	0.0	0.0	0.0	0.0	0.0	0.0	0.0	0.0	0.0	0.0	0.0	0.0	0.0	0.0	0.0	0.0	0.0	0.0	1.0	0.0	0.0	0.0	0.0	0.0
800f3b198e89fb9d2bab6e2e72394d1a	0.0	0.0	0.0	0.0	0.0	0.0	0.0	1.0	0.0	0.0	0.0	0.0	0.0	0.0	0.0	0.0	0.0	0.0	0.0	0.0	0.0	0.0	0.0	0.0	0.0	0.0	0.0	0.0	0.0	0.0	0.0	0.0	0.0
21b2ee09c45126aee4334e36d3997017	0.0	0.0	0.0	0.0	0.0	0.0	0.0	0.0	0.0	0.0	0.0	0.0	0.0	0.0	0.0	0.0	0.0	0.0	0.0	0.0	0.0	0.0	0.0	3.0	0.0	0.0	0.0	0.0	0.0	0.0	0.0	0.0	0.0
fea6f0f65bf2e94ebff13b253d142072	34.0	0.0	1.0	32.0	47.0	31.0	7.0	28.0	19.0	44.0	0.0	0.0	0.0	145.0	86.0	39.0	45.0	11.0	0.0	0.0	6.0	0.0	13.0	0.0	0.0	0.0	0.0	70.0	101.0	45.0	66.0	16.0	73.0
2dc1dae7438f41afb789fe8a3a433eac	1.0	1.0	130.0	41.0	55.0	69.0	901.0	138.0	100.0	144.0	405.0	14.0	18.0	0.0	0.0	0.0	9.0	836.0	1058.0	325.0	307.0	1.0	1.0	10.0	2.0	18.0	89.0	2.0	4.0	0.0	0.0	7.0	3.0
a40f171b102b4ef8da1ca7f838e60506	0.0	0.0	0.0	0.0	0.0	0.0	0.0	0.0	0.0	0.0	0.0	0.0	0.0	0.0	0.0	0.0	0.0	0.0	0.0	0.0	0.0	0.0	0.0	0.0	0.0	0.0	0.0	2.0	0.0	0.0	0.0	0.0	0.0
7b0f05ead6d2e7c841505a2892f761f7	0.0	0.0	0.0	0.0	0.0	0.0	0.0	0.0	0.0	0.0	0.0	0.0	0.0	0.0	0.0	0.0	0.0	0.0	0.0	0.0	0.0	0.0	1.0	0.0	0.0	0.0	0.0	0.0	0.0	0.0	0.0	0.0	0.0
60b69d4cbead91e9bdf7af839cf9e8af	0.0	0.0	0.0	0.0	0.0	0.0	0.0	0.0	0.0	0.0	0.0	0.0	0.0	0.0	0.0	0.0	0.0	0.0	0.0	0.0	0.0	0.0	0.0	0.0	0.0	0.0	0.0	0.0	0.0	1.0	0.0	0.0	0.0
fab60d5bf7d90a067aff303734e6256f	0.0	0.0	0.0	0.0	0.0	0.0	0.0	0.0	0.0	0.0	0.0	1.0	0.0	0.0	0.0	0.0	0.0	0.0	0.0	0.0	0.0	0.0	0.0	0.0	0.0	0.0	0.0	0.0	0.0	0.0	0.0	0.0	0.0
b867a5c71ffeb84df71eba4c2f773762	0.0	0.0	0.0	0.0	0.0	0.0	0.0	0.0	0.0	0.0	0.0	0.0	0.0	0.0	0.0	0.0	0.0	0.0	0.0	0.0	0.0	0.0	0.0	0.0	0.0	3.0	0.0	0.0	0.0	0.0	0.0	0.0	0.0
d75046f383b3d6f6d7f987ceaadb0253	0.0	0.0	3.0	0.0	0.0	0.0	0.0	9.0	0.0	0.0	3.0	0.0	0.0	0.0	0.0	2.0	5.0	0.0	0.0	0.0	7.0	0.0	0.0	0.0	0.0	0.0	1.0	0.0	0.0	0.0	0.0	0.0	0.0
deccce0dcc504a2b95a7e5eec1951770	0.0	0.0	0.0	0.0	0.0	0.0	0.0	0.0	0.0	0.0	0.0	0.0	0.0	0.0	0.0	0.0	0.0	0.0	0.0	0.0	0.0	0.0	0.0	3.0	0.0	0.0	0.0	0.0	0.0	0.0	0.0	0.0	0.0
ad4b2c31e2b8ca69d4e69c810f3dbba0	0.0	0.0	0.0	0.0	0.0	0.0	0.0	0.0	0.0	0.0	0.0	0.0	0.0	0.0	0.0	0.0	0.0	0.0	0.0	0.0	0.0	0.0	0.0	7.0	0.0	0.0	0.0	0.0	0.0	0.0	0.0	0.0	0.0
2b12e34f235b19e98f7674d3f811a6d1	0.0	0.0	0.0	0.0	0.0	0.0	0.0	0.0	0.0	0.0	0.0	0.0	0.0	0.0	0.0	0.0	0.0	0.0	0.0	0.0	0.0	0.0	0.0	2.0	0.0	0.0	0.0	0.0	0.0	0.0	0.0	0.0	0.0
b47788e49066a3575d492b8ed3edcf37	0.0	0.0	0.0	0.0	0.0	0.0	0.0	0.0	0.0	0.0	0.0	0.0	0.0	0.0	0.0	0.0	0.0	0.0	0.0	0.0	0.0	2.0	0.0	0.0	0.0	0.0	0.0	0.0	0.0	0.0	0.0	0.0	0.0
9ca4e6bf22ba23dcb3faa9aa17367682	0.0	0.0	0.0	0.0	0.0	0.0	0.0	0.0	0.0	0.0	0.0	4.0	0.0	0.0	0.0	0.0	0.0	0.0	0.0	0.0	0.0	0.0	0.0	0.0	0.0	0.0	0.0	0.0	0.0	0.0	0.0	0.0	0.0
7b69f10f5d209ac8b38b6c590d1e3484	0.0	0.0	0.0	0.0	0.0	0.0	0.0	0.0	0.0	0.0	0.0	0.0	0.0	0.0	0.0	0.0	0.0	0.0	0.0	0.0	0.0	0.0	0.0	0.0	0.0	0.0	0.0	0.0	0.0	0.0	0.0	0.0	1.0
2381ea10d7e07f0c342a68a1eb070c8b	6.0	7.0	0.0	0.0	2.0	0.0	1.0	1.0	0.0	0.0	1.0	24.0	6.0	4.0	5.0	0.0	2.0	5.0	2.0	10.0	1.0	13.0	3.0	63.0	2.0	16.0	0.0	27.0	1.0	7.0	0.0	9.0	1.0
162bdb2c7b5934c8bfddada185f8a786	57.0	10.0	27.0	12.0	639.0	14.0	267.0	63.0	726.0	538.0	97.0	43.0	45.0	35.0	34.0	1016.0	208.0	31.0	8.0	55.0	83.0	849.0	120.0	306.0	113.0	212.0	698.0	66.0	38.0	89.0	89.0	52.0	69.0
49b1fda473552e490b9a4e351a5e36ff	0.0	0.0	0.0	0.0	0.0	0.0	0.0	0.0	0.0	0.0	0.0	0.0	0.0	0.0	0.0	0.0	0.0	0.0	0.0	0.0	0.0	0.0	0.0	4.0	0.0	0.0	0.0	0.0	0.0	1.0	0.0	0.0	0.0
d458a2240945c8b90b1360950dfdc346	0.0	0.0	0.0	0.0	0.0	0.0	0.0	0.0	0.0	0.0	0.0	0.0	0.0	0.0	0.0	0.0	0.0	0.0	0.0	0.0	0.0	0.0	0.0	4.0	0.0	0.0	0.0	0.0	0.0	0.0	0.0	0.0	0.0
86fcb7643de63b79a39cb8f36a15a286	0.0	0.0	0.0	0.0	0.0	0.0	0.0	0.0	0.0	0.0	0.0	0.0	0.0	0.0	0.0	0.0	0.0	0.0	0.0	0.0	0.0	1.0	0.0	0.0	0.0	0.0	0.0	0.0	0.0	0.0	0.0	0.0	0.0
b96ea9e9b09900ccecf691bbceea9b83	541.0	1301.0	115.0	157.0	327.0	124.0	212.0	783.0	113.0	318.0	314.0	299.0	566.0	887.0	602.0	121.0	231.0	248.0	57.0	251.0	464.0	224.0	431.0	391.0	417.0	242.0	209.0	317.0	429.0	367.0	334.0	198.0	306.0
0970c3bc831acb69e8084d1c58e675da	0.0	0.0	0.0	0.0	0.0	0.0	0.0	0.0	0.0	0.0	0.0	1.0	0.0	0.0	0.0	0.0	0.0	0.0	0.0	0.0	0.0	0.0	0.0	0.0	0.0	0.0	0.0	0.0	0.0	0.0	0.0	0.0	0.0
1900fb15d8c60bb883d530502f33828c	0.0	0.0	0.0	0.0	0.0	0.0	0.0	0.0	0.0	0.0	0.0	2.0	0.0	0.0	0.0	0.0	0.0	0.0	0.0	0.0	0.0	0.0	0.0	0.0	0.0	0.0	0.0	0.0	0.0	0.0	0.0	0.0	0.0
c35bc9806adc8b858466c744cc35b1e5	10.0	3.0	12.0	3.0	1.0	17.0	4.0	13.0	6.0	2.0	81.0	300.0	258.0	25.0	12.0	25.0	80.0	36.0	298.0	0.0	11.0	23.0	34.0	86.0	24.0	48.0	35.0	36.0	24.0	47.0	90.0	52.0	70.0
ba1057db24e39ecd1ebd0a6a56e73aa4	0.0	0.0	0.0	0.0	0.0	0.0	0.0	0.0	0.0	0.0	0.0	0.0	0.0	1.0	0.0	0.0	0.0	0.0	0.0	0.0	0.0	0.0	0.0	0.0	0.0	0.0	0.0	0.0	0.0	0.0	0.0	0.0	0.0
4f004a77e400b5bddca648258024a641	0.0	0.0	0.0	0.0	0.0	0.0	0.0	0.0	0.0	0.0	0.0	0.0	0.0	0.0	0.0	0.0	0.0	0.0	0.0	0.0	0.0	0.0	0.0	0.0	0.0	0.0	0.0	0.0	0.0	0.0	0.0	0.0	1.0
1b6483635941132d5461f7c45dbbc48b	0.0	0.0	0.0	0.0	0.0	0.0	0.0	0.0	0.0	0.0	0.0	0.0	0.0	0.0	0.0	0.0	0.0	0.0	0.0	0.0	0.0	0.0	0.0	0.0	0.0	0.0	0.0	0.0	0.0	1.0	0.0	0.0	0.0
7f00fdb10cb5bb5d8919744dd3f55434	0.0	0.0	0.0	0.0	0.0	0.0	0.0	0.0	0.0	0.0	0.0	2.0	0.0	0.0	2.0	0.0	0.0	0.0	0.0	0.0	0.0	0.0	1.0	0.0	0.0	1.0	0.0	4.0	0.0	0.0	0.0	0.0	0.0
747039f85de7e9f9b92d36a02d50c8ea	0.0	0.0	0.0	0.0	0.0	0.0	0.0	0.0	0.0	0.0	0.0	0.0	0.0	0.0	0.0	0.0	0.0	0.0	0.0	0.0	0.0	0.0	0.0	0.0	0.0	2.0	0.0	0.0	0.0	0.0	0.0	0.0	0.0
fba7e174029cc0871b690eba51f665b9	0.0	0.0	0.0	0.0	0.0	0.0	0.0	0.0	0.0	0.0	0.0	0.0	0.0	0.0	0.0	0.0	0.0	0.0	0.0	0.0	0.0	0.0	0.0	5.0	0.0	0.0	0.0	0.0	0.0	0.0	0.0	3.0	0.0
556015dfddeceb74af5169cbccc09140	0.0	0.0	0.0	0.0	0.0	0.0	0.0	0.0	0.0	0.0	0.0	0.0	0.0	0.0	0.0	0.0	0.0	0.0	0.0	0.0	0.0	0.0	0.0	2.0	0.0	0.0	0.0	0.0	0.0	0.0	0.0	0.0	0.0
454c4e7f639802693f1d3ed6302484f3	0.0	0.0	0.0	0.0	0.0	0.0	0.0	0.0	0.0	0.0	0.0	0.0	0.0	0.0	0.0	0.0	0.0	0.0	0.0	0.0	0.0	1.0	0.0	0.0	0.0	0.0	0.0	0.0	0.0	0.0	0.0	0.0	0.0
c7c9c453e10cddb81716d41dddd482d5	0.0	0.0	0.0	0.0	0.0	0.0	0.0	0.0	0.0	0.0	0.0	0.0	0.0	0.0	0.0	0.0	0.0	0.0	0.0	0.0	0.0	2.0	0.0	0.0	0.0	0.0	0.0	0.0	0.0	0.0	0.0	0.0	0.0
fac07b2893c7b432c5c424ca5ea83548	160.0	2.0	546.0	1277.0	436.0	1278.0	16.0	72.0	512.0	65.0	59.0	0.0	0.0	7.0	22.0	0.0	0.0	22.0	19.0	8.0	0.0	2.0	0.0	7.0	0.0	4.0	0.0	100.0	92.0	8.0	13.0	9.0	1.0
acdb00a8aa6e6697516e395f5364fd46	0.0	1.0	1.0	0.0	0.0	0.0	2.0	2.0	1.0	2.0	0.0	2.0	0.0	0.0	0.0	0.0	0.0	0.0	0.0	0.0	0.0	0.0	0.0	0.0	0.0	0.0	0.0	0.0	0.0	0.0	0.0	0.0	0.0
03f2d95f82800e1dab7e799d24041975	0.0	0.0	0.0	0.0	0.0	0.0	0.0	0.0	0.0	0.0	0.0	0.0	0.0	0.0	0.0	0.0	0.0	0.0	0.0	0.0	0.0	0.0	0.0	2.0	0.0	0.0	0.0	0.0	0.0	0.0	0.0	0.0	0.0
038bf4762f1b1e852224d514f9871730	0.0	0.0	0.0	0.0	0.0	0.0	0.0	0.0	0.0	0.0	1.0	0.0	0.0	0.0	0.0	0.0	0.0	0.0	0.0	0.0	0.0	0.0	0.0	0.0	0.0	0.0	0.0	0.0	0.0	0.0	0.0	0.0	0.0
06fab5fabcdf3e82c4a9c8c7a4c14e67	0.0	0.0	0.0	0.0	0.0	0.0	0.0	0.0	0.0	0.0	0.0	0.0	0.0	0.0	0.0	0.0	0.0	0.0	0.0	0.0	0.0	0.0	0.0	0.0	0.0	2.0	0.0	0.0	0.0	0.0	0.0	0.0	0.0
d9804cbb9c1b7c95059a296f45c8dff6	97.0	10.0	93.0	0.0	0.0	1.0	34.0	171.0	0.0	31.0	0.0	0.0	0.0	0.0	0.0	7.0	128.0	2.0	0.0	21.0	49.0	0.0	0.0	0.0	0.0	0.0	0.0	0.0	2.0	4.0	2.0	0.0	1.0
5877dadce57b3bd826fe6bfa04a97b56	629.0	230.0	633.0	2.0	6.0	7.0	111.0	255.0	73.0	385.0	522.0	865.0	670.0	345.0	692.0	314.0	803.0	365.0	115.0	895.0	628.0	445.0	955.0	663.0	1005.0	692.0	514.0	853.0	746.0	939.0	889.0	1205.0	959.0
68b772cf105e8bd33778229e99a0a719	0.0	0.0	0.0	0.0	0.0	0.0	0.0	0.0	0.0	0.0	18.0	0.0	0.0	0.0	0.0	0.0	0.0	0.0	0.0	0.0	0.0	0.0	0.0	0.0	0.0	71.0	3.0	0.0	0.0	0.0	0.0	0.0	0.0
f365eed4b4c884bf45ea125ca3786f2a	0.0	0.0	0.0	0.0	0.0	0.0	0.0	0.0	0.0	2.0	64.0	6.0	1.0	0.0	0.0	0.0	0.0	0.0	0.0	0.0	0.0	0.0	0.0	0.0	0.0	254.0	15.0	0.0	0.0	0.0	0.0	0.0	0.0
688c20321ba878c7bbe0bcd6746ee32c	0.0	0.0	0.0	0.0	0.0	0.0	0.0	0.0	0.0	0.0	0.0	0.0	0.0	0.0	0.0	0.0	0.0	0.0	0.0	0.0	1.0	0.0	0.0	0.0	0.0	0.0	0.0	0.0	0.0	0.0	0.0	0.0	0.0
74543c864b9ce6cb7bce59303a0ce289	0.0	0.0	0.0	0.0	0.0	0.0	0.0	0.0	0.0	0.0	0.0	0.0	0.0	0.0	14.0	1.0	4.0	1.0	2.0	0.0	0.0	0.0	0.0	0.0	0.0	0.0	1.0	0.0	0.0	0.0	0.0	0.0	0.0
87a17aac2fdc53384f5b93fe902163fa	0.0	0.0	0.0	0.0	0.0	0.0	0.0	0.0	0.0	0.0	0.0	0.0	0.0	0.0	0.0	0.0	0.0	0.0	0.0	0.0	0.0	2.0	0.0	0.0	0.0	0.0	0.0	0.0	0.0	0.0	0.0	0.0	0.0
ced377d1452e26d4cf841747ff78bf2c	0.0	0.0	0.0	0.0	0.0	0.0	0.0	0.0	0.0	0.0	0.0	2.0	1.0	0.0	0.0	0.0	0.0	0.0	0.0	0.0	0.0	0.0	0.0	7.0	2.0	0.0	0.0	1.0	0.0	0.0	0.0	0.0	0.0