Eigvals	23
1.0281751965692096	0.3624482958948901	0.22238551388266817	0.07434950920158692	0.05586744464145899	0.0429452444209646	0.026976458436084934	0.01342137377643566	0.00581128001027037	0.003890396811011429	0.0015018603706006134	0.00039774322685126595	9.587379380331801e-05	2.091389718799687e-06	0.0	0.0	0.0	0.0	0.0	0.0	0.0	0.0	0.0

Proportion explained	23
0.5593172696275621	0.1971683346549653	0.12097554856858833	0.0404454071869664	0.030391344492841445	0.023361793722676476	0.014674930038226022	0.007301096311538623	0.003161279594403115	0.002116337886153448	0.000816997380066277	0.00021636843253719878	5.2154407884802664e-05	1.1376955903521023e-06	0.0	0.0	0.0	0.0	0.0	0.0	0.0	0.0	0.0

Species	0	0

Site	23	23
G1-139	-0.18470652042430083	-0.01653754123986707	-0.02204892377698887	-0.07992401862700323	0.014706119271921139	-0.0746975266651033	-0.038264861828265335	-0.021921045705935536	-0.03528938360301657	0.0026084006670026635	-0.0008014965836614082	-0.0024491416779151595	-0.0006955992048201178	-6.960069655572941e-05	0.0	0.0	0.0	0.0	0.0	0.0	0.0	0.0	0.0
G1-140	-0.18140338601865952	-0.023410675949605154	-0.030912886963160285	-0.05270845533165222	0.008084198350045932	-0.021497861155476305	-0.04203371357708896	-0.04339280738979273	0.007288818389872929	-0.008669595824492966	-0.0006693746668347409	0.003255038102561476	0.0003481517744015692	4.489018438819735e-06	0.0	0.0	0.0	0.0	0.0	0.0	0.0	0.0	0.0
G1-141	0.19705190507576595	-0.061841067107880954	-0.03358118322904918	-0.013885771108892352	0.0032813704652465536	0.016917690999612312	0.02125528808530052	-0.009502612999402856	-0.010756189491441094	0.013035431678225132	0.016579482016614553	-0.0032274280395206815	0.002941634016974913	0.00033446786098654337	0.0	0.0	0.0	0.0	0.0	0.0	0.0	0.0	0.0
G1-142	0.1967473757483528	0.025971998431477555	-0.04154359443514624	-0.11714583447459487	-0.007646801052783794	0.05013466239028513	0.005536993578953516	0.026113963743412683	0.015121880923083135	0.0023684097799757447	-0.015096826452208995	-0.003182487444276408	0.00013459584801165503	-0.00012891905008476881	0.0	0.0	0.0	0.0	0.0	0.0	0.0	0.0	0.0
G1-143	0.14670948531041747	0.28471398327809055	0.005406278960906894	0.0420148614409689	-0.00807085977391523	-0.06438208506471017	-0.04541225232790327	-0.001787745313791613	0.012889955733896716	-0.021473444712371066	0.001208968993242845	0.0017650370602228388	0.001021272502863037	0.00022028660582204605	0.0	0.0	0.0	0.0	0.0	0.0	0.0	0.0	0.0
G1-144	0.17581298170866225	0.20815930720117243	-0.023788354740187295	-0.12296041335086884	0.013357911669651171	0.05571989102494754	0.05413542769500593	-0.020233302303589402	-0.016056916981372467	-0.006414416576842584	0.0015076968551426858	0.00196796741530969	0.0001618837345733339	3.2836070337108834e-05	0.0	0.0	0.0	0.0	0.0	0.0	0.0	0.0	0.0
G1-187	-0.5777750372459952	0.015051721420436667	-0.16296216241585582	-0.007462032623509077	-0.023185211772127574	-0.055779065014537624	0.05922885025001722	-0.004551854420401945	0.00521126066095719	0.0033087810875754016	-0.00039524493682832265	0.00010620676111326851	0.0003579350648164569	-1.4322357148570762e-05	0.0	0.0	0.0	0.0	0.0	0.0	0.0	0.0	0.0
G1-188	-0.13296364947520734	-0.07022655520590594	-0.04038988387756177	-0.04322489475845677	0.033729118755178616	-0.046944371980546414	0.003703200813621161	0.08663661234534895	-0.004399674612365143	0.0007141252941316171	0.000716588425830987	0.0010260461006440828	-0.00016108034526312863	7.417279629213278e-05	0.0	0.0	0.0	0.0	0.0	0.0	0.0	0.0	0.0
G1-189	-0.28175494871436946	0.059642227588602305	-0.07436060908274504	0.07074339894779764	-0.06625076571762695	0.07427910464503183	0.045285371968202336	-0.0018139333398869903	0.012421808608111911	-0.017305024188970092	-0.00047035117907383577	-0.0007230054869871124	0.00031599002258359205	6.633456829315576e-05	0.0	0.0	0.0	0.0	0.0	0.0	0.0	0.0	0.0
G1-190	-0.23860589818056893	0.06480101126640242	-0.04427653345890462	0.05738357409296213	0.0470915518817703	0.10482240183434605	-0.07276449470051302	0.01439434672608546	-0.02472634670241594	0.011945329738159191	0.0015592648772343111	0.0018853148571315328	-0.0005189425873611206	4.600273679419556e-05	0.0	0.0	0.0	0.0	0.0	0.0	0.0	0.0	0.0
G1-192	0.13342908661170189	0.32548547628683855	0.01136652171528385	0.08626799207341863	-0.03911564619287825	-0.03979095454337162	0.0016591584478325375	0.011742608578529818	-0.004886672028949042	0.018565304832447553	-0.002564535306594531	-0.0021980724486296553	-0.0007930941655085967	-0.0001870956755899805	0.0	0.0	0.0	0.0	0.0	0.0	0.0	0.0	0.0
G2-213	0.18904361138543152	-0.08885337880649591	-0.02429939786551162	0.034086322413705905	0.005928339090269036	-0.007519535908330083	0.005799680033711319	-0.00820351960843044	-0.011275106785160223	-0.015904094567334732	0.0002870811360790644	-0.012157983597709032	-0.0017413053284890008	0.0005654635717822654	0.0	0.0	0.0	0.0	0.0	0.0	0.0	0.0	0.0
G2-214	0.20685736369402138	0.007695900825005027	-0.038381857412094704	-0.029253451768601505	-0.019814165563768582	-0.009813748942135861	-0.006563993291693661	0.01379643185171789	0.024420412324074936	0.0140002081113622	0.022568193370133792	0.0009147392549123177	-0.0014197082528989138	-0.0001605700746627179	0.0	0.0	0.0	0.0	0.0	0.0	0.0	0.0	0.0
G2-215	0.20170684228125232	-0.06582521778150434	-0.02629587932080203	0.033186401949839704	0.0002940455143668063	-0.013422883981731656	-0.0011127485793022726	-0.0006932399413478123	0.003352759302479757	0.008253162137572196	-0.018691288506334322	-0.0033346119158614794	-0.0008147354916731646	-0.00018020201631439072	0.0	0.0	0.0	0.0	0.0	0.0	0.0	0.0	0.0
G2-216	0.2043612679795842	-0.06103884753147537	-0.03236859193199199	0.014151827557824447	-0.0009662151683377205	-0.005337750104820159	0.011125694474875991	-0.007085786277602256	-0.0007929752268446196	0.01012726497450419	-0.009056673771318136	0.012101253017797629	-0.000983270017579165	0.0007771653240893143	0.0	0.0	0.0	0.0	0.0	0.0	0.0	0.0	0.0
G2-217	0.19600104221645875	-0.0806152766067424	-0.025475305389671108	0.03511193702112934	0.005040688696885965	-0.008152653203465247	0.0003618490592953557	-0.0024443944764908484	-0.010192637751824562	-0.005054729301445183	-0.002849695106026177	0.0018956045165682593	0.00705444884942679	-0.000559478536213511	0.0	0.0	0.0	0.0	0.0	0.0	0.0	0.0	0.0
G2-218	0.19826314897454786	-0.08629815950973853	-0.027738155806227547	0.019438632968470523	0.006160862132259132	0.0007385403276979363	0.01760600782897143	-0.012023843999017727	-0.009844375757897745	-0.015079376485885865	0.004235565395985892	0.004018854253744679	-0.005238706393507875	-0.0007326653128162402	0.0	0.0	0.0	0.0	0.0	0.0	0.0	0.0	0.0
G2-219	0.03408173285179273	-0.1780455995267336	0.05365034377756324	0.045573138752789254	0.008182805975234263	-0.02813830023786349	0.02125652038412619	-0.027909943346569936	0.015497727282106397	0.02365907202189923	-0.0022836299576607278	-0.00022843199938556939	-9.047765580078784e-05	-2.3937068621184696e-06	0.0	0.0	0.0	0.0	0.0	0.0	0.0	0.0	0.0
G2-220	-0.09645268416329163	-0.05526216541616627	0.214133961976861	-0.061000528205926996	-0.02583988929331273	-0.0012672543416244171	-0.034027092419781434	0.0069928904789531435	0.022620879616695098	-0.014934049106560817	0.0006598439138900885	0.00015364622936289853	0.0005218245833971933	9.639842731316331e-05	0.0	0.0	0.0	0.0	0.0	0.0	0.0	0.0	0.0
G2-221	-0.15234126718528407	0.06007365820086617	0.07789926581218366	0.03059642446246082	0.1858469873738397	0.017132924385619287	0.01685142682852322	-0.011061734422083374	0.02304157947261715	0.0004974890022926024	0.0003381496949926936	-0.0020134961966103903	-6.742345845634536e-05	-7.641414974906814e-05	0.0	0.0	0.0	0.0	0.0	0.0	0.0	0.0	0.0
G2-222	-0.2050912034889441	0.026704597818527673	0.33468970600223563	-0.0028571483136209785	-0.06149181198018142	0.013415440685717758	0.028940868476975277	0.0010259224612524786	-0.016489173317107347	0.010549198036445323	-0.00028166181720601645	-8.419962811011967e-05	-0.0002746079063954474	-5.322836577997163e-05	0.0	0.0	0.0	0.0	0.0	0.0	0.0	0.0	0.0
G2-223	-0.08762057618956234	-0.10846672796687157	-0.08940970435581129	-0.008646244372165737	-0.07686220588900089	0.0418569403683013	-0.06353528657561049	-0.010114127987671733	0.015799921742596406	0.0077011032412108655	8.869581446681906e-05	-0.00233576476970158	-0.00028057816268820397	-9.720825041429566e-05	0.0	0.0	0.0	0.0	0.0	0.0	0.0	0.0	0.0
G2-224	0.058649327248194175	-0.1818786696684323	0.040686945816673675	0.07051428125392534	-0.0024604267727339727	0.0017263944821575255	0.010968105374747761	0.02203711534671323	-0.012957551798093174	-0.022498549838902974	0.003411247790137635	0.002844915635348131	0.00022179257341151164	4.448121209582598e-05	0.0	0.0	0.0	0.0	0.0	0.0	0.0	0.0	0.0

Biplot	0	0

Site constraints	0	0
