Eigvals	106
0.9456022018939948	0.7596922844945342	0.36233812643586594	0.25936728387426555	0.19763350376054378	0.17348904428339318	0.13976564788156964	0.11119199219414866	0.07974961275736311	0.07619897236901779	0.06623380736563028	0.05380595324575255	0.043232362221204024	0.03374274543670411	0.03096683827514815	0.0225639300983774	0.012441333916295594	0.010266898991416279	0.009354195723653952	0.007008734787566723	0.005445710663185832	0.004393239885305683	0.0022466311397782435	0.001832779019265457	0.0011472828375725386	0.0006956996403790772	0.00017781491231622093	0.0	0.0	0.0	0.0	0.0	0.0	0.0	0.0	0.0	0.0	0.0	0.0	0.0	0.0	0.0	0.0	0.0	0.0	0.0	0.0	0.0	0.0	0.0	0.0	0.0	0.0	0.0	0.0	0.0	0.0	0.0	0.0	0.0	0.0	0.0	0.0	0.0	0.0	0.0	0.0	0.0	0.0	0.0	0.0	0.0	0.0	0.0	0.0	0.0	0.0	0.0	0.0	0.0	0.0	0.0	0.0	0.0	0.0	0.0	0.0	0.0	0.0	0.0	0.0	0.0	0.0	0.0	0.0	0.0	0.0	0.0	0.0	0.0	0.0	0.0	0.0	0.0	0.0	0.0

Proportion explained	106
0.2772551644377761	0.22274547250182272	0.10623930086651133	0.07604774903897728	0.057947104473521624	0.050867831530638764	0.04097996769523279	0.03260203288254249	0.023382974314785268	0.022341909284735298	0.01942007444115114	0.015776167171567955	0.01267593885955982	0.009893537066535068	0.009079627586417895	0.006615854042278791	0.003647859611450553	0.003010304716327496	0.002742695679377826	0.002054995126000577	0.0015967088511194033	0.0012881193004577742	0.0006587231764505486	0.0005373797219874868	0.0003363889076724797	0.00020398251802529742	5.213619707629369e-05	0.0	0.0	0.0	0.0	0.0	0.0	0.0	0.0	0.0	0.0	0.0	0.0	0.0	0.0	0.0	0.0	0.0	0.0	0.0	0.0	0.0	0.0	0.0	0.0	0.0	0.0	0.0	0.0	0.0	0.0	0.0	0.0	0.0	0.0	0.0	0.0	0.0	0.0	0.0	0.0	0.0	0.0	0.0	0.0	0.0	0.0	0.0	0.0	0.0	0.0	0.0	0.0	0.0	0.0	0.0	0.0	0.0	0.0	0.0	0.0	0.0	0.0	0.0	0.0	0.0	0.0	0.0	0.0	0.0	0.0	0.0	0.0	0.0	0.0	0.0	0.0	0.0	0.0	0.0

Species	0	0

Site	106	106
G1-11	-0.06261805270535092	0.03993626350579598	-0.06355600906014837	-0.03587356257322543	0.008284475503455008	0.014229286618174682	-0.017097172844779882	0.013103601783698491	-0.009091256393378018	-0.011781414163325695	0.007086326186819196	-0.008167292267562867	0.00945077938085575	0.0006663536892718301	-0.0008408736964180018	0.009065029083294011	-0.010795542148951872	0.02193632793929355	0.002491340603948095	-0.00355359400992244	-0.005493926837837969	-0.014580085162640774	0.0010234815177653047	2.87842707472672e-05	-0.0039315283609549275	0.00038125614425743397	0.0010823183137219586	0.0	0.0	0.0	0.0	0.0	0.0	0.0	0.0	0.0	0.0	0.0	0.0	0.0	0.0	0.0	0.0	0.0	0.0	0.0	0.0	-0.0	0.0	0.0	0.0	0.0	-0.0	0.0	0.0	0.0	0.0	0.0	0.0	0.0	0.0	0.0	0.0	0.0	0.0	0.0	0.0	0.0	0.0	0.0	0.0	0.0	0.0	0.0	0.0	0.0	0.0	0.0	0.0	0.0	0.0	0.0	0.0	0.0	0.0	0.0	0.0	0.0	0.0	0.0	0.0	0.0	0.0	0.0	0.0	0.0	0.0	0.0	0.0	0.0	0.0	0.0	0.0	0.0	0.0	0.0
G1-12	-0.043475031554136144	0.007444087311765992	-0.03110721413231969	0.01764368703964723	0.02697735151852085	0.018117529663445188	0.01227322225901402	-0.007349018637630336	-0.002089960060226682	-0.011795786615449229	-0.020992700080923965	0.0017256546718834743	-0.0029694368751070357	0.00402971840195301	0.0005784101661967133	0.0032782971956854074	-0.02493663714566912	0.008785851175856086	0.0019067495000457953	0.0010949556996289142	0.002006804537929549	0.013220163761036971	0.0015519167881650703	0.006548999865663178	-0.006510749483208173	0.0017536121882041622	0.0022022917612364145	0.0	-0.0	-0.0	-0.0	-0.0	-0.0	-0.0	-0.0	0.0	0.0	-0.0	-0.0	0.0	-0.0	-0.0	0.0	-0.0	0.0	0.0	-0.0	-0.0	0.0	-0.0	0.0	-0.0	-0.0	0.0	-0.0	0.0	0.0	-0.0	-0.0	0.0	0.0	0.0	0.0	0.0	0.0	0.0	0.0	0.0	0.0	0.0	0.0	0.0	0.0	0.0	0.0	0.0	0.0	0.0	0.0	0.0	0.0	0.0	0.0	0.0	0.0	0.0	0.0	0.0	0.0	0.0	0.0	0.0	0.0	0.0	0.0	0.0	0.0	0.0	0.0	0.0	0.0	0.0	0.0	0.0	0.0	0.0
G1-13	-0.023105459443570456	0.042500101449734914	-0.05220648499419842	-0.0543441600361603	-0.007148555934779183	0.006831590733956473	-0.026675235881744953	0.018522416915056034	-0.018523740786703442	-0.002744886487255819	0.006203618884816106	-0.0176416141355794	0.005908103931217806	-0.008284366846774839	-0.0032581103526464067	0.006421731236967183	-0.017843771460295168	-0.0032692648516770995	0.003309559148439964	-0.0036115630236607903	0.0011966135585108576	-0.0010496172126096956	-0.003562261646338774	-0.006453570752113715	-0.0001851201443291231	0.0076439825682934354	0.0060043153657982655	0.0	-0.0	-0.0	-0.0	-0.0	-0.0	-0.0	-0.0	0.0	0.0	-0.0	-0.0	0.0	-0.0	-0.0	0.0	-0.0	0.0	0.0	-0.0	-0.0	0.0	-0.0	0.0	-0.0	-0.0	0.0	-0.0	0.0	0.0	-0.0	-0.0	0.0	0.0	0.0	0.0	0.0	0.0	0.0	0.0	0.0	0.0	0.0	0.0	0.0	0.0	0.0	0.0	0.0	0.0	0.0	0.0	0.0	0.0	0.0	0.0	0.0	0.0	0.0	0.0	0.0	0.0	0.0	0.0	0.0	0.0	0.0	0.0	0.0	0.0	0.0	0.0	0.0	0.0	0.0	0.0	0.0	0.0	0.0
G1-130	-0.024668346649836418	0.03960013996318472	-0.053099809354860486	-0.05365675107212992	-0.0052594986899078605	-0.0021388459610698182	-0.028621693040196506	0.012146059772013053	-0.01892208648532438	-0.005432402041968199	0.009056973624839756	-0.012813507273755131	0.0031067933232352646	-0.0012464280034352856	0.0012998678182117303	0.0013589517688114795	0.012943510456088833	-0.009960195426072694	-0.000620630310028453	-0.006512810715366634	-0.00023420853853263636	-0.0005145801848873916	2.062889594613876e-05	-0.0026622518186656895	0.0009390298637829682	-0.00012697327325579723	-0.0003139237466074139	0.0	-0.0	-0.0	-0.0	-0.0	0.0	-0.0	-0.0	0.0	-0.0	0.0	0.0	0.0	-0.0	-0.0	-0.0	-0.0	0.0	0.0	0.0	0.0	0.0	-0.0	-0.0	0.0	-0.0	-0.0	0.0	0.0	-0.0	0.0	-0.0	-0.0	0.0	0.0	0.0	0.0	0.0	0.0	0.0	0.0	0.0	0.0	0.0	0.0	0.0	0.0	0.0	0.0	0.0	0.0	0.0	0.0	0.0	0.0	0.0	0.0	0.0	0.0	0.0	0.0	0.0	0.0	0.0	0.0	0.0	0.0	0.0	0.0	0.0	0.0	0.0	0.0	0.0	0.0	0.0	0.0	0.0	0.0
G1-131	-0.02526995467985425	0.03610637767804621	-0.05318277888338488	-0.05565013694970144	-0.004852777698452621	-0.0010289194138268175	-0.029168338928547553	0.010003445396963743	-0.01918698403662778	-0.0050125455339439726	0.011561401843865542	-0.006550043712855201	0.008524924928921415	0.00012350242295956095	0.009713470231902749	-0.009958038277190715	0.010923235293558414	-0.01184971928281493	0.0036067906993522557	0.0058768153558837015	-0.003672981362904687	0.016626843613992536	-0.005138159758003363	-0.0045099463176566995	-0.006272195961079145	-0.0020670897070844485	-0.0010815383115300018	0.0	-0.0	-0.0	-0.0	-0.0	-0.0	-0.0	-0.0	0.0	0.0	-0.0	-0.0	0.0	-0.0	-0.0	0.0	-0.0	0.0	0.0	-0.0	-0.0	0.0	-0.0	0.0	-0.0	-0.0	0.0	-0.0	0.0	0.0	-0.0	-0.0	0.0	0.0	0.0	0.0	0.0	0.0	0.0	0.0	0.0	0.0	0.0	0.0	0.0	0.0	0.0	0.0	0.0	0.0	0.0	0.0	0.0	0.0	0.0	0.0	0.0	0.0	0.0	0.0	0.0	0.0	0.0	0.0	0.0	0.0	0.0	0.0	0.0	0.0	0.0	0.0	0.0	0.0	0.0	0.0	0.0	0.0	0.0
G1-132	-0.02466835360354613	0.03960012765914911	-0.053099810429160996	-0.053656756498647484	-0.005259500393050012	-0.0021388480871084954	-0.028621701355255096	0.012146059243999575	-0.018922081687488265	-0.00543240827217498	0.009056980584597656	-0.012813513030164293	0.003106800584281552	-0.001246427296221927	0.0012998719631687847	0.0013589722111918875	0.012943510409401048	-0.009960200745581505	-0.0006206388941373695	-0.006512815034436746	-0.00023420737809420558	-0.000514572344112729	2.0621350024590578e-05	-0.0026622444977563407	0.0009390310118637861	-0.00012697396258372614	-0.0003139266687188562	-0.0	0.0	0.0	0.0	0.0	0.0	0.0	0.0	-0.0	-0.0	0.0	0.0	-0.0	0.0	0.0	-0.0	0.0	-0.0	-0.0	0.0	-0.0	-0.0	0.0	-0.0	0.0	0.0	-0.0	0.0	-0.0	-0.0	0.0	0.0	-0.0	0.0	0.0	0.0	0.0	0.0	0.0	0.0	0.0	0.0	0.0	0.0	0.0	0.0	0.0	0.0	0.0	0.0	0.0	0.0	0.0	0.0	0.0	0.0	0.0	0.0	0.0	0.0	0.0	0.0	0.0	0.0	0.0	0.0	0.0	0.0	0.0	0.0	0.0	0.0	0.0	0.0	0.0	0.0	0.0	0.0	0.0
G1-135	-0.12462938981758898	0.07968918675972989	0.07741929171439134	-0.19551921169954073	-0.019721359772663302	0.015224735363084265	-0.017550257796063676	0.05108621231111065	-0.02669573467188503	0.028294723055266275	-0.04949688643929159	-0.03661272123645994	-0.04878902430867293	0.018789703701971684	-0.03882711414051591	-0.0033131052545422967	-0.003123912257369234	-0.013787469908192306	0.004421424367758597	0.009082986993356837	-0.003955652723786673	0.000633107788569518	0.00036676840723584407	-0.0031604738172866854	-0.0006225804452745716	-9.664676745311432e-05	-0.00012691641321418553	0.0	-0.0	-0.0	-0.0	-0.0	-0.0	-0.0	-0.0	0.0	0.0	-0.0	-0.0	0.0	-0.0	-0.0	0.0	-0.0	0.0	0.0	-0.0	-0.0	0.0	-0.0	0.0	-0.0	-0.0	0.0	-0.0	0.0	0.0	-0.0	-0.0	0.0	0.0	0.0	0.0	0.0	0.0	0.0	0.0	0.0	0.0	0.0	0.0	0.0	0.0	0.0	0.0	0.0	0.0	0.0	0.0	0.0	0.0	0.0	0.0	0.0	0.0	0.0	0.0	0.0	0.0	0.0	0.0	0.0	0.0	0.0	0.0	0.0	0.0	0.0	0.0	0.0	0.0	0.0	0.0	0.0	0.0	0.0
G1-136	-0.023280786683083633	0.044008350082141566	-0.05662173027978934	-0.0566256619044351	-0.006648204977764256	0.004684857434612729	-0.030868735297068482	0.019690353517612065	-0.02210647293738695	-0.006900186283268808	0.0104516265536149	-0.02158192120204506	0.0023420516557890046	-0.002524894624065663	-0.005550928019954885	0.009809325243934025	-0.01163704912747415	0.005801695723609931	0.004964252354817276	0.005416818800723445	-0.007739000777265699	-0.004483281464248575	0.007172195017434013	0.010531030491445856	0.008467780039676983	-9.213851537304505e-05	-0.00033487460106283777	0.0	-0.0	-0.0	-0.0	-0.0	-0.0	-0.0	-0.0	0.0	0.0	-0.0	-0.0	0.0	-0.0	-0.0	0.0	-0.0	0.0	0.0	-0.0	-0.0	0.0	-0.0	0.0	-0.0	-0.0	0.0	-0.0	0.0	0.0	-0.0	-0.0	0.0	0.0	0.0	0.0	0.0	0.0	0.0	0.0	0.0	0.0	0.0	0.0	0.0	0.0	0.0	0.0	0.0	0.0	0.0	0.0	0.0	0.0	0.0	0.0	0.0	0.0	0.0	0.0	0.0	0.0	0.0	0.0	0.0	0.0	0.0	0.0	0.0	0.0	0.0	0.0	0.0	0.0	0.0	0.0	0.0	0.0	0.0
G1-138	-0.024668346649836352	0.03960013996318464	-0.05309980935486059	-0.053656751072129916	-0.005259498689907849	-0.0021388459610696734	-0.028621693040196607	0.012146059772013046	-0.018922086485324292	-0.005432402041968186	0.009056973624839622	-0.012813507273755208	0.0031067933232353075	-0.0012464280034351549	0.0012998678182117357	0.0013589517688114105	0.012943510456088743	-0.009960195426072368	-0.0006206303100286389	-0.006512810715366568	-0.00023420853853256876	-0.0005145801848874726	2.0628895946560136e-05	-0.0026622518186654328	0.0009390298637832281	-0.00012697327325564986	-0.000313923746606839	0.0	0.0	0.0	0.0	-0.0	0.0	0.0	-0.0	0.0	0.0	0.0	-0.0	-0.0	0.0	0.0	-0.0	0.0	-0.0	-0.0	0.0	0.0	0.0	0.0	0.0	-0.0	-0.0	-0.0	0.0	-0.0	-0.0	0.0	-0.0	-0.0	0.0	0.0	0.0	0.0	0.0	0.0	0.0	0.0	0.0	0.0	0.0	0.0	0.0	0.0	0.0	0.0	0.0	0.0	0.0	0.0	0.0	0.0	0.0	0.0	0.0	0.0	0.0	0.0	0.0	0.0	0.0	0.0	0.0	0.0	0.0	0.0	0.0	0.0	0.0	0.0	0.0	0.0	0.0	0.0	0.0	0.0
G1-139	-0.018374759918726807	0.04565052046825971	-0.047383860619391927	-0.048875016550986417	-0.004508725622960989	0.015360192379638225	-0.018495026034119587	0.02132379274166324	-0.0043559501676822725	0.017366789566045836	0.037796089485711476	-0.027142438923610724	0.00521711707668376	-0.016772398425302898	-0.0119597091400976	-0.004168844491538879	-0.019439291615164528	-0.006826304640613949	-0.007528132592460733	0.0032581118843851703	0.01524158150647964	-0.005183836437769833	-0.0013497436584759153	-0.002659043977429106	0.0004832624853221827	-0.004892737049738877	-0.0005744332684529347	-0.0	0.0	0.0	0.0	0.0	0.0	0.0	0.0	-0.0	-0.0	0.0	0.0	-0.0	0.0	0.0	-0.0	0.0	-0.0	-0.0	0.0	-0.0	-0.0	0.0	-0.0	0.0	-0.0	-0.0	0.0	-0.0	-0.0	0.0	0.0	-0.0	0.0	0.0	0.0	0.0	0.0	0.0	0.0	0.0	0.0	0.0	0.0	0.0	0.0	0.0	0.0	0.0	0.0	0.0	0.0	0.0	0.0	0.0	0.0	0.0	0.0	0.0	0.0	0.0	0.0	0.0	0.0	0.0	0.0	0.0	0.0	0.0	0.0	0.0	0.0	0.0	0.0	0.0	0.0	0.0	0.0	0.0
G1-14	-0.02454853184900152	0.039169182521564955	-0.05626529077674746	-0.058430323533811654	-0.0053719279496161005	0.0025425654869579498	-0.030605025773793287	0.014595051125594812	-0.0217694160853149	-0.006199951304995686	0.013035859680402821	-0.01192961722025949	0.00895763115122994	-0.0009203342518123312	0.006566629002656665	-0.005187414253028002	-0.0018117893642943513	-0.0037659719700333686	0.006247410603148087	0.014782364310993354	-0.008974674771640044	0.016536398873426374	0.0036710944243814343	0.010775720722154134	0.006888637309801182	-0.002655739592282378	0.0012405035640873593	0.0	-0.0	-0.0	-0.0	-0.0	-0.0	-0.0	-0.0	0.0	0.0	-0.0	-0.0	0.0	-0.0	-0.0	0.0	-0.0	0.0	0.0	-0.0	-0.0	0.0	-0.0	0.0	-0.0	-0.0	0.0	-0.0	0.0	0.0	-0.0	-0.0	0.0	0.0	0.0	0.0	0.0	0.0	0.0	0.0	0.0	0.0	0.0	0.0	0.0	0.0	0.0	0.0	0.0	0.0	0.0	0.0	0.0	0.0	0.0	0.0	0.0	0.0	0.0	0.0	0.0	0.0	0.0	0.0	0.0	0.0	0.0	0.0	0.0	0.0	0.0	0.0	0.0	0.0	0.0	0.0	0.0	0.0	0.0
G1-140	0.08416925853309153	0.006039334804406393	0.009190561236995576	0.00025937781960390296	-0.002431115978517763	0.009322474531230836	-0.004893055913378992	-0.005855605634317257	-0.003955281323169979	0.003568764014488892	0.005620578854665966	-0.010651841531640074	-0.010229131254372704	-0.0008029254717414805	-0.012919509643393383	0.005666040216841632	-0.009662667637616518	0.00912665367885391	-0.011085805596701161	0.0030284597010738837	0.020397489330233838	-0.0009877620681840852	-0.0010076444030512012	0.0004524930923966702	-0.005404217066335355	-0.0014811977764236438	0.0012004271242457623	0.0	-0.0	0.0	-0.0	0.0	0.0	-0.0	0.0	-0.0	0.0	-0.0	0.0	0.0	-0.0	0.0	-0.0	0.0	-0.0	0.0	0.0	-0.0	0.0	-0.0	0.0	-0.0	-0.0	-0.0	0.0	-0.0	-0.0	0.0	-0.0	0.0	0.0	0.0	0.0	0.0	0.0	0.0	0.0	0.0	0.0	0.0	0.0	0.0	0.0	0.0	0.0	0.0	0.0	0.0	0.0	0.0	0.0	0.0	0.0	0.0	0.0	0.0	0.0	0.0	0.0	0.0	0.0	0.0	0.0	0.0	0.0	0.0	0.0	0.0	0.0	0.0	0.0	0.0	0.0	0.0	0.0	0.0
G1-141	0.08129550831951175	-0.0002916138427901591	0.008633643564296533	-0.00850325520567674	-0.003844143532167303	0.0033298284153698517	-0.007031062293050715	-0.01617934342138026	-0.016347090224509555	-0.01667994677535668	-0.023481678208041253	0.013726842081918399	0.0022837304282033234	-0.004450164336105748	0.01885846196717339	-0.0032439942313059696	-0.000927431197196578	-0.0008050996747655923	-0.0009961506064205474	0.004262432870583698	0.005335155829710563	0.00435136423094722	-0.006218458028908224	-0.0011728049094519072	0.0057143585960885155	0.0009440394008762782	-0.0023077194253913343	0.0	-0.0	-0.0	0.0	-0.0	0.0	0.0	-0.0	0.0	-0.0	-0.0	-0.0	0.0	0.0	0.0	-0.0	-0.0	-0.0	-0.0	0.0	-0.0	0.0	-0.0	-0.0	0.0	-0.0	-0.0	-0.0	-0.0	-0.0	-0.0	-0.0	-0.0	0.0	0.0	0.0	0.0	0.0	0.0	0.0	0.0	0.0	0.0	0.0	0.0	0.0	0.0	0.0	0.0	0.0	0.0	0.0	0.0	0.0	0.0	0.0	0.0	0.0	0.0	0.0	0.0	0.0	0.0	0.0	0.0	0.0	0.0	0.0	0.0	0.0	0.0	0.0	0.0	0.0	0.0	0.0	0.0	0.0	0.0
G1-142	0.08374384955295881	0.0007615963450049552	0.008199121426075212	-0.008707298355386072	-0.0022966522542292593	0.004047278014069179	-0.005033396987753652	-0.017658812988182827	-0.015673856127198335	-0.016809868690141627	-0.024150673560241726	0.016162172819413644	0.0042754130681759055	-0.005043289122138068	0.022869478587603714	-0.0031014175191393	-0.0030042858485550736	-0.008872026326331894	-0.0010270415248442336	0.006542996520561168	-0.0007702293115953974	-0.003463446991536885	0.0028749863079382365	-4.454959272979782e-05	-0.0017830570370113857	-0.001241180696363754	0.001360732786817769	0.0	-0.0	-0.0	0.0	0.0	-0.0	-0.0	0.0	0.0	0.0	-0.0	-0.0	0.0	0.0	-0.0	0.0	-0.0	0.0	0.0	-0.0	-0.0	-0.0	0.0	0.0	-0.0	-0.0	0.0	-0.0	0.0	0.0	0.0	0.0	0.0	0.0	0.0	0.0	0.0	0.0	0.0	0.0	0.0	0.0	0.0	0.0	0.0	0.0	0.0	0.0	0.0	0.0	0.0	0.0	0.0	0.0	0.0	0.0	0.0	0.0	0.0	0.0	0.0	0.0	0.0	0.0	0.0	0.0	0.0	0.0	0.0	0.0	0.0	0.0	0.0	0.0	0.0	0.0	0.0	0.0	0.0
G1-143	0.08374384955295881	0.0007615963450049552	0.008199121426075212	-0.008707298355386072	-0.0022966522542292333	0.004047278014069218	-0.0050333969877536956	-0.017658812988182785	-0.015673856127198346	-0.016809868690141595	-0.024150673560241722	0.016162172819413595	0.004275413068175844	-0.005043289122138062	0.022869478587603645	-0.003101417519139413	-0.0030042858485549787	-0.008872026326331842	-0.0010270415248442863	0.006542996520561195	-0.0007702293115953493	-0.0034634469915370523	0.002874986307937956	-4.454959272985054e-05	-0.0017830570370114818	-0.0012411806963636863	0.0013607327868166014	-0.0	0.0	0.0	0.0	-0.0	0.0	0.0	0.0	0.0	-0.0	0.0	0.0	-0.0	0.0	0.0	-0.0	0.0	0.0	0.0	-0.0	-0.0	0.0	-0.0	-0.0	-0.0	-0.0	0.0	-0.0	0.0	0.0	-0.0	-0.0	-0.0	0.0	0.0	0.0	0.0	0.0	0.0	0.0	0.0	0.0	0.0	0.0	0.0	0.0	0.0	0.0	0.0	0.0	0.0	0.0	0.0	0.0	0.0	0.0	0.0	0.0	0.0	0.0	0.0	0.0	0.0	0.0	0.0	0.0	0.0	0.0	0.0	0.0	0.0	0.0	0.0	0.0	0.0	0.0	0.0	0.0	0.0
G1-144	0.08374384955295881	0.0007615963450049582	0.008199121426075215	-0.008707298355386061	-0.0022966522542292355	0.004047278014069239	-0.005033396987753624	-0.017658812988182726	-0.01567385612719819	-0.016809868690141592	-0.02415067356024166	0.016162172819413637	0.004275413068175811	-0.005043289122138187	0.02286947858760368	-0.003101417519139306	-0.0030042858485550697	-0.008872026326331797	-0.0010270415248442885	0.0065429965205612405	-0.0007702293115953427	-0.0034634469915368845	0.0028749863079383566	-4.4549592729580664e-05	-0.001783057037010841	-0.0012411806963636895	0.0013607327868172703	0.0	-0.0	-0.0	0.0	0.0	-0.0	0.0	0.0	-0.0	0.0	0.0	-0.0	-0.0	-0.0	-0.0	-0.0	0.0	-0.0	-0.0	0.0	-0.0	-0.0	-0.0	-0.0	-0.0	-0.0	-0.0	0.0	-0.0	-0.0	0.0	-0.0	-0.0	0.0	0.0	0.0	0.0	0.0	0.0	0.0	0.0	0.0	0.0	0.0	0.0	0.0	0.0	0.0	0.0	0.0	0.0	0.0	0.0	0.0	0.0	0.0	0.0	0.0	0.0	0.0	0.0	0.0	0.0	0.0	0.0	0.0	0.0	0.0	0.0	0.0	0.0	0.0	0.0	0.0	0.0	0.0	0.0	0.0	0.0
G1-15	-0.023284507969994712	0.07477772793480632	-0.06257328771501199	-0.05549094709168364	0.0017961253166474565	-0.08908412658989544	0.018894307173437017	0.08233896515181525	-0.018962622769151286	-0.010226916759708896	0.00866007299717411	-0.01964668992373901	0.007206837578587591	-0.03168512285035128	0.004971185640366626	-0.00861576850418401	-0.008679982695973663	-0.0011212549643537456	-0.0013617473153287717	0.00040629727229962866	-0.003728159686527589	0.004980559212827498	0.0010870670151923475	0.007674715771447892	0.005670818654465288	-0.0005004229089026449	1.5286049134587823e-05	-0.0	0.0	0.0	0.0	0.0	0.0	0.0	0.0	-0.0	-0.0	0.0	0.0	-0.0	0.0	0.0	-0.0	0.0	-0.0	-0.0	0.0	-0.0	-0.0	0.0	-0.0	0.0	-0.0	-0.0	0.0	-0.0	-0.0	0.0	0.0	-0.0	0.0	0.0	0.0	0.0	0.0	0.0	0.0	0.0	0.0	0.0	0.0	0.0	0.0	0.0	0.0	0.0	0.0	0.0	0.0	0.0	0.0	0.0	0.0	0.0	0.0	0.0	0.0	0.0	0.0	0.0	0.0	0.0	0.0	0.0	0.0	0.0	0.0	0.0	0.0	0.0	0.0	0.0	0.0	0.0	0.0	0.0
G1-175	-0.3242648584958584	0.19099755967203508	0.22163473746594806	-0.0903719094358258	-0.17382700003051674	-0.030196396186892023	-0.06779870214990469	-0.0825987953690565	0.05394825941486228	-0.057920729434120716	0.04222242078925635	0.04597741255338727	0.020605150685322874	-0.033336408409019774	0.032924269964973774	-0.015624625231543275	-0.0008985677756153053	0.02502144518228214	0.0013952138574549876	-0.005214705905597448	-8.804800754692932e-05	-0.0033639770904181797	0.003622167836233932	0.0007326697997668786	0.00022639533423762085	-0.00022453338763932793	0.00021392508619644837	0.0	-0.0	-0.0	-0.0	-0.0	-0.0	-0.0	-0.0	0.0	0.0	-0.0	-0.0	0.0	-0.0	-0.0	0.0	-0.0	0.0	0.0	-0.0	-0.0	0.0	-0.0	0.0	-0.0	-0.0	0.0	-0.0	0.0	0.0	-0.0	-0.0	0.0	0.0	0.0	0.0	0.0	0.0	0.0	0.0	0.0	0.0	0.0	0.0	0.0	0.0	0.0	0.0	0.0	0.0	0.0	0.0	0.0	0.0	0.0	0.0	0.0	0.0	0.0	0.0	0.0	0.0	0.0	0.0	0.0	0.0	0.0	0.0	0.0	0.0	0.0	0.0	0.0	0.0	0.0	0.0	0.0	0.0	0.0
G1-176	-0.11824632304016472	-0.19910322256717042	-0.043915463764905384	0.03377390046413253	0.026233251056899873	-0.005146046612170844	-0.01314415828168333	0.007783020068981586	0.0162449575236378	0.005452062156292178	-0.006770283961096301	-0.009612948581077224	0.03443725314982742	-0.011840499302077825	0.03500147980490721	0.007560468317596801	-0.018132739815292714	-0.0038484475256242144	0.007422412456633245	-0.02186129123568565	-0.006179225400098809	0.006439666787885074	0.0016804851535450094	-0.004703187024310884	0.004279457133437675	-0.0009835355832848976	-0.0003325062976480012	0.0	-0.0	-0.0	-0.0	-0.0	-0.0	-0.0	-0.0	0.0	0.0	-0.0	-0.0	0.0	-0.0	-0.0	0.0	-0.0	0.0	0.0	-0.0	-0.0	0.0	-0.0	0.0	-0.0	-0.0	0.0	-0.0	0.0	0.0	-0.0	-0.0	0.0	0.0	0.0	0.0	0.0	0.0	0.0	0.0	0.0	0.0	0.0	0.0	0.0	0.0	0.0	0.0	0.0	0.0	0.0	0.0	0.0	0.0	0.0	0.0	0.0	0.0	0.0	0.0	0.0	0.0	0.0	0.0	0.0	0.0	0.0	0.0	0.0	0.0	0.0	0.0	0.0	0.0	0.0	0.0	0.0	0.0	0.0
G1-177	-0.18450484037428136	0.15583281460207984	0.17703914796941053	0.06593878558805474	0.02612514028379526	-0.15650224867351323	0.01155749112372791	0.03559685184251805	-0.0427279644139504	0.017299426687735417	-0.04584226515912436	-0.003827506563357584	-0.03252130014864656	0.03289754871198129	-0.015065807656571246	0.002674539773479804	-0.009081912995188542	-0.022323782072734385	0.003095717642979065	0.0068731665709107	0.008267069362214493	0.001883061978260612	-0.00030236606932617386	-0.0017218149030849624	-0.0003021612124886608	0.0002736820162043034	-0.00017264370006531254	0.0	-0.0	-0.0	-0.0	-0.0	-0.0	-0.0	-0.0	0.0	0.0	-0.0	-0.0	0.0	-0.0	-0.0	0.0	-0.0	0.0	0.0	-0.0	-0.0	0.0	-0.0	0.0	-0.0	-0.0	0.0	-0.0	0.0	0.0	-0.0	-0.0	0.0	0.0	0.0	0.0	0.0	0.0	0.0	0.0	0.0	0.0	0.0	0.0	0.0	0.0	0.0	0.0	0.0	0.0	0.0	0.0	0.0	0.0	0.0	0.0	0.0	0.0	0.0	0.0	0.0	0.0	0.0	0.0	0.0	0.0	0.0	0.0	0.0	0.0	0.0	0.0	0.0	0.0	0.0	0.0	0.0	0.0	0.0
G1-178	0.0780440451680593	0.0009760447382351553	0.005387355255810448	-0.006818668524975086	-0.003490039498480775	-0.0027684730914711605	-0.008815660184446765	-0.011682483468224016	-0.014597420620756687	-0.00967840152151103	-0.02174232241640464	-2.0523340454374565e-05	-0.004394098979092494	1.9207141323549496e-05	-0.002118820860998229	0.008171214355648033	0.0035453181665172223	-0.002064519614189634	-0.00448584774013947	-0.02031438579072045	0.007544332491713073	0.0074349241917156935	0.00035165234786102334	0.003185633132376143	0.002900741362650596	0.002312866764378962	0.00032382289697402124	0.0	-0.0	-0.0	0.0	0.0	-0.0	0.0	-0.0	-0.0	-0.0	0.0	0.0	0.0	-0.0	0.0	-0.0	-0.0	0.0	0.0	-0.0	-0.0	0.0	-0.0	0.0	0.0	0.0	0.0	-0.0	-0.0	-0.0	-0.0	0.0	-0.0	0.0	0.0	0.0	0.0	0.0	0.0	0.0	0.0	0.0	0.0	0.0	0.0	0.0	0.0	0.0	0.0	0.0	0.0	0.0	0.0	0.0	0.0	0.0	0.0	0.0	0.0	0.0	0.0	0.0	0.0	0.0	0.0	0.0	0.0	0.0	0.0	0.0	0.0	0.0	0.0	0.0	0.0	0.0	0.0	0.0	0.0
G1-180	-0.256503999940726	-0.18216701835757632	0.17579478261967701	-0.03956151225421254	0.09700211878355927	-0.003089601322662666	-0.026104696939544737	0.032619991820546666	0.03415715016475169	-0.014255177543816949	-0.06546503690629617	-0.09376161294340168	0.01611946999907419	0.015065690604302897	0.013684115185412942	-0.05045743835496414	0.0013554580174020322	0.0035763636382356604	0.008190222995843804	0.0007479843109368519	0.002005914026467669	-0.0030691799108048235	0.006170023967975132	-0.003922402722701778	0.0007198581149583914	-6.755780702993595e-05	8.4684089033535e-06	0.0	-0.0	-0.0	-0.0	-0.0	-0.0	-0.0	-0.0	0.0	0.0	-0.0	-0.0	0.0	-0.0	-0.0	0.0	-0.0	0.0	0.0	-0.0	-0.0	0.0	-0.0	0.0	-0.0	-0.0	0.0	-0.0	0.0	0.0	-0.0	-0.0	0.0	0.0	0.0	0.0	0.0	0.0	0.0	0.0	0.0	0.0	0.0	0.0	0.0	0.0	0.0	0.0	0.0	0.0	0.0	0.0	0.0	0.0	0.0	0.0	0.0	0.0	0.0	0.0	0.0	0.0	0.0	0.0	0.0	0.0	0.0	0.0	0.0	0.0	0.0	0.0	0.0	0.0	0.0	0.0	0.0	0.0	0.0
G1-182	-0.24683155487614267	-0.23312234476813645	-0.034380526283225285	0.031568499526780314	-0.21332635854069995	0.022568085145770078	0.2244712539932995	-0.03386521227558943	-0.10508140801941011	-0.04761248069661746	0.03102121587419876	-0.031756078774969325	0.0016351946837546694	0.004274734754531719	-0.012511084867493399	0.005131888717698745	-0.00036398338851455697	-0.009127594004015171	0.0035449974010925115	0.0032256719436127277	0.0009530151952844939	0.0007342789458585159	0.0009022405290205412	-0.001669257623453413	-0.00022749397408559707	4.447043745328566e-06	-6.68840565836373e-05	0.0	-0.0	-0.0	-0.0	-0.0	-0.0	-0.0	-0.0	0.0	0.0	-0.0	-0.0	0.0	-0.0	-0.0	0.0	-0.0	0.0	0.0	-0.0	-0.0	0.0	-0.0	0.0	-0.0	-0.0	0.0	-0.0	0.0	0.0	-0.0	-0.0	0.0	0.0	0.0	0.0	0.0	0.0	0.0	0.0	0.0	0.0	0.0	0.0	0.0	0.0	0.0	0.0	0.0	0.0	0.0	0.0	0.0	0.0	0.0	0.0	0.0	0.0	0.0	0.0	0.0	0.0	0.0	0.0	0.0	0.0	0.0	0.0	0.0	0.0	0.0	0.0	0.0	0.0	0.0	0.0	0.0	0.0	0.0
G1-187	0.08416925853309148	0.00603933480440639	0.009190561236995624	0.0002593778196039038	-0.002431115978517747	0.00932247453123078	-0.004893055913379033	-0.005855605634317307	-0.003955281323169942	0.003568764014488861	0.0056205788546659485	-0.010651841531640161	-0.010229131254372711	-0.0008029254717415172	-0.012919509643393237	0.005666040216841555	-0.009662667637616626	0.009126653678853765	-0.011085805596701089	0.0030284597010737588	0.02039748933023387	-0.0009877620681839681	-0.0010076444030511472	0.00045249309239651534	-0.00540421706633505	-0.0014811977764236045	0.0012004271242464044	-0.0	0.0	-0.0	0.0	-0.0	-0.0	0.0	-0.0	0.0	-0.0	0.0	-0.0	-0.0	0.0	-0.0	0.0	-0.0	0.0	-0.0	-0.0	-0.0	-0.0	0.0	-0.0	0.0	-0.0	0.0	-0.0	0.0	0.0	-0.0	0.0	-0.0	0.0	0.0	0.0	0.0	0.0	0.0	0.0	0.0	0.0	0.0	0.0	0.0	0.0	0.0	0.0	0.0	0.0	0.0	0.0	0.0	0.0	0.0	0.0	0.0	0.0	0.0	0.0	0.0	0.0	0.0	0.0	0.0	0.0	0.0	0.0	0.0	0.0	0.0	0.0	0.0	0.0	0.0	0.0	0.0	0.0	0.0
G1-188	-0.037633355055854356	0.012934545899610997	-0.024886063936736914	0.027432676525774156	0.026972992139964336	0.02654297259036873	0.025533733233792367	-0.0007583788626303767	0.02271381987895795	0.008464702512168444	0.008856703796322299	-0.010295822203480675	-0.0029960599390289775	-0.0009169529086477089	-0.013642720870893707	0.008926308330571214	-0.018974704456880376	0.011476108115456102	0.0019839327065842446	-0.002433751106497433	-0.0012266579295085666	-0.011037481789558636	-0.0026429411332572978	-0.00619560618348694	0.005785187365296301	-0.0035903346499524544	-8.159784494317554e-05	0.0	-0.0	-0.0	-0.0	-0.0	-0.0	-0.0	-0.0	0.0	0.0	-0.0	-0.0	0.0	-0.0	-0.0	0.0	-0.0	0.0	0.0	-0.0	-0.0	0.0	-0.0	0.0	-0.0	-0.0	0.0	-0.0	0.0	0.0	-0.0	-0.0	0.0	0.0	0.0	0.0	0.0	0.0	0.0	0.0	0.0	0.0	0.0	0.0	0.0	0.0	0.0	0.0	0.0	0.0	0.0	0.0	0.0	0.0	0.0	0.0	0.0	0.0	0.0	0.0	0.0	0.0	0.0	0.0	0.0	0.0	0.0	0.0	0.0	0.0	0.0	0.0	0.0	0.0	0.0	0.0	0.0	0.0	0.0
G1-189	-0.0395694143686224	0.010648779994037854	-0.026811771474030868	0.025849647200348286	0.030530139585042103	0.016917057108522614	0.01841690031961717	-0.009018314057471244	0.010686230144822291	0.002938271167897521	0.00592879441957671	-0.003910358622411062	-0.007844169321941557	0.004203887376316123	-0.009910963981090105	0.000678363186135059	0.005278413046761825	0.001962959191446747	-0.017193616274421446	-0.001975508530794298	0.023228160435321436	-0.002121661929105703	-0.0028300748676897878	0.004102191110086839	0.000514262226564933	-0.0033571134255627544	0.0005248246045823662	0.0	-0.0	-0.0	-0.0	-0.0	-0.0	-0.0	-0.0	0.0	0.0	-0.0	-0.0	0.0	-0.0	-0.0	0.0	-0.0	0.0	0.0	-0.0	-0.0	0.0	-0.0	0.0	-0.0	-0.0	0.0	-0.0	0.0	0.0	-0.0	-0.0	0.0	0.0	0.0	0.0	0.0	0.0	0.0	0.0	0.0	0.0	0.0	0.0	0.0	0.0	0.0	0.0	0.0	0.0	0.0	0.0	0.0	0.0	0.0	0.0	0.0	0.0	0.0	0.0	0.0	0.0	0.0	0.0	0.0	0.0	0.0	0.0	0.0	0.0	0.0	0.0	0.0	0.0	0.0	0.0	0.0	0.0	0.0
G1-190	-0.07195844987133364	0.09061182228281837	-0.04767549755109958	0.0957004431163637	0.024088465797586993	0.004647120904438334	-0.010104036801564145	-0.11260422576472677	-0.010980079379483577	0.05498428955828962	0.037589920765603226	-0.07362020599246297	-0.13863560521728766	-0.03838171430629441	0.05279562533631108	-0.02234650090235363	0.0055299734792523545	0.0060778467461054435	0.0027919316072571596	-0.0062473224403743035	-0.0034557747243174	0.0006541943918745359	-0.0013072632743776002	0.0021054027446560262	-0.0006376499380092766	0.0010152905375081904	0.0001874185984093972	0.0	-0.0	-0.0	-0.0	-0.0	-0.0	-0.0	-0.0	0.0	0.0	-0.0	-0.0	0.0	-0.0	-0.0	0.0	-0.0	0.0	0.0	-0.0	-0.0	0.0	-0.0	0.0	-0.0	-0.0	0.0	-0.0	0.0	0.0	-0.0	-0.0	0.0	0.0	0.0	0.0	0.0	0.0	0.0	0.0	0.0	0.0	0.0	0.0	0.0	0.0	0.0	0.0	0.0	0.0	0.0	0.0	0.0	0.0	0.0	0.0	0.0	0.0	0.0	0.0	0.0	0.0	0.0	0.0	0.0	0.0	0.0	0.0	0.0	0.0	0.0	0.0	0.0	0.0	0.0	0.0	0.0	0.0	0.0
G1-192	-0.04237606662550962	0.008725953714938742	-0.0311769539842381	0.01691396963693615	0.02993808977002055	0.0187416622331419	0.015845982825793324	-0.0155425952742635	-0.002200976556767202	-0.017099099613565864	-0.025410855705319205	0.018102098582812007	0.005020828563595448	-0.0021273932600222706	0.027887111871281806	-0.006173382338107291	-0.0050607263764016145	-0.012560267189350566	-0.006417547959630039	0.010493907774645579	0.0028153443541536387	-0.005440961829608472	0.00528849647087858	-0.0011861634804423476	-0.0013161126483562909	-0.0015904448820580834	-0.001538099686882507	-0.0	0.0	0.0	-0.0	-0.0	-0.0	-0.0	-0.0	0.0	-0.0	-0.0	-0.0	-0.0	-0.0	0.0	0.0	0.0	0.0	0.0	-0.0	-0.0	0.0	-0.0	-0.0	-0.0	-0.0	-0.0	-0.0	-0.0	-0.0	-0.0	0.0	0.0	0.0	0.0	0.0	0.0	0.0	0.0	0.0	0.0	0.0	0.0	0.0	0.0	0.0	0.0	0.0	0.0	0.0	0.0	0.0	0.0	0.0	0.0	0.0	0.0	0.0	0.0	0.0	0.0	0.0	0.0	0.0	0.0	0.0	0.0	0.0	0.0	0.0	0.0	0.0	0.0	0.0	0.0	0.0	0.0	0.0	0.0
G1-193	-0.04448441583443731	0.008134965636645381	-0.034311760971171494	0.018462500453669418	0.028268835046083893	0.0066268778528783935	0.007010779231331719	-0.009768161643234253	-0.004108357618507852	-0.017865581668609184	-0.01700128289999002	-0.0008824973185146019	-0.010873045884500028	0.015350267120066877	-0.00633242521817931	0.009290818364476953	0.011373172362059387	0.006640212602780986	-0.0053605488635809	-0.004113507118170644	-0.009876898005982543	0.001524501209320508	0.000515892938067552	-0.0013533274155048864	-0.0009411189912870981	-0.0015664124987856552	-0.0007691106383080309	0.0	-0.0	-0.0	0.0	0.0	-0.0	0.0	-0.0	0.0	-0.0	-0.0	0.0	0.0	0.0	0.0	-0.0	0.0	0.0	-0.0	0.0	0.0	-0.0	-0.0	0.0	-0.0	-0.0	0.0	-0.0	-0.0	0.0	-0.0	0.0	-0.0	0.0	0.0	0.0	0.0	0.0	0.0	0.0	0.0	0.0	0.0	0.0	0.0	0.0	0.0	0.0	0.0	0.0	0.0	0.0	0.0	0.0	0.0	0.0	0.0	0.0	0.0	0.0	0.0	0.0	0.0	0.0	0.0	0.0	0.0	0.0	0.0	0.0	0.0	0.0	0.0	0.0	0.0	0.0	0.0	0.0	0.0
G2-1100	0.08636967803348487	0.004853833007809576	0.013798096477467327	0.002182797523188109	-0.005302457160067086	0.011920216420792157	0.004062306790106732	-0.0026295844985471857	0.009040880415911796	0.007283536503061713	0.005199181060409998	-0.007032659649202929	0.00097969836972051	-0.0036594476757778704	-0.007286444892495202	0.006573908225223479	-0.012918663070196613	-0.0011846986652598644	0.003137289421375976	-0.0013674154171726296	-0.0046442015054183675	-0.006695670262701163	0.0022154625456613473	-7.19596107302474e-05	-0.0013609755628318258	0.002171889468268547	0.0005553512076478132	-0.0	-0.0	0.0	0.0	0.0	0.0	-0.0	-0.0	0.0	-0.0	0.0	0.0	0.0	-0.0	-0.0	0.0	0.0	-0.0	-0.0	-0.0	-0.0	0.0	0.0	-0.0	-0.0	-0.0	0.0	0.0	0.0	0.0	-0.0	0.0	-0.0	0.0	0.0	0.0	0.0	0.0	0.0	0.0	0.0	0.0	0.0	0.0	0.0	0.0	0.0	0.0	0.0	0.0	0.0	0.0	0.0	0.0	0.0	0.0	0.0	0.0	0.0	0.0	0.0	0.0	0.0	0.0	0.0	0.0	0.0	0.0	0.0	0.0	0.0	0.0	0.0	0.0	0.0	0.0	0.0	0.0	0.0
G2-1101	0.08636967803348487	0.004853833007809576	0.013798096477467327	0.002182797523188109	-0.005302457160067085	0.011920216420792157	0.004062306790106739	-0.0026295844985471813	0.009040880415911784	0.0072835365030617175	0.0051991810604100006	-0.007032659649202935	0.0009796983697205166	-0.003659447675777869	-0.007286444892495215	0.006573908225223486	-0.012918663070196594	-0.0011846986652598861	0.0031372894213759833	-0.0013674154171726574	-0.004644201505418331	-0.006695670262701172	0.002215462545661302	-7.195961073028067e-05	-0.0013609755628318908	0.0021718894682685374	0.0005553512076477804	0.0	0.0	-0.0	-0.0	0.0	-0.0	0.0	0.0	0.0	0.0	-0.0	-0.0	-0.0	-0.0	0.0	0.0	-0.0	0.0	0.0	-0.0	-0.0	0.0	-0.0	-0.0	-0.0	-0.0	-0.0	0.0	0.0	-0.0	-0.0	0.0	-0.0	0.0	0.0	0.0	0.0	0.0	0.0	0.0	0.0	0.0	0.0	0.0	0.0	0.0	0.0	0.0	0.0	0.0	0.0	0.0	0.0	0.0	0.0	0.0	0.0	0.0	0.0	0.0	0.0	0.0	0.0	0.0	0.0	0.0	0.0	0.0	0.0	0.0	0.0	0.0	0.0	0.0	0.0	0.0	0.0	0.0	0.0
G2-1102	0.08636967803348487	0.004853833007809576	0.013798096477467327	0.0021827975231881055	-0.005302457160067082	0.011920216420792157	0.0040623067901067456	-0.0026295844985471857	0.009040880415911785	0.007283536503061727	0.0051991810604100075	-0.007032659649202927	0.0009796983697205235	-0.0036594476757778557	-0.007286444892495232	0.006573908225223495	-0.012918663070196587	-0.0011846986652598842	0.003137289421375989	-0.0013674154171726407	-0.004644201505418328	-0.006695670262701164	0.002215462545661266	-7.19596107303129e-05	-0.0013609755628319247	0.0021718894682685496	0.0005553512076476343	0.0	0.0	-0.0	0.0	-0.0	0.0	-0.0	0.0	-0.0	0.0	-0.0	-0.0	-0.0	-0.0	0.0	0.0	-0.0	0.0	-0.0	0.0	-0.0	0.0	-0.0	0.0	-0.0	-0.0	-0.0	-0.0	0.0	0.0	0.0	-0.0	0.0	0.0	0.0	0.0	0.0	0.0	0.0	0.0	0.0	0.0	0.0	0.0	0.0	0.0	0.0	0.0	0.0	0.0	0.0	0.0	0.0	0.0	0.0	0.0	0.0	0.0	0.0	0.0	0.0	0.0	0.0	0.0	0.0	0.0	0.0	0.0	0.0	0.0	0.0	0.0	0.0	0.0	0.0	0.0	0.0	0.0	0.0
G2-1103	-0.13648243231631632	0.15746048736552812	0.0685470593303172	0.23857433645394707	-0.08775596494065412	0.13069076272277824	-0.05596750762207374	0.12098577754620245	-0.000352168603553676	0.017292935622924558	-0.005601088859891546	-0.002751096924797384	0.0035536578547413285	0.019489788720848916	-0.0018653889947209954	0.0024057744131724384	0.0018337765541613373	-0.001127523622902351	-0.0037883504804801793	-0.006233182977135605	-0.001724014060964844	0.0022896150102777774	-0.0031373704622347227	0.003982767948250902	-0.0005080414487352835	-0.00018083350185730732	0.00010865588093305932	0.0	-0.0	-0.0	-0.0	-0.0	-0.0	-0.0	-0.0	0.0	0.0	-0.0	-0.0	0.0	-0.0	-0.0	0.0	-0.0	0.0	0.0	-0.0	-0.0	0.0	-0.0	0.0	-0.0	-0.0	0.0	-0.0	0.0	0.0	-0.0	-0.0	0.0	0.0	0.0	0.0	0.0	0.0	0.0	0.0	0.0	0.0	0.0	0.0	0.0	0.0	0.0	0.0	0.0	0.0	0.0	0.0	0.0	0.0	0.0	0.0	0.0	0.0	0.0	0.0	0.0	0.0	0.0	0.0	0.0	0.0	0.0	0.0	0.0	0.0	0.0	0.0	0.0	0.0	0.0	0.0	0.0	0.0	0.0
G2-1104	-0.09526282676242867	0.03979389832869913	0.0892988730843384	-0.02543468104327348	0.12562200512471605	0.05660123145026932	0.05343618779412111	-0.0017136400808549885	-0.06976489275261227	0.05522891770495058	0.0356312193086646	0.055553685287406854	0.004493316428368024	0.012469852385763551	-0.008327663899994302	-0.0023844680592931206	0.002270954379291175	0.029734318525348278	-0.005525671334342696	-0.0066442208572391834	0.005503480298614854	0.01815205605083625	0.020905441442792334	-0.013748296624893842	0.0016911174789150923	0.0005374309870830989	-0.00040245118355699465	0.0	-0.0	-0.0	-0.0	-0.0	-0.0	-0.0	-0.0	0.0	0.0	-0.0	-0.0	0.0	-0.0	-0.0	0.0	-0.0	0.0	0.0	-0.0	-0.0	0.0	-0.0	0.0	-0.0	-0.0	0.0	-0.0	0.0	0.0	-0.0	-0.0	0.0	0.0	0.0	0.0	0.0	0.0	0.0	0.0	0.0	0.0	0.0	0.0	0.0	0.0	0.0	0.0	0.0	0.0	0.0	0.0	0.0	0.0	0.0	0.0	0.0	0.0	0.0	0.0	0.0	0.0	0.0	0.0	0.0	0.0	0.0	0.0	0.0	0.0	0.0	0.0	0.0	0.0	0.0	0.0	0.0	0.0	0.0
G2-1105	0.0840645699810558	-0.0018228740343080366	0.014708614779873879	0.002011837312007273	-0.002732034852733054	0.00728402890601913	0.005706867069251588	-0.010373843874882513	0.010946743244863168	0.008681325407322766	0.008126412153479212	0.004812574681285752	0.006146348295894415	-0.001021427140675893	0.0033634642436755355	-0.005153976778903265	0.003755778625384181	-0.0058648165548093115	0.0020863967917576776	0.0009501823206100869	-0.001968755766429742	0.004545605240739403	0.001827692137157151	0.001040759289612751	-0.002025035502997991	-0.0011530959774453406	-0.0003639262833747986	-0.0	-0.0	0.0	0.0	-0.0	-0.0	-0.0	0.0	0.0	0.0	0.0	-0.0	-0.0	0.0	0.0	0.0	-0.0	0.0	-0.0	0.0	0.0	-0.0	-0.0	0.0	0.0	-0.0	-0.0	-0.0	-0.0	-0.0	0.0	-0.0	0.0	0.0	0.0	0.0	0.0	0.0	0.0	0.0	0.0	0.0	0.0	0.0	0.0	0.0	0.0	0.0	0.0	0.0	0.0	0.0	0.0	0.0	0.0	0.0	0.0	0.0	0.0	0.0	0.0	0.0	0.0	0.0	0.0	0.0	0.0	0.0	0.0	0.0	0.0	0.0	0.0	0.0	0.0	0.0	0.0	0.0	0.0
G2-1106	-0.037848787466109035	0.006620482915684249	-0.0225717158160892	0.026407020683113607	0.02837791369046882	0.021062702776813137	0.026942510682381144	-0.00910945532484398	0.024424709809569317	0.009342308156962865	0.010207523465530114	0.005662658450852646	0.0079337877004705	0.001166156092080866	0.001706816033782901	-0.007680441758598166	0.004442924392323035	-0.013683892295956464	0.002513164464792978	-0.0010066275243742358	-0.008912124891523978	0.003628139165703598	0.003706070034929609	0.00028890072727176725	-0.0027027429750545147	-0.0011165907266642966	0.0008577629792075012	0.0	0.0	-0.0	0.0	-0.0	-0.0	0.0	-0.0	0.0	-0.0	-0.0	0.0	-0.0	-0.0	0.0	0.0	-0.0	-0.0	0.0	0.0	-0.0	0.0	0.0	-0.0	0.0	-0.0	-0.0	0.0	-0.0	0.0	0.0	-0.0	0.0	0.0	0.0	0.0	0.0	0.0	0.0	0.0	0.0	0.0	0.0	0.0	0.0	0.0	0.0	0.0	0.0	0.0	0.0	0.0	0.0	0.0	0.0	0.0	0.0	0.0	0.0	0.0	0.0	0.0	0.0	0.0	0.0	0.0	0.0	0.0	0.0	0.0	0.0	0.0	0.0	0.0	0.0	0.0	0.0	0.0	0.0
G2-1107	0.0840645699810558	-0.0018228740343080366	0.01470861477987388	0.002011837312007266	-0.0027320348527330577	0.0072840289060191335	0.005706867069251589	-0.010373843874882513	0.010946743244863168	0.008681325407322757	0.008126412153479218	0.004812574681285763	0.006146348295894424	-0.0010214271406759126	0.003363464243675543	-0.0051539767789032685	0.0037557786253842023	-0.005864816554809307	0.0020863967917577	0.0009501823206101303	-0.0019687557664296858	0.004545605240739411	0.0018276921371571467	0.0010407592896127355	-0.0020250355029980275	-0.0011530959774452986	-0.00036392628337488534	-0.0	-0.0	-0.0	-0.0	-0.0	0.0	-0.0	-0.0	-0.0	-0.0	0.0	-0.0	-0.0	-0.0	0.0	-0.0	-0.0	0.0	-0.0	-0.0	0.0	-0.0	0.0	-0.0	0.0	-0.0	0.0	-0.0	-0.0	-0.0	0.0	0.0	-0.0	0.0	0.0	0.0	0.0	0.0	0.0	0.0	0.0	0.0	0.0	0.0	0.0	0.0	0.0	0.0	0.0	0.0	0.0	0.0	0.0	0.0	0.0	0.0	0.0	0.0	0.0	0.0	0.0	0.0	0.0	0.0	0.0	0.0	0.0	0.0	0.0	0.0	0.0	0.0	0.0	0.0	0.0	0.0	0.0	0.0	0.0
G2-1108	0.0840645699810558	-0.0018228740343080366	0.01470861477987388	0.002011837312007266	-0.0027320348527330547	0.007284028906019139	0.005706867069251586	-0.010373843874882514	0.010946743244863166	0.008681325407322771	0.008126412153479212	0.004812574681285763	0.006146348295894421	-0.0010214271406759068	0.0033634642436755416	-0.005153976778903264	0.0037557786253841967	-0.005864816554809302	0.00208639679175769	0.0009501823206101329	-0.001968755766429702	0.004545605240739427	0.0018276921371571631	0.0010407592896127917	-0.002025035502997927	-0.0011530959774453846	-0.00036392628337493033	0.0	-0.0	0.0	-0.0	-0.0	-0.0	0.0	-0.0	-0.0	-0.0	0.0	-0.0	-0.0	-0.0	0.0	0.0	0.0	-0.0	0.0	-0.0	0.0	-0.0	0.0	-0.0	0.0	-0.0	-0.0	0.0	0.0	0.0	-0.0	-0.0	0.0	0.0	0.0	0.0	0.0	0.0	0.0	0.0	0.0	0.0	0.0	0.0	0.0	0.0	0.0	0.0	0.0	0.0	0.0	0.0	0.0	0.0	0.0	0.0	0.0	0.0	0.0	0.0	0.0	0.0	0.0	0.0	0.0	0.0	0.0	0.0	0.0	0.0	0.0	0.0	0.0	0.0	0.0	0.0	0.0	0.0	0.0
G2-1109	0.08406456998105578	-0.0018228740343080305	0.014708614779873876	0.002011837312007262	-0.002732034852733051	0.007284028906019138	0.005706867069251584	-0.010373843874882513	0.010946743244863168	0.008681325407322756	0.008126412153479224	0.004812574681285768	0.006146348295894437	-0.0010214271406759113	0.003363464243675525	-0.005153976778903248	0.003755778625384152	-0.0058648165548093115	0.0020863967917576823	0.0009501823206101046	-0.001968755766429674	0.004545605240739415	0.0018276921371571714	0.0010407592896127975	-0.0020250355029980227	-0.0011530959774453586	-0.00036392628337475106	0.0	0.0	-0.0	0.0	0.0	0.0	-0.0	-0.0	-0.0	0.0	0.0	0.0	0.0	0.0	0.0	-0.0	-0.0	0.0	-0.0	-0.0	0.0	-0.0	-0.0	0.0	-0.0	-0.0	0.0	0.0	-0.0	0.0	-0.0	-0.0	0.0	0.0	0.0	0.0	0.0	0.0	0.0	0.0	0.0	0.0	0.0	0.0	0.0	0.0	0.0	0.0	0.0	0.0	0.0	0.0	0.0	0.0	0.0	0.0	0.0	0.0	0.0	0.0	0.0	0.0	0.0	0.0	0.0	0.0	0.0	0.0	0.0	0.0	0.0	0.0	0.0	0.0	0.0	0.0	0.0	0.0	0.0
G2-1110	0.0840645699810558	-0.0018228740343080366	0.014708614779873879	0.0020118373120072697	-0.002732034852733052	0.0072840289060191335	0.005706867069251583	-0.01037384387488251	0.010946743244863152	0.008681325407322773	0.008126412153479222	0.0048125746812857665	0.006146348295894426	-0.001021427140675897	0.0033634642436755455	-0.005153976778903255	0.0037557786253841967	-0.0058648165548093045	0.00208639679175769	0.0009501823206101253	-0.0019687557664297126	0.004545605240739418	0.0018276921371571586	0.001040759289612726	-0.002025035502997918	-0.0011530959774453402	-0.0003639262833750229	-0.0	-0.0	-0.0	0.0	0.0	-0.0	-0.0	-0.0	-0.0	-0.0	-0.0	0.0	0.0	0.0	0.0	0.0	0.0	0.0	0.0	0.0	0.0	-0.0	-0.0	-0.0	-0.0	-0.0	-0.0	0.0	0.0	0.0	0.0	0.0	-0.0	0.0	0.0	0.0	0.0	0.0	0.0	0.0	0.0	0.0	0.0	0.0	0.0	0.0	0.0	0.0	0.0	0.0	0.0	0.0	0.0	0.0	0.0	0.0	0.0	0.0	0.0	0.0	0.0	0.0	0.0	0.0	0.0	0.0	0.0	0.0	0.0	0.0	0.0	0.0	0.0	0.0	0.0	0.0	0.0	0.0	0.0
G2-1111	0.08406456998105578	-0.0018228740343080305	0.014708614779873876	0.002011837312007266	-0.0027320348527330486	0.007284028906019139	0.005706867069251576	-0.010373843874882507	0.010946743244863172	0.008681325407322762	0.008126412153479222	0.004812574681285767	0.0061463482958944065	-0.0010214271406758953	0.0033634642436755277	-0.0051539767789032555	0.0037557786253841416	-0.005864816554809284	0.0020863967917576897	0.0009501823206101266	-0.0019687557664297443	0.0045456052407393845	0.001827692137157198	0.0010407592896128205	-0.0020250355029979767	-0.0011530959774453	-0.00036392628337461044	-0.0	0.0	0.0	0.0	0.0	-0.0	0.0	0.0	0.0	0.0	0.0	-0.0	0.0	-0.0	0.0	0.0	-0.0	-0.0	0.0	0.0	0.0	-0.0	0.0	-0.0	0.0	-0.0	0.0	-0.0	-0.0	0.0	-0.0	0.0	-0.0	0.0	0.0	0.0	0.0	0.0	0.0	0.0	0.0	0.0	0.0	0.0	0.0	0.0	0.0	0.0	0.0	0.0	0.0	0.0	0.0	0.0	0.0	0.0	0.0	0.0	0.0	0.0	0.0	0.0	0.0	0.0	0.0	0.0	0.0	0.0	0.0	0.0	0.0	0.0	0.0	0.0	0.0	0.0	0.0	0.0	0.0
G2-1113	0.0841183094608591	0.0021343802492105332	0.014002440898006622	0.002926257355645846	-0.003450008310155875	0.006261289629019785	0.005061796355911768	-0.008390800204895457	0.0102114635878194	0.008633195292567432	0.005769360930084302	-0.0013779724854544304	0.0017176084924432772	-0.0019670400455846213	-0.003221118831931122	0.0038322853490294737	0.00884289431399101	-0.008340431635277454	-0.0032211310513747416	-0.0089400521440278	0.0003788066588636838	-0.006712091050519787	0.001121208878396378	-0.001751880097933027	0.003519391045616438	-0.000529722310607285	-0.0008104634078219572	-0.0	-0.0	-0.0	-0.0	0.0	-0.0	-0.0	-0.0	0.0	0.0	-0.0	-0.0	-0.0	-0.0	0.0	-0.0	-0.0	0.0	0.0	0.0	-0.0	0.0	0.0	-0.0	0.0	-0.0	0.0	0.0	0.0	0.0	-0.0	-0.0	0.0	0.0	0.0	0.0	0.0	0.0	0.0	0.0	0.0	0.0	0.0	0.0	0.0	0.0	0.0	0.0	0.0	0.0	0.0	0.0	0.0	0.0	0.0	0.0	0.0	0.0	0.0	0.0	0.0	0.0	0.0	0.0	0.0	0.0	0.0	0.0	0.0	0.0	0.0	0.0	0.0	0.0	0.0	0.0	0.0	0.0	0.0
G2-194	-0.11282331925730107	0.12987149614627685	-0.03960756657834864	0.04235059380002163	-0.05847113094372162	-0.03966990455475063	-0.09727710269372952	-0.010938002633793244	-0.023155019332861015	0.04165979124905006	0.0555642325032759	-0.013294706712975226	0.028837658790472915	0.02267865662077328	-0.005432708579801002	0.012003291148414162	0.0013409840612389535	-0.02380168126028813	-0.004828958040343055	0.0039797226175284015	0.005025034832548358	-4.935278304053225e-05	-0.0021624400444837937	-0.0017321689878014139	-0.0009917955359440437	0.0006745028273590602	-0.0001929503658997384	0.0	-0.0	-0.0	-0.0	-0.0	-0.0	-0.0	-0.0	0.0	0.0	-0.0	-0.0	0.0	-0.0	-0.0	0.0	-0.0	0.0	0.0	-0.0	-0.0	0.0	-0.0	0.0	-0.0	-0.0	0.0	-0.0	0.0	0.0	-0.0	-0.0	0.0	0.0	0.0	0.0	0.0	0.0	0.0	0.0	0.0	0.0	0.0	0.0	0.0	0.0	0.0	0.0	0.0	0.0	0.0	0.0	0.0	0.0	0.0	0.0	0.0	0.0	0.0	0.0	0.0	0.0	0.0	0.0	0.0	0.0	0.0	0.0	0.0	0.0	0.0	0.0	0.0	0.0	0.0	0.0	0.0	0.0	0.0
G2-197	-0.059304440205299805	0.03565237953601372	-0.0577641630402725	-0.030970555226722388	0.012308172650170259	0.01432773245244064	-0.011193901243179084	0.008138920746796422	0.005151922964663345	0.003679409243524906	0.04075758568189298	-0.001659954175184086	0.01783384188220007	0.0037363205109580077	0.0017781141406489562	-0.017139507213469282	0.02187774383685178	0.006931681379823399	-0.007085411758921575	0.013337920004042686	-0.0007896071217230868	0.0021595192348076624	-0.0007174080745433429	0.0005352016152218082	-0.004156051161427906	0.0022069338086310817	0.0003244187951289951	0.0	-0.0	-0.0	-0.0	-0.0	-0.0	-0.0	-0.0	0.0	0.0	-0.0	-0.0	0.0	-0.0	-0.0	0.0	-0.0	0.0	0.0	-0.0	-0.0	0.0	-0.0	0.0	-0.0	-0.0	0.0	-0.0	0.0	0.0	-0.0	-0.0	0.0	0.0	0.0	0.0	0.0	0.0	0.0	0.0	0.0	0.0	0.0	0.0	0.0	0.0	0.0	0.0	0.0	0.0	0.0	0.0	0.0	0.0	0.0	0.0	0.0	0.0	0.0	0.0	0.0	0.0	0.0	0.0	0.0	0.0	0.0	0.0	0.0	0.0	0.0	0.0	0.0	0.0	0.0	0.0	0.0	0.0	0.0
G2-198	0.07808440114065641	-0.2320930890753813	0.026994537196845646	0.007493254505173922	-0.030564959021146552	-0.0422983757254615	-0.0704929469920132	-0.008650018602010569	-0.019169418284212904	-0.03608833247434488	-0.009551667829296564	-0.025082012488683785	0.013294737938751027	0.0018930536131276877	0.01938410126352704	0.013836952591217522	0.0024473008844424203	0.0025760275761556577	0.004117624443180853	-0.007659270205736196	-0.0012580190203016236	0.0048232115502412345	-0.0018751314924614743	0.002032852559901366	-0.00022717376988560124	0.0003906023759308735	5.297622760298581e-05	0.0	-0.0	-0.0	-0.0	-0.0	-0.0	-0.0	-0.0	0.0	0.0	-0.0	-0.0	0.0	-0.0	-0.0	0.0	-0.0	0.0	0.0	-0.0	-0.0	0.0	-0.0	0.0	-0.0	-0.0	0.0	-0.0	0.0	0.0	-0.0	-0.0	0.0	0.0	0.0	0.0	0.0	0.0	0.0	0.0	0.0	0.0	0.0	0.0	0.0	0.0	0.0	0.0	0.0	0.0	0.0	0.0	0.0	0.0	0.0	0.0	0.0	0.0	0.0	0.0	0.0	0.0	0.0	0.0	0.0	0.0	0.0	0.0	0.0	0.0	0.0	0.0	0.0	0.0	0.0	0.0	0.0	0.0	0.0
G2-199	0.08636967803348487	0.004853833007809576	0.01379809647746733	0.0021827975231880985	-0.005302457160067073	0.011920216420792157	0.004062306790106744	-0.0026295844985471917	0.009040880415911796	0.007283536503061724	0.00519918106041002	-0.007032659649202918	0.00097969836972054	-0.0036594476757778518	-0.007286444892495226	0.006573908225223479	-0.012918663070196573	-0.00118469866525992	0.0031372894213760015	-0.0013674154171726734	-0.004644201505418325	-0.006695670262701075	0.0022154625456613656	-7.195961073030088e-05	-0.001360975562832013	0.002171889468268455	0.000555351207647562	-0.0	0.0	0.0	-0.0	-0.0	-0.0	-0.0	-0.0	-0.0	-0.0	-0.0	0.0	0.0	0.0	0.0	-0.0	0.0	0.0	0.0	-0.0	-0.0	0.0	-0.0	0.0	0.0	-0.0	-0.0	-0.0	0.0	-0.0	-0.0	-0.0	-0.0	0.0	0.0	0.0	0.0	0.0	0.0	0.0	0.0	0.0	0.0	0.0	0.0	0.0	0.0	0.0	0.0	0.0	0.0	0.0	0.0	0.0	0.0	0.0	0.0	0.0	0.0	0.0	0.0	0.0	0.0	0.0	0.0	0.0	0.0	0.0	0.0	0.0	0.0	0.0	0.0	0.0	0.0	0.0	0.0	0.0	0.0
G2-21	-0.10481346542011707	-0.19112320008371386	-0.03518883420631427	0.04570358055002592	0.032969493258830154	0.002787717675041887	-0.004377438128498921	0.012837074651383283	0.0386187653566155	0.030922436321326068	0.03791489561287993	-0.0134967774299832	0.02735291879252519	-0.009980028048020225	0.002975256825208287	-0.005868303103044833	-0.009776872479725607	-0.012896111346057523	0.0009675659233300703	-0.0004880527252349164	0.0031804624888381147	-0.0018174051462284933	-0.0018837185465898328	-0.0019515537650097628	0.0015999227751416223	0.0013826298458327522	-0.0002685724734153517	0.0	-0.0	-0.0	-0.0	-0.0	-0.0	-0.0	-0.0	0.0	0.0	-0.0	-0.0	0.0	-0.0	-0.0	0.0	-0.0	0.0	0.0	-0.0	-0.0	0.0	-0.0	0.0	-0.0	-0.0	0.0	-0.0	0.0	0.0	-0.0	-0.0	0.0	0.0	0.0	0.0	0.0	0.0	0.0	0.0	0.0	0.0	0.0	0.0	0.0	0.0	0.0	0.0	0.0	0.0	0.0	0.0	0.0	0.0	0.0	0.0	0.0	0.0	0.0	0.0	0.0	0.0	0.0	0.0	0.0	0.0	0.0	0.0	0.0	0.0	0.0	0.0	0.0	0.0	0.0	0.0	0.0	0.0	0.0
G2-210	0.08457606138431666	-0.22935908472638813	0.03459856770857213	0.01957470043875643	-0.029207725085592773	-0.03386442862340541	-0.05837011393752544	-0.0067045915546320245	0.011057407545629333	-0.008619618312174475	0.034018386271269095	-0.02998783902996056	0.010358267323417705	0.003990672766149154	-0.003537925349556671	-0.0016773292111965058	0.007845322384486245	0.0017374326792176642	-0.0062087246345938875	0.013565222716058008	0.008491816412919986	-0.0036589491601397408	0.005849677105406321	-0.0037232810206586113	-0.001178794307225053	-0.00018773795343453032	-6.709344722637547e-05	0.0	-0.0	-0.0	-0.0	-0.0	-0.0	-0.0	-0.0	0.0	0.0	-0.0	-0.0	0.0	-0.0	-0.0	0.0	-0.0	0.0	0.0	-0.0	-0.0	0.0	-0.0	0.0	-0.0	-0.0	0.0	-0.0	0.0	0.0	-0.0	-0.0	0.0	0.0	0.0	0.0	0.0	0.0	0.0	0.0	0.0	0.0	0.0	0.0	0.0	0.0	0.0	0.0	0.0	0.0	0.0	0.0	0.0	0.0	0.0	0.0	0.0	0.0	0.0	0.0	0.0	0.0	0.0	0.0	0.0	0.0	0.0	0.0	0.0	0.0	0.0	0.0	0.0	0.0	0.0	0.0	0.0	0.0	0.0
G2-211	-0.16926881604327135	-0.21749627149774603	-0.07966998784914835	0.054850303954206606	0.060462305393207405	-0.014794496039354642	-0.09259576956653072	0.03764871091388216	0.005222225632503268	-0.11792146992636565	0.040080957199958196	0.09784145231895054	-0.08026631774775989	-0.03271590678255375	-0.05686687112175874	-0.01518013332480819	-0.007522512039958496	-0.015912271435622228	0.008545325987599535	0.0015262886992819498	0.0001105790300401751	0.0007555137310112165	0.0018568683767274238	-0.0025770955038705357	0.00027425716632575045	-6.986325569377355e-05	-8.395486439491826e-05	0.0	-0.0	-0.0	-0.0	-0.0	-0.0	-0.0	-0.0	0.0	0.0	-0.0	-0.0	0.0	-0.0	-0.0	0.0	-0.0	0.0	0.0	-0.0	-0.0	0.0	-0.0	0.0	-0.0	-0.0	0.0	-0.0	0.0	0.0	-0.0	-0.0	0.0	0.0	0.0	0.0	0.0	0.0	0.0	0.0	0.0	0.0	0.0	0.0	0.0	0.0	0.0	0.0	0.0	0.0	0.0	0.0	0.0	0.0	0.0	0.0	0.0	0.0	0.0	0.0	0.0	0.0	0.0	0.0	0.0	0.0	0.0	0.0	0.0	0.0	0.0	0.0	0.0	0.0	0.0	0.0	0.0	0.0	0.0
G2-212	-0.10361046904639833	0.09237514243594815	-0.012484772024293309	0.11181395033510888	-0.023961054410267003	-0.03221660971225633	-0.05960303380588983	-0.055537656059085845	-0.013600710294046373	0.0033940094167387745	-0.018014932911840652	0.021074778720289036	0.012543207904540407	0.0501568275112833	0.016515747830066464	0.03930234153216377	-0.014050612237699758	-0.005513909923920478	0.000658625364514155	0.0017155851063471329	0.0028545613609224896	0.003310339314361219	0.004849112354056859	-0.003784910758245904	0.0007877335050672712	-0.00043154350669442475	-0.00017022093275808231	-0.0	0.0	0.0	0.0	0.0	0.0	0.0	0.0	-0.0	-0.0	0.0	0.0	-0.0	0.0	0.0	-0.0	0.0	-0.0	-0.0	0.0	-0.0	-0.0	0.0	-0.0	0.0	-0.0	-0.0	0.0	-0.0	-0.0	0.0	0.0	-0.0	0.0	0.0	0.0	0.0	0.0	0.0	0.0	0.0	0.0	0.0	0.0	0.0	0.0	0.0	0.0	0.0	0.0	0.0	0.0	0.0	0.0	0.0	0.0	0.0	0.0	0.0	0.0	0.0	0.0	0.0	0.0	0.0	0.0	0.0	0.0	0.0	0.0	0.0	0.0	0.0	0.0	0.0	0.0	0.0	0.0	0.0
G2-213	0.08129550831951171	-0.0002916138427901621	0.008633643564296578	-0.008503255205676746	-0.0038441435321673336	0.003329828415369913	-0.007031062293050745	-0.016179343421380228	-0.016347090224509548	-0.01667994677535671	-0.023481678208041184	0.013726842081918392	0.0022837304282033555	-0.004450164336105813	0.018858461967173366	-0.003243994231306193	-0.0009274311971966348	-0.000805099674765681	-0.000996150606420433	0.004262432870583559	0.0053351558297105636	0.0043513642309471025	-0.006218458028907827	-0.0011728049094520709	0.0057143585960885155	0.0009440394008763062	-0.002307719425391266	-0.0	0.0	0.0	-0.0	0.0	-0.0	-0.0	0.0	-0.0	0.0	0.0	0.0	-0.0	-0.0	-0.0	0.0	0.0	0.0	0.0	-0.0	0.0	-0.0	0.0	0.0	-0.0	-0.0	0.0	0.0	0.0	0.0	0.0	0.0	0.0	0.0	0.0	0.0	0.0	0.0	0.0	0.0	0.0	0.0	0.0	0.0	0.0	0.0	0.0	0.0	0.0	0.0	0.0	0.0	0.0	0.0	0.0	0.0	0.0	0.0	0.0	0.0	0.0	0.0	0.0	0.0	0.0	0.0	0.0	0.0	0.0	0.0	0.0	0.0	0.0	0.0	0.0	0.0	0.0	0.0	0.0
G2-214	0.0837438495529588	0.0007615963450049552	0.008199121426075255	-0.008707298355386106	-0.0022966522542292255	0.004047278014069215	-0.0050333969877536435	-0.01765881298818278	-0.015673856127198307	-0.01680986869014159	-0.024150673560241715	0.016162172819413605	0.004275413068175891	-0.005043289122138073	0.0228694785876037	-0.0031014175191394094	-0.0030042858485549995	-0.00887202632633188	-0.0010270415248441734	0.006542996520561137	-0.0007702293115954988	-0.0034634469915368537	0.002874986307938598	-4.454959272971211e-05	-0.0017830570370112315	-0.0012411806963639315	0.0013607327868171925	-0.0	0.0	0.0	-0.0	-0.0	0.0	-0.0	-0.0	0.0	-0.0	-0.0	-0.0	0.0	-0.0	-0.0	0.0	0.0	-0.0	0.0	0.0	0.0	-0.0	-0.0	0.0	0.0	-0.0	-0.0	0.0	-0.0	-0.0	-0.0	0.0	0.0	0.0	0.0	0.0	0.0	0.0	0.0	0.0	0.0	0.0	0.0	0.0	0.0	0.0	0.0	0.0	0.0	0.0	0.0	0.0	0.0	0.0	0.0	0.0	0.0	0.0	0.0	0.0	0.0	0.0	0.0	0.0	0.0	0.0	0.0	0.0	0.0	0.0	0.0	0.0	0.0	0.0	0.0	0.0	0.0	0.0	0.0
G2-215	-0.04237606662550962	0.008725953714938735	-0.031176953984238105	0.01691396963693616	0.029938089770020562	0.01874166223314192	0.0158459828257933	-0.01554259527426351	-0.0022009765567671995	-0.017099099613565837	-0.025410855705319167	0.01810209858281207	0.005020828563595445	-0.002127393260022251	0.027887111871281796	-0.006173382338107303	-0.005060726376401573	-0.012560267189350683	-0.006417547959630016	0.010493907774645646	0.0028153443541535875	-0.0054409618296082565	0.005288496470878855	-0.0011861634804424558	-0.0013161126483565576	-0.001590444882058209	-0.0015380996868827469	0.0	-0.0	-0.0	0.0	0.0	0.0	0.0	0.0	-0.0	0.0	0.0	0.0	0.0	0.0	-0.0	-0.0	-0.0	-0.0	-0.0	0.0	0.0	-0.0	0.0	0.0	0.0	-0.0	0.0	0.0	0.0	0.0	0.0	-0.0	-0.0	0.0	0.0	0.0	0.0	0.0	0.0	0.0	0.0	0.0	0.0	0.0	0.0	0.0	0.0	0.0	0.0	0.0	0.0	0.0	0.0	0.0	0.0	0.0	0.0	0.0	0.0	0.0	0.0	0.0	0.0	0.0	0.0	0.0	0.0	0.0	0.0	0.0	0.0	0.0	0.0	0.0	0.0	0.0	0.0	0.0	0.0
G2-216	-0.04410028204307099	0.007525281814076649	-0.03199779774978769	0.01655455759691046	0.028362048531437794	0.015518487605423832	0.010504556449560836	-0.013448650975797099	-0.00532126141390758	-0.02187910991016822	-0.023023534431914305	0.015254453502704756	0.0010493025765182836	0.006010796910561859	0.020440313702340628	-0.004754549148097099	0.005381315474040617	0.0027543890174877798	-0.005282142577395599	0.018488248993665676	0.001411066130341904	0.003023239447497284	-0.011352855631278585	-0.009108027786725528	0.009615541040383745	0.004381590413202662	0.002613385162274245	0.0	-0.0	-0.0	-0.0	-0.0	-0.0	-0.0	-0.0	0.0	0.0	-0.0	-0.0	0.0	-0.0	-0.0	0.0	-0.0	0.0	0.0	-0.0	-0.0	0.0	-0.0	0.0	-0.0	-0.0	0.0	-0.0	0.0	0.0	-0.0	-0.0	0.0	0.0	0.0	0.0	0.0	0.0	0.0	0.0	0.0	0.0	0.0	0.0	0.0	0.0	0.0	0.0	0.0	0.0	0.0	0.0	0.0	0.0	0.0	0.0	0.0	0.0	0.0	0.0	0.0	0.0	0.0	0.0	0.0	0.0	0.0	0.0	0.0	0.0	0.0	0.0	0.0	0.0	0.0	0.0	0.0	0.0	0.0
G2-217	-0.09395088012465945	0.03455187732779559	0.0853168461504661	-0.03220013062600233	0.11358841871276273	0.049333242401522384	0.03778929010428603	-0.0057420597954476104	-0.08228821208726368	0.02069884684811498	-0.015118575710304066	0.06063007430500606	0.007550258220338023	-0.004354532086978465	0.03715732649296652	0.003013205222607641	-0.004381975599632046	-0.010507093873811496	0.0004124245061184424	0.004535877506426418	-0.00998946728151785	-0.018752731279254715	-0.014157623040009748	0.009158154602293862	-0.00012950156378971044	-0.0009462615517414435	0.0003238848115514253	0.0	-0.0	-0.0	-0.0	-0.0	-0.0	-0.0	-0.0	0.0	0.0	-0.0	-0.0	0.0	-0.0	-0.0	0.0	-0.0	0.0	0.0	-0.0	-0.0	0.0	-0.0	0.0	-0.0	-0.0	0.0	-0.0	0.0	0.0	-0.0	-0.0	0.0	0.0	0.0	0.0	0.0	0.0	0.0	0.0	0.0	0.0	0.0	0.0	0.0	0.0	0.0	0.0	0.0	0.0	0.0	0.0	0.0	0.0	0.0	0.0	0.0	0.0	0.0	0.0	0.0	0.0	0.0	0.0	0.0	0.0	0.0	0.0	0.0	0.0	0.0	0.0	0.0	0.0	0.0	0.0	0.0	0.0	0.0
G2-218	0.08418564956706995	0.0013482271308942499	0.013145853915479767	-0.0007307172181147701	-0.0011302551771432221	0.00915763076605904	-0.0022487474288221316	-0.014212564432928808	-0.004243992268315244	-0.0020354725438228856	0.003859846948608901	0.010920311419873428	0.000627511879221029	-0.002492283455318372	0.011003659697042702	-0.008964577084746428	0.009701218238631914	0.0002119347261214886	-0.014037310252348419	0.02252404695736296	0.018670811101892188	-0.0055815342596126525	-0.004074151099642051	-0.002161635967817248	0.0005951556139194105	0.00588691509753306	-0.0019196868680295275	0.0	-0.0	-0.0	-0.0	-0.0	-0.0	-0.0	-0.0	0.0	0.0	-0.0	-0.0	0.0	-0.0	-0.0	0.0	-0.0	0.0	0.0	-0.0	-0.0	0.0	-0.0	0.0	-0.0	-0.0	0.0	-0.0	0.0	0.0	-0.0	-0.0	0.0	0.0	0.0	0.0	0.0	0.0	0.0	0.0	0.0	0.0	0.0	0.0	0.0	0.0	0.0	0.0	0.0	0.0	0.0	0.0	0.0	0.0	0.0	0.0	0.0	0.0	0.0	0.0	0.0	0.0	0.0	0.0	0.0	0.0	0.0	0.0	0.0	0.0	0.0	0.0	0.0	0.0	0.0	0.0	0.0	0.0	0.0
G2-219	-0.03806291408506834	0.008863081785494985	-0.02351317001009258	0.02643161773306209	0.026486847642776798	0.02705272164636982	0.02461517790917476	-0.003288288931629387	0.022470695997626033	0.008647437420997528	0.010789685339773505	-0.004256024156932668	0.000883915033475175	0.00043868271114113873	-0.006769475175245609	-0.001851597475019248	-0.018682536204081866	0.010406557565473694	0.006365753642090771	0.00799458216269558	-0.0015756733231031843	0.004408626714287505	-0.0071908447301846715	-0.002893493823395587	0.0006149368552566871	-0.008311137412296844	0.0013019549440640387	-0.0	0.0	0.0	0.0	0.0	0.0	0.0	0.0	-0.0	-0.0	0.0	0.0	-0.0	0.0	0.0	-0.0	0.0	-0.0	-0.0	0.0	-0.0	-0.0	0.0	-0.0	0.0	-0.0	-0.0	0.0	-0.0	-0.0	0.0	0.0	-0.0	0.0	0.0	0.0	0.0	0.0	0.0	0.0	0.0	0.0	0.0	0.0	0.0	0.0	0.0	0.0	0.0	0.0	0.0	0.0	0.0	0.0	0.0	0.0	0.0	0.0	0.0	0.0	0.0	0.0	0.0	0.0	0.0	0.0	0.0	0.0	0.0	0.0	0.0	0.0	0.0	0.0	0.0	0.0	0.0	0.0	0.0
G2-22	0.017716075164354642	-0.2307203176252271	0.2610993461983627	-0.02258988128443203	0.03855828536848235	-0.009156073977657454	-0.030958318855752624	0.014043289603960889	-0.081421604262637	0.08032763132552512	0.06683907262676535	0.029815696881254072	0.004193293262963181	-0.030269464749412195	-0.018192938309276593	0.009369271235397096	0.005601180534633616	0.002274814170241146	0.0021125599789002464	-0.008276072811870362	-0.003807387806729104	-0.003278521188448456	-0.00841438926929164	0.006879212699383162	-0.0005787047249302886	5.470161343471878e-05	0.00018935446457032178	0.0	-0.0	-0.0	-0.0	-0.0	-0.0	-0.0	-0.0	0.0	0.0	-0.0	-0.0	0.0	-0.0	-0.0	0.0	-0.0	0.0	0.0	-0.0	-0.0	0.0	-0.0	0.0	-0.0	-0.0	0.0	-0.0	0.0	0.0	-0.0	-0.0	0.0	0.0	0.0	0.0	0.0	0.0	0.0	0.0	0.0	0.0	0.0	0.0	0.0	0.0	0.0	0.0	0.0	0.0	0.0	0.0	0.0	0.0	0.0	0.0	0.0	0.0	0.0	0.0	0.0	0.0	0.0	0.0	0.0	0.0	0.0	0.0	0.0	0.0	0.0	0.0	0.0	0.0	0.0	0.0	0.0	0.0	0.0
G2-220	-0.038246602110871386	0.008121517061375337	-0.02248017416511572	0.02625369041062414	0.025624211302821675	0.026145421741469076	0.024022065840349167	-0.00195443184339441	0.021957381870635496	0.007707857509972716	0.009535820661870954	-0.002621302921225304	0.003326956089947977	0.0015120398763184624	-0.007967836904584552	-0.001816329636306043	-0.014501902148543017	0.007898584703195086	0.007113000703166755	0.007403977611598278	-0.007317285449710389	0.003904677290213689	-0.0031378351797730643	0.0006540712366350269	0.0007165337537695177	0.009691476700975568	-0.004079895423959403	0.0	-0.0	-0.0	-0.0	-0.0	-0.0	-0.0	-0.0	0.0	0.0	-0.0	-0.0	0.0	-0.0	-0.0	0.0	-0.0	0.0	0.0	-0.0	-0.0	0.0	-0.0	0.0	-0.0	-0.0	0.0	-0.0	0.0	0.0	-0.0	-0.0	0.0	0.0	0.0	0.0	0.0	0.0	0.0	0.0	0.0	0.0	0.0	0.0	0.0	0.0	0.0	0.0	0.0	0.0	0.0	0.0	0.0	0.0	0.0	0.0	0.0	0.0	0.0	0.0	0.0	0.0	0.0	0.0	0.0	0.0	0.0	0.0	0.0	0.0	0.0	0.0	0.0	0.0	0.0	0.0	0.0	0.0	0.0
G2-221	0.1206332044897131	0.06731931213512862	0.10214367610788545	0.09049260146978258	-0.0745366248454724	0.17218937792704728	0.0007098923489735465	0.12884026897851047	-0.0033943838959842564	-0.045682967847278946	-0.028008941523903284	-0.01162495151151773	-0.01433353969919146	-0.03200246458562099	0.011287131219984179	-0.01758649615392341	0.014946449653420256	0.005891055538362031	-0.0010412161734856097	0.001181993056044184	0.0012208924218396592	-0.00047014417924798026	0.0015194929350438046	-0.0011249595487207056	-1.8370795080295867e-05	3.7387709147608047e-05	5.514999411814921e-06	0.0	-0.0	-0.0	-0.0	-0.0	-0.0	-0.0	-0.0	0.0	0.0	-0.0	-0.0	0.0	-0.0	-0.0	0.0	-0.0	0.0	0.0	-0.0	-0.0	0.0	-0.0	0.0	-0.0	-0.0	0.0	-0.0	0.0	0.0	-0.0	-0.0	0.0	0.0	0.0	0.0	0.0	0.0	0.0	0.0	0.0	0.0	0.0	0.0	0.0	0.0	0.0	0.0	0.0	0.0	0.0	0.0	0.0	0.0	0.0	0.0	0.0	0.0	0.0	0.0	0.0	0.0	0.0	0.0	0.0	0.0	0.0	0.0	0.0	0.0	0.0	0.0	0.0	0.0	0.0	0.0	0.0	0.0	0.0
G2-222	0.08529437071870315	0.004512760805575861	0.01397348805899933	0.0026215654931938293	-0.0066694496357482405	0.011884084148118493	0.0026749556691592143	-0.00334229129087349	0.00905581448433846	0.008042214532224744	0.00721095002435224	-0.011563439389747916	-0.004192057524439893	-0.004767812398731679	-0.010339908227941692	0.006491665511149633	-0.013932999895472187	0.007223857680020489	0.003242507035370575	-0.00499111461269414	0.004535634308853747	-0.0006234875456896321	-0.00753152235252824	-0.005551491949380234	0.008930781428397878	-0.006947635795907165	-0.0015099694010213438	-0.0	0.0	0.0	0.0	0.0	0.0	0.0	0.0	-0.0	-0.0	0.0	0.0	-0.0	0.0	0.0	-0.0	0.0	-0.0	-0.0	0.0	-0.0	-0.0	0.0	-0.0	0.0	-0.0	-0.0	0.0	-0.0	-0.0	0.0	0.0	-0.0	0.0	0.0	0.0	0.0	0.0	0.0	0.0	0.0	0.0	0.0	0.0	0.0	0.0	0.0	0.0	0.0	0.0	0.0	0.0	0.0	0.0	0.0	0.0	0.0	0.0	0.0	0.0	0.0	0.0	0.0	0.0	0.0	0.0	0.0	0.0	0.0	0.0	0.0	0.0	0.0	0.0	0.0	0.0	0.0	0.0	0.0
G2-223	0.08529100225248266	0.0005656530697839326	0.01469653497980873	0.0016898941672838306	-0.00596435350076222	0.013018345216292627	0.003270992544473123	-0.0053739699361489476	0.009740313869675587	0.00807995426380342	0.009563372721573066	-0.0053536243957071255	0.0002608017323344895	-0.003842531852195619	-0.0035674859605203005	-0.0026515684819916315	-0.019259094613932787	0.009577622734301173	0.008537277546563811	0.005991849361387835	0.0022991354990392317	0.010731364360910024	-0.006580969464006855	-0.0027591644836545727	0.0018591590401840423	-0.008863258950415814	0.000912435456664896	0.0	-0.0	-0.0	-0.0	-0.0	-0.0	-0.0	-0.0	0.0	0.0	-0.0	-0.0	0.0	-0.0	-0.0	0.0	-0.0	0.0	0.0	-0.0	-0.0	0.0	-0.0	0.0	-0.0	-0.0	0.0	-0.0	0.0	0.0	-0.0	-0.0	0.0	0.0	0.0	0.0	0.0	0.0	0.0	0.0	0.0	0.0	0.0	0.0	0.0	0.0	0.0	0.0	0.0	0.0	0.0	0.0	0.0	0.0	0.0	0.0	0.0	0.0	0.0	0.0	0.0	0.0	0.0	0.0	0.0	0.0	0.0	0.0	0.0	0.0	0.0	0.0	0.0	0.0	0.0	0.0	0.0	0.0	0.0
G2-224	0.08397635680346896	-0.00016175808675542285	0.014927305094421169	0.0014006437759115566	-0.006183035313071876	0.012284634675644463	0.002613373141014159	-0.0032388578371580013	0.009087000268194177	0.007409243991229855	0.008113898481998038	-0.0032980958902631163	0.0035652251620863044	-0.0021614419188442546	-0.0046363495072353385	-0.0024091753616024203	-0.015585216239302922	0.008411430952744013	0.008585146533823898	0.005295593996556293	-0.001927921528871001	0.011816945033901877	-0.004383906541096649	0.0015802085617555464	-0.0004337083487579635	0.007665273510808342	-0.00378026381297892	0.0	-0.0	-0.0	-0.0	-0.0	-0.0	-0.0	-0.0	0.0	0.0	-0.0	-0.0	0.0	-0.0	-0.0	0.0	-0.0	0.0	0.0	-0.0	-0.0	0.0	-0.0	0.0	-0.0	-0.0	0.0	-0.0	0.0	0.0	-0.0	-0.0	0.0	0.0	0.0	0.0	0.0	0.0	0.0	0.0	0.0	0.0	0.0	0.0	0.0	0.0	0.0	0.0	0.0	0.0	0.0	0.0	0.0	0.0	0.0	0.0	0.0	0.0	0.0	0.0	0.0	0.0	0.0	0.0	0.0	0.0	0.0	0.0	0.0	0.0	0.0	0.0	0.0	0.0	0.0	0.0	0.0	0.0	0.0
G2-23	0.05278004941152897	-0.25366719575561225	0.048913336776433225	-0.03843202843658697	-0.13029704503210532	-0.02830681003787944	-0.022052985439744894	-0.010636498210346347	0.057011892355537275	0.051764086845139626	-0.06749118647944864	0.028631199155190246	-0.02945442002733488	-0.002026496916510461	-0.006603533230920576	0.004780563155335456	-0.004249905871113297	-0.0032906109252399296	-0.002187479788726203	-0.0005394574813848028	8.11129320670031e-06	0.0038465211303323017	0.0011021987298001528	-0.0007615030310313415	0.00037322657592328687	4.731448381243046e-05	-5.7572865678680565e-05	0.0	-0.0	-0.0	-0.0	-0.0	-0.0	-0.0	-0.0	0.0	0.0	-0.0	-0.0	0.0	-0.0	-0.0	0.0	-0.0	0.0	0.0	-0.0	-0.0	0.0	-0.0	0.0	-0.0	-0.0	0.0	-0.0	0.0	0.0	-0.0	-0.0	0.0	0.0	0.0	0.0	0.0	0.0	0.0	0.0	0.0	0.0	0.0	0.0	0.0	0.0	0.0	0.0	0.0	0.0	0.0	0.0	0.0	0.0	0.0	0.0	0.0	0.0	0.0	0.0	0.0	0.0	0.0	0.0	0.0	0.0	0.0	0.0	0.0	0.0	0.0	0.0	0.0	0.0	0.0	0.0	0.0	0.0	0.0
G2-24	-0.1539574532520399	-0.21084924701687902	-0.04728189569420713	-0.010718025302863022	-0.04129720366256615	0.0022718212396522	0.007292645128317292	0.01272409098232229	0.056368576533032844	0.06781529652258655	-0.05805159959883848	0.03576903507848454	-0.01774867175615328	0.013516126786571617	0.00617088073010876	0.006056113542587643	-0.0008583490623637283	0.009258882769181359	-0.011673150696268913	9.883870759949503e-05	-0.004775359420384836	-0.0013297944052159305	-0.003995166414878652	0.003918679268136672	0.00018550725663501788	-0.00014594945536251333	0.00010699014270513704	0.0	-0.0	-0.0	-0.0	-0.0	-0.0	-0.0	-0.0	0.0	0.0	-0.0	-0.0	0.0	-0.0	-0.0	0.0	-0.0	0.0	0.0	-0.0	-0.0	0.0	-0.0	0.0	-0.0	-0.0	0.0	-0.0	0.0	0.0	-0.0	-0.0	0.0	0.0	0.0	0.0	0.0	0.0	0.0	0.0	0.0	0.0	0.0	0.0	0.0	0.0	0.0	0.0	0.0	0.0	0.0	0.0	0.0	0.0	0.0	0.0	0.0	0.0	0.0	0.0	0.0	0.0	0.0	0.0	0.0	0.0	0.0	0.0	0.0	0.0	0.0	0.0	0.0	0.0	0.0	0.0	0.0	0.0	0.0
G2-25	-0.1501045867750817	0.08474227965756267	0.16274336590617172	-0.07128828924511099	0.1024737831572369	0.06300620675338607	0.07767957294428615	-0.04688014811267904	0.10767110739083496	-0.0824115756714857	0.02761838544292597	-0.03394215702913474	-0.0013310048175592996	0.0005022746514833353	-0.021480126490051942	0.06085192447258788	0.00797511606448174	-0.016342979350109182	-0.012001762171188125	0.001339678543368262	0.00033261517512314464	0.007038298532497234	-0.007732167812430302	0.004762637114919014	-0.001000488853095318	0.0003437320870985864	-7.404558720978306e-05	0.0	-0.0	-0.0	-0.0	-0.0	-0.0	-0.0	-0.0	0.0	0.0	-0.0	-0.0	0.0	-0.0	-0.0	0.0	-0.0	0.0	0.0	-0.0	-0.0	0.0	-0.0	0.0	-0.0	-0.0	0.0	-0.0	0.0	0.0	-0.0	-0.0	0.0	0.0	0.0	0.0	0.0	0.0	0.0	0.0	0.0	0.0	0.0	0.0	0.0	0.0	0.0	0.0	0.0	0.0	0.0	0.0	0.0	0.0	0.0	0.0	0.0	0.0	0.0	0.0	0.0	0.0	0.0	0.0	0.0	0.0	0.0	0.0	0.0	0.0	0.0	0.0	0.0	0.0	0.0	0.0	0.0	0.0	0.0
G2-26	-0.08621259165787501	0.04229374677282393	-0.07751471006842914	-0.08215045665090322	-0.04817374869551166	0.03585788274447065	0.03174994449631358	0.015376324844232434	0.053207584020622964	0.07116834035623	-0.001191154677298507	0.041634292850638265	-0.0006505072624241769	0.0038212910890924132	-0.006118526175163962	-0.011733201814703675	0.013046647785348805	-0.005427902263912956	0.044068726140947284	0.0012519344918649968	0.014453385448674196	-0.0015545659466589163	-0.003393177663876653	0.002979480573494174	-0.0003979699846692583	0.0001985970127580552	6.311808331544167e-06	0.0	-0.0	-0.0	-0.0	-0.0	-0.0	-0.0	-0.0	0.0	0.0	-0.0	-0.0	0.0	-0.0	-0.0	0.0	-0.0	0.0	0.0	-0.0	-0.0	0.0	-0.0	0.0	-0.0	-0.0	0.0	-0.0	0.0	0.0	-0.0	-0.0	0.0	0.0	0.0	0.0	0.0	0.0	0.0	0.0	0.0	0.0	0.0	0.0	0.0	0.0	0.0	0.0	0.0	0.0	0.0	0.0	0.0	0.0	0.0	0.0	0.0	0.0	0.0	0.0	0.0	0.0	0.0	0.0	0.0	0.0	0.0	0.0	0.0	0.0	0.0	0.0	0.0	0.0	0.0	0.0	0.0	0.0	0.0
G2-27	-0.11614115647200594	-0.18976279223655312	-0.05528692487098169	0.026585276446474636	0.03521870008370732	-0.01383059077760557	-0.03632951820501034	0.008359607120830932	-0.01820654204001492	-0.01101927633797572	-0.009428573762603918	-0.01300603923423812	0.012947909354505094	0.017216048296721947	0.020613611740190708	0.016845512680371214	0.012021992666478881	0.014634686570630698	-0.006431571201149546	-0.000587794173976945	-0.0018765840623414499	0.0011445211193269174	-0.0054684122043282685	0.006617647335139438	-0.003470211617792268	-0.0001043659776049382	0.0003629842539577635	0.0	-0.0	-0.0	-0.0	-0.0	-0.0	-0.0	-0.0	0.0	0.0	-0.0	-0.0	0.0	-0.0	-0.0	0.0	-0.0	0.0	0.0	-0.0	-0.0	0.0	-0.0	0.0	-0.0	-0.0	0.0	-0.0	0.0	0.0	-0.0	-0.0	0.0	0.0	0.0	0.0	0.0	0.0	0.0	0.0	0.0	0.0	0.0	0.0	0.0	0.0	0.0	0.0	0.0	0.0	0.0	0.0	0.0	0.0	0.0	0.0	0.0	0.0	0.0	0.0	0.0	0.0	0.0	0.0	0.0	0.0	0.0	0.0	0.0	0.0	0.0	0.0	0.0	0.0	0.0	0.0	0.0	0.0	0.0
G2-28	-0.10821527460273965	-0.187583836525296	-0.04724790483900989	0.037546927328383335	0.03620980916440011	-0.006069773653925458	-0.025347701433566353	0.01046006265065775	0.00956689316930498	0.013788189442212485	0.03184614824693296	-0.017881027569093783	0.011033404722287808	0.01925614908038346	-0.0017144621652217637	0.0020093664096525713	0.01693121682123422	0.015176886389267619	-0.013670588892874211	0.01715668487203102	0.004995857367601141	-0.007478273508910306	0.0013907800819380279	0.0036537132276628793	-0.002055104712384443	-6.171513011790887e-05	0.00026714073028864224	-0.0	0.0	0.0	0.0	0.0	0.0	0.0	0.0	-0.0	-0.0	0.0	0.0	-0.0	0.0	0.0	-0.0	0.0	-0.0	-0.0	0.0	-0.0	-0.0	0.0	-0.0	0.0	-0.0	-0.0	0.0	-0.0	-0.0	0.0	0.0	-0.0	0.0	0.0	0.0	0.0	0.0	0.0	0.0	0.0	0.0	0.0	0.0	0.0	0.0	0.0	0.0	0.0	0.0	0.0	0.0	0.0	0.0	0.0	0.0	0.0	0.0	0.0	0.0	0.0	0.0	0.0	0.0	0.0	0.0	0.0	0.0	0.0	0.0	0.0	0.0	0.0	0.0	0.0	0.0	0.0	0.0	0.0
G2-29	0.12645986784620164	0.021033402432628263	0.011961144283352397	-0.009725375219786385	-0.009460802319374953	0.013273954081341965	0.005444383064039155	-0.06237344307802553	-0.00433784177931027	-0.044193862590505964	0.028053915032340424	0.010911447587203107	0.003591582223477082	0.10085214371203172	-0.030724953790579115	-0.0852303052357632	-0.013976625607223698	0.003068331872401304	-0.0076350684291245025	-0.01837063492023873	-0.004152451354334632	-0.006535069880869254	-0.007200071902854704	0.006434167075638	0.0013435992631763965	0.00020582444603367428	0.00013810284572140797	0.0	-0.0	-0.0	-0.0	-0.0	-0.0	-0.0	-0.0	0.0	0.0	-0.0	-0.0	0.0	-0.0	-0.0	0.0	-0.0	0.0	0.0	-0.0	-0.0	0.0	-0.0	0.0	-0.0	-0.0	0.0	-0.0	0.0	0.0	-0.0	-0.0	0.0	0.0	0.0	0.0	0.0	0.0	0.0	0.0	0.0	0.0	0.0	0.0	0.0	0.0	0.0	0.0	0.0	0.0	0.0	0.0	0.0	0.0	0.0	0.0	0.0	0.0	0.0	0.0	0.0	0.0	0.0	0.0	0.0	0.0	0.0	0.0	0.0	0.0	0.0	0.0	0.0	0.0	0.0	0.0	0.0	0.0	0.0
G2-313	0.08411830946085909	0.002134380249210503	0.01400244089800665	0.00292625735564584	-0.003450008310155843	0.006261289629019761	0.00506179635591175	-0.008390800204895505	0.010211463587819474	0.008633195292567408	0.005769360930084352	-0.0013779724854543999	0.0017176084924432208	-0.0019670400455845897	-0.003221118831931231	0.003832285349029702	0.008842894313991016	-0.008340431635277501	-0.0032211310513749107	-0.00894005214402774	0.000378806658863693	-0.006712091050519641	0.0011212088783959773	-0.0017518800979327127	0.003519391045616525	-0.0005297223106073911	-0.0008104634078219269	0.0	0.0	0.0	0.0	-0.0	0.0	-0.0	-0.0	0.0	0.0	-0.0	0.0	0.0	0.0	0.0	-0.0	-0.0	-0.0	-0.0	-0.0	-0.0	-0.0	-0.0	0.0	-0.0	-0.0	0.0	0.0	0.0	-0.0	0.0	-0.0	-0.0	0.0	0.0	0.0	0.0	0.0	0.0	0.0	0.0	0.0	0.0	0.0	0.0	0.0	0.0	0.0	0.0	0.0	0.0	0.0	0.0	0.0	0.0	0.0	0.0	0.0	0.0	0.0	0.0	0.0	0.0	0.0	0.0	0.0	0.0	0.0	0.0	0.0	0.0	0.0	0.0	0.0	0.0	0.0	0.0	0.0	0.0
G2-314	0.08636967803348486	0.004853833007809561	0.013798096477467367	0.0021827975231880925	-0.005302457160067053	0.011920216420792122	0.004062306790106746	-0.0026295844985472472	0.009040880415911856	0.007283536503061714	0.00519918106041005	-0.007032659649202891	0.0009796983697205022	-0.0036594476757778314	-0.007286444892495328	0.006573908225223695	-0.0129186630701965	-0.001184698665259999	0.003137289421375837	-0.001367415417172688	-0.004644201505418399	-0.006695670262701005	0.002215462545661181	-7.195961072995896e-05	-0.0013609755628319975	0.002171889468268537	0.0005553512076475668	-0.0	-0.0	0.0	0.0	0.0	0.0	0.0	-0.0	-0.0	-0.0	0.0	0.0	-0.0	0.0	-0.0	-0.0	-0.0	-0.0	0.0	0.0	-0.0	0.0	0.0	-0.0	0.0	-0.0	0.0	0.0	0.0	-0.0	0.0	-0.0	0.0	0.0	0.0	0.0	0.0	0.0	0.0	0.0	0.0	0.0	0.0	0.0	0.0	0.0	0.0	0.0	0.0	0.0	0.0	0.0	0.0	0.0	0.0	0.0	0.0	0.0	0.0	0.0	0.0	0.0	0.0	0.0	0.0	0.0	0.0	0.0	0.0	0.0	0.0	0.0	0.0	0.0	0.0	0.0	0.0	0.0	0.0
G2-315	-0.03745552594279169	0.010096860042789032	-0.02303242702081198	0.027499987814037317	0.02811374754925141	0.019982429026315522	0.02714895193291879	-0.006214916943677226	0.024094625982806234	0.009162680112967312	0.00804894108030454	-0.0005384789805613088	0.0033969583584815156	-0.0005527092809695134	-0.005464475431189812	0.0022930870405743634	0.005385771916949581	-0.01310814510380124	-0.0019927481137222746	-0.010852363705862685	-0.008368312705261546	-0.01154642235505823	0.007536295157836227	-0.0012173959072385254	0.0008510474985840865	0.0035081181207005795	0.0010254760246611737	-0.0	0.0	0.0	0.0	0.0	0.0	0.0	0.0	-0.0	-0.0	0.0	0.0	-0.0	0.0	0.0	-0.0	0.0	-0.0	-0.0	0.0	-0.0	-0.0	0.0	-0.0	0.0	-0.0	-0.0	0.0	-0.0	-0.0	0.0	0.0	-0.0	0.0	0.0	0.0	0.0	0.0	0.0	0.0	0.0	0.0	0.0	0.0	0.0	0.0	0.0	0.0	0.0	0.0	0.0	0.0	0.0	0.0	0.0	0.0	0.0	0.0	0.0	0.0	0.0	0.0	0.0	0.0	0.0	0.0	0.0	0.0	0.0	0.0	0.0	0.0	0.0	0.0	0.0	0.0	0.0	0.0	0.0
G2-316	0.08636967803348485	0.004853833007809553	0.013798096477467348	0.002182797523188074	-0.005302457160067051	0.011920216420792135	0.0040623067901067325	-0.002629584498547237	0.009040880415911844	0.00728353650306171	0.0051991810604100405	-0.0070326596492029	0.0009796983697205014	-0.00365944767577782	-0.007286444892495308	0.00657390822522368	-0.01291866307019653	-0.0011846986652599798	0.003137289421375842	-0.0013674154171726622	-0.004644201505418402	-0.006695670262700882	0.0022154625456610984	-7.195961072990593e-05	-0.0013609755628321148	0.0021718894682684954	0.0005553512076477135	0.0	-0.0	-0.0	0.0	-0.0	0.0	-0.0	-0.0	-0.0	0.0	0.0	0.0	-0.0	0.0	-0.0	0.0	0.0	0.0	0.0	-0.0	0.0	-0.0	0.0	0.0	-0.0	-0.0	0.0	-0.0	-0.0	0.0	-0.0	-0.0	-0.0	0.0	0.0	0.0	0.0	0.0	0.0	0.0	0.0	0.0	0.0	0.0	0.0	0.0	0.0	0.0	0.0	0.0	0.0	0.0	0.0	0.0	0.0	0.0	0.0	0.0	0.0	0.0	0.0	0.0	0.0	0.0	0.0	0.0	0.0	0.0	0.0	0.0	0.0	0.0	0.0	0.0	0.0	0.0	0.0	0.0	0.0
G2-317	0.08411830946085908	0.002134380249210515	0.01400244089800663	0.0029262573556458355	-0.003450008310155846	0.006261289629019765	0.005061796355911763	-0.008390800204895512	0.01021146358781946	0.008633195292567413	0.005769360930084315	-0.0013779724854543957	0.0017176084924432511	-0.001967040045584582	-0.003221118831931199	0.0038322853490297074	0.00884289431399101	-0.00834043163527752	-0.0032211310513749064	-0.008940052144027752	0.0003788066588637072	-0.006712091050519639	0.0011212088783959194	-0.0017518800979327274	0.003519391045616407	-0.0005297223106073118	-0.0008104634078217857	0.0	0.0	-0.0	0.0	-0.0	0.0	-0.0	0.0	-0.0	-0.0	-0.0	-0.0	-0.0	-0.0	-0.0	-0.0	0.0	0.0	-0.0	0.0	-0.0	0.0	0.0	-0.0	0.0	-0.0	-0.0	0.0	-0.0	-0.0	-0.0	0.0	0.0	0.0	0.0	0.0	0.0	0.0	0.0	0.0	0.0	0.0	0.0	0.0	0.0	0.0	0.0	0.0	0.0	0.0	0.0	0.0	0.0	0.0	0.0	0.0	0.0	0.0	0.0	0.0	0.0	0.0	0.0	0.0	0.0	0.0	0.0	0.0	0.0	0.0	0.0	0.0	0.0	0.0	0.0	0.0	0.0	0.0	0.0
G2-318	0.08411830946085908	0.002134380249210515	0.01400244089800663	0.002926257355645839	-0.003450008310155846	0.006261289629019765	0.005061796355911757	-0.00839080020489551	0.010211463587819452	0.008633195292567413	0.005769360930084324	-0.0013779724854543836	0.0017176084924432511	-0.0019670400455845866	-0.003221118831931186	0.0038322853490297326	0.008842894313991021	-0.008340431635277522	-0.0032211310513749146	-0.008940052144027719	0.00037880665886369963	-0.006712091050519647	0.001121208878395943	-0.0017518800979326814	0.003519391045616428	-0.0005297223106073714	-0.000810463407821722	0.0	-0.0	0.0	-0.0	0.0	0.0	0.0	-0.0	-0.0	-0.0	0.0	0.0	0.0	0.0	-0.0	0.0	-0.0	0.0	-0.0	0.0	-0.0	0.0	-0.0	0.0	-0.0	-0.0	-0.0	-0.0	0.0	-0.0	-0.0	0.0	0.0	0.0	0.0	0.0	0.0	0.0	0.0	0.0	0.0	0.0	0.0	0.0	0.0	0.0	0.0	0.0	0.0	0.0	0.0	0.0	0.0	0.0	0.0	0.0	0.0	0.0	0.0	0.0	0.0	0.0	0.0	0.0	0.0	0.0	0.0	0.0	0.0	0.0	0.0	0.0	0.0	0.0	0.0	0.0	0.0	0.0	0.0
G2-319	0.08406456998105577	-0.0018228740343080366	0.014708614779873896	0.0020118373120072424	-0.0027320348527330148	0.007284028906019088	0.005706867069251602	-0.010373843874882554	0.01094674324486321	0.008681325407322728	0.008126412153479248	0.004812574681285748	0.006146348295894388	-0.001021427140675885	0.0033634642436754262	-0.005153976778903044	0.003755778625384233	-0.005864816554809335	0.002086396791757511	0.0009501823206100214	-0.001968755766429799	0.004545605240739591	0.0018276921371571662	0.0010407592896130784	-0.0020250355029984386	-0.0011530959774454686	-0.00036392628337360245	-0.0	-0.0	-0.0	0.0	-0.0	0.0	0.0	-0.0	-0.0	0.0	-0.0	0.0	-0.0	0.0	-0.0	0.0	0.0	-0.0	0.0	0.0	-0.0	0.0	0.0	0.0	-0.0	-0.0	0.0	-0.0	0.0	-0.0	-0.0	-0.0	-0.0	0.0	0.0	0.0	0.0	0.0	0.0	0.0	0.0	0.0	0.0	0.0	0.0	0.0	0.0	0.0	0.0	0.0	0.0	0.0	0.0	0.0	0.0	0.0	0.0	0.0	0.0	0.0	0.0	0.0	0.0	0.0	0.0	0.0	0.0	0.0	0.0	0.0	0.0	0.0	0.0	0.0	0.0	0.0	0.0	0.0	0.0
G2-320	-0.037848787466109056	0.006620482915684234	-0.022571715816089168	0.026407020683113572	0.02837791369046885	0.02106270277681311	0.026942510682381134	-0.00910945532484404	0.02442470980956939	0.009342308156962863	0.010207523465530183	0.005662658450852653	0.0079337877004705	0.0011661560920808985	0.001706816033782817	-0.007680441758597964	0.004442924392323114	-0.013683892295956528	0.0025131644647928483	-0.0010066275243742788	-0.008912124891524065	0.003628139165703866	0.0037060700349294496	0.0002889007272721653	-0.002702742975054896	-0.0011165907266643355	0.0008577629792078056	-0.0	-0.0	0.0	-0.0	0.0	0.0	-0.0	0.0	-0.0	0.0	0.0	-0.0	0.0	0.0	-0.0	-0.0	0.0	0.0	-0.0	-0.0	-0.0	-0.0	-0.0	0.0	-0.0	-0.0	0.0	-0.0	0.0	-0.0	-0.0	0.0	-0.0	0.0	0.0	0.0	0.0	0.0	0.0	0.0	0.0	0.0	0.0	0.0	0.0	0.0	0.0	0.0	0.0	0.0	0.0	0.0	0.0	0.0	0.0	0.0	0.0	0.0	0.0	0.0	0.0	0.0	0.0	0.0	0.0	0.0	0.0	0.0	0.0	0.0	0.0	0.0	0.0	0.0	0.0	0.0	0.0	0.0	0.0
G2-321	0.08406456998105577	-0.0018228740343080366	0.0147086147798739	0.002011837312007244	-0.00273203485273302	0.007284028906019088	0.005706867069251599	-0.010373843874882552	0.010946743244863215	0.008681325407322719	0.008126412153479244	0.004812574681285745	0.006146348295894386	-0.001021427140675894	0.00336346424367543	-0.005153976778903058	0.0037557786253842144	-0.00586481655480928	0.002086396791757514	0.0009501823206100263	-0.0019687557664297716	0.004545605240739639	0.0018276921371571835	0.0010407592896131328	-0.002025035502998368	-0.001153095977445526	-0.0003639262833737452	-0.0	-0.0	0.0	-0.0	-0.0	-0.0	0.0	0.0	0.0	0.0	0.0	0.0	-0.0	0.0	-0.0	-0.0	-0.0	-0.0	-0.0	0.0	-0.0	0.0	-0.0	0.0	-0.0	-0.0	-0.0	0.0	0.0	0.0	-0.0	0.0	0.0	0.0	0.0	0.0	0.0	0.0	0.0	0.0	0.0	0.0	0.0	0.0	0.0	0.0	0.0	0.0	0.0	0.0	0.0	0.0	0.0	0.0	0.0	0.0	0.0	0.0	0.0	0.0	0.0	0.0	0.0	0.0	0.0	0.0	0.0	0.0	0.0	0.0	0.0	0.0	0.0	0.0	0.0	0.0	0.0	0.0	0.0
G2-322	0.08406456998105577	-0.0018228740343080366	0.014708614779873902	0.0020118373120072432	-0.0027320348527330196	0.007284028906019086	0.0057068670692515975	-0.010373843874882549	0.010946743244863224	0.008681325407322714	0.008126412153479248	0.004812574681285749	0.0061463482958943865	-0.0010214271406758955	0.0033634642436754245	-0.005153976778903052	0.0037557786253842053	-0.005864816554809276	0.0020863967917575327	0.0009501823206100092	-0.00196875576642981	0.004545605240739616	0.0018276921371571885	0.0010407592896131328	-0.0020250355029984087	-0.0011530959774454788	-0.00036392628337360544	-0.0	0.0	-0.0	-0.0	0.0	-0.0	-0.0	0.0	0.0	-0.0	-0.0	0.0	-0.0	0.0	-0.0	0.0	0.0	-0.0	-0.0	0.0	-0.0	0.0	-0.0	0.0	-0.0	-0.0	0.0	-0.0	-0.0	0.0	0.0	-0.0	-0.0	0.0	0.0	0.0	0.0	0.0	0.0	0.0	0.0	0.0	0.0	0.0	0.0	0.0	0.0	0.0	0.0	0.0	0.0	0.0	0.0	0.0	0.0	0.0	0.0	0.0	0.0	0.0	0.0	0.0	0.0	0.0	0.0	0.0	0.0	0.0	0.0	0.0	0.0	0.0	0.0	0.0	0.0	0.0	0.0	0.0	0.0
G2-323	0.08208467933716306	-0.002878788460442229	0.013040454447989968	0.00126849891756596	-0.004474181939653492	0.004895355484031043	-0.0007499712895200545	-0.008673413482905333	0.008338684250998669	0.004921038426923955	0.011260363755168805	0.0019029238650304565	0.003371510452913912	0.006645757671652934	-0.0036441410638355176	-0.001523462584000643	0.014204445031875998	0.003408497409660476	0.004789710466256825	0.004370363195444467	-0.0037671663409107273	0.008942742205297302	-0.006151230137339834	-0.006369278887039022	0.002539115148934103	0.003495468672501143	0.0033906370204306448	-0.0	-0.0	-0.0	-0.0	-0.0	-0.0	0.0	0.0	0.0	0.0	0.0	0.0	0.0	-0.0	0.0	0.0	0.0	-0.0	-0.0	0.0	-0.0	-0.0	0.0	-0.0	-0.0	-0.0	0.0	0.0	0.0	-0.0	-0.0	-0.0	0.0	0.0	0.0	0.0	0.0	0.0	0.0	0.0	0.0	0.0	0.0	0.0	0.0	0.0	0.0	0.0	0.0	0.0	0.0	0.0	0.0	0.0	0.0	0.0	0.0	0.0	0.0	0.0	0.0	0.0	0.0	0.0	0.0	0.0	0.0	0.0	0.0	0.0	0.0	0.0	0.0	0.0	0.0	0.0	0.0	0.0	0.0
G2-324	0.08208467933716306	-0.002878788460442232	0.013040454447989965	0.0012684989175659582	-0.00447418193965349	0.004895355484031041	-0.0007499712895200542	-0.008673413482905328	0.008338684250998672	0.004921038426923948	0.011260363755168826	0.0019029238650304593	0.003371510452913909	0.006645757671652912	-0.003644141063835529	-0.0015234625840006408	0.014204445031875998	0.003408497409660474	0.00478971046625683	0.004370363195444463	-0.003767166340910719	0.008942742205297293	-0.00615123013733985	-0.00636927888703907	0.0025391151489341213	0.003495468672501212	0.0033906370204307653	0.0	0.0	0.0	0.0	0.0	0.0	-0.0	-0.0	-0.0	-0.0	-0.0	-0.0	-0.0	0.0	-0.0	-0.0	-0.0	0.0	0.0	-0.0	-0.0	0.0	-0.0	0.0	0.0	-0.0	-0.0	-0.0	-0.0	0.0	0.0	0.0	-0.0	0.0	0.0	0.0	0.0	0.0	0.0	0.0	0.0	0.0	0.0	0.0	0.0	0.0	0.0	0.0	0.0	0.0	0.0	0.0	0.0	0.0	0.0	0.0	0.0	0.0	0.0	0.0	0.0	0.0	0.0	0.0	0.0	0.0	0.0	0.0	0.0	0.0	0.0	0.0	0.0	0.0	0.0	0.0	0.0	0.0	0.0
G2-325	0.10382484784131268	0.02821615412045265	0.01968982871360897	0.01596743450322607	-0.0018291697759803547	-0.08346122377056074	0.04005146835979921	0.03247310410865076	0.014763533391154122	-0.00945476398330448	0.008209020876640903	-0.001140684407224247	-0.006526616719309881	-0.00199898660178788	-0.007261070730808653	-0.0008458644280246588	0.012855699605890976	0.009671986856649281	0.003158379382814282	0.004169520194202944	-0.005244823007672786	-0.0015618309369861306	-0.002224988102286934	-0.0022531095995492866	0.0002828783379822603	-0.00042518091008724465	-0.0004635486017628149	-0.0	0.0	-0.0	0.0	0.0	0.0	-0.0	-0.0	0.0	0.0	0.0	0.0	0.0	-0.0	0.0	-0.0	0.0	-0.0	0.0	0.0	-0.0	-0.0	-0.0	0.0	-0.0	-0.0	-0.0	-0.0	0.0	-0.0	-0.0	0.0	0.0	0.0	0.0	0.0	0.0	0.0	0.0	0.0	0.0	0.0	0.0	0.0	0.0	0.0	0.0	0.0	0.0	0.0	0.0	0.0	0.0	0.0	0.0	0.0	0.0	0.0	0.0	0.0	0.0	0.0	0.0	0.0	0.0	0.0	0.0	0.0	0.0	0.0	0.0	0.0	0.0	0.0	0.0	0.0	0.0	0.0	0.0
G2-326	-0.03604280406632079	0.03350609715763422	-0.029135221030831847	0.04198057184940262	0.04755171589950652	-0.06212288031987835	0.08172800155051864	0.0408287597556118	0.04038260836995487	0.0020857063410791026	0.005257459398167107	0.01651598118273071	0.007647581021939455	-0.00905931946554961	0.01187793144087832	-0.018212576740495968	-0.0013680433755109173	0.0051260222113226105	-0.0006476124523633292	0.006196000003106165	-0.007174970745935655	0.0008031956353021529	0.0012735017891749908	0.0020230105239785654	-0.00101330251899961	-0.0006341991894691744	0.00021517248392317887	0.0	-0.0	-0.0	-0.0	-0.0	-0.0	-0.0	-0.0	0.0	0.0	-0.0	-0.0	0.0	-0.0	-0.0	0.0	-0.0	0.0	0.0	-0.0	-0.0	0.0	-0.0	0.0	-0.0	-0.0	0.0	-0.0	0.0	0.0	-0.0	-0.0	0.0	0.0	0.0	0.0	0.0	0.0	0.0	0.0	0.0	0.0	0.0	0.0	0.0	0.0	0.0	0.0	0.0	0.0	0.0	0.0	0.0	0.0	0.0	0.0	0.0	0.0	0.0	0.0	0.0	0.0	0.0	0.0	0.0	0.0	0.0	0.0	0.0	0.0	0.0	0.0	0.0	0.0	0.0	0.0	0.0	0.0	0.0
G2-327	0.10382484784131268	0.02821615412045265	0.019689828713608977	0.01596743450322607	-0.0018291697759803566	-0.08346122377056074	0.04005146835979922	0.032473104108650744	0.014763533391154122	-0.009454763983304488	0.008209020876640888	-0.0011406844072242564	-0.006526616719309859	-0.0019989866017878772	-0.007261070730808654	-0.0008458644280246448	0.01285569960589095	0.00967198685664932	0.0031583793828143334	0.004169520194202949	-0.005244823007672777	-0.0015618309369861269	-0.00222498810228687	-0.0022531095995493872	0.0002828783379824327	-0.00042518091008722405	-0.0004635486017633045	0.0	-0.0	0.0	-0.0	0.0	0.0	0.0	0.0	-0.0	0.0	-0.0	-0.0	-0.0	-0.0	-0.0	-0.0	0.0	0.0	-0.0	-0.0	-0.0	0.0	0.0	-0.0	0.0	-0.0	0.0	0.0	-0.0	0.0	0.0	-0.0	0.0	0.0	0.0	0.0	0.0	0.0	0.0	0.0	0.0	0.0	0.0	0.0	0.0	0.0	0.0	0.0	0.0	0.0	0.0	0.0	0.0	0.0	0.0	0.0	0.0	0.0	0.0	0.0	0.0	0.0	0.0	0.0	0.0	0.0	0.0	0.0	0.0	0.0	0.0	0.0	0.0	0.0	0.0	0.0	0.0	0.0	0.0
G2-328	0.10382484784131268	0.02821615412045265	0.019689828713608977	0.01596743450322607	-0.0018291697759803504	-0.08346122377056076	0.040051468359799225	0.03247310410865076	0.014763533391154122	-0.009454763983304486	0.008209020876640891	-0.0011406844072242579	-0.006526616719309874	-0.0019989866017878785	-0.007261070730808634	-0.0008458644280246479	0.01285569960589098	0.00967198685664932	0.0031583793828142783	0.0041695201942029345	-0.005244823007672771	-0.001561830936986103	-0.0022249881022869274	-0.002253109599549346	0.0002828783379824435	-0.0004251809100872903	-0.00046354860176315893	-0.0	0.0	0.0	-0.0	-0.0	-0.0	-0.0	-0.0	-0.0	-0.0	0.0	-0.0	-0.0	0.0	-0.0	0.0	-0.0	-0.0	0.0	0.0	-0.0	0.0	-0.0	0.0	-0.0	-0.0	0.0	0.0	-0.0	-0.0	-0.0	0.0	-0.0	0.0	0.0	0.0	0.0	0.0	0.0	0.0	0.0	0.0	0.0	0.0	0.0	0.0	0.0	0.0	0.0	0.0	0.0	0.0	0.0	0.0	0.0	0.0	0.0	0.0	0.0	0.0	0.0	0.0	0.0	0.0	0.0	0.0	0.0	0.0	0.0	0.0	0.0	0.0	0.0	0.0	0.0	0.0	0.0	0.0	0.0
G2-329	-0.08396282379341558	0.12114009427909611	0.00430243755499079	0.13915588612515528	-0.024591460561643023	-0.13724041752727062	0.004991112331825277	0.015960472019955065	0.025810622011704823	0.022649479048684886	0.02454476490308471	0.009636703491485111	0.008388948685150603	0.013291632957686044	-0.0016495052635812368	0.007681315322247594	0.0006305258998771495	0.005657126999362469	0.003666653298402666	0.004492387709395087	-0.008272262573746155	-0.0019512475882833193	-0.0012985560911909272	-0.0005625880927685504	0.0015576486305406082	-0.0002835294976019373	-2.714373690066476e-05	0.0	-0.0	-0.0	-0.0	-0.0	-0.0	-0.0	-0.0	0.0	0.0	-0.0	-0.0	0.0	-0.0	-0.0	0.0	-0.0	0.0	0.0	-0.0	-0.0	0.0	-0.0	0.0	-0.0	-0.0	0.0	-0.0	0.0	0.0	-0.0	-0.0	0.0	0.0	0.0	0.0	0.0	0.0	0.0	0.0	0.0	0.0	0.0	0.0	0.0	0.0	0.0	0.0	0.0	0.0	0.0	0.0	0.0	0.0	0.0	0.0	0.0	0.0	0.0	0.0	0.0	0.0	0.0	0.0	0.0	0.0	0.0	0.0	0.0	0.0	0.0	0.0	0.0	0.0	0.0	0.0	0.0	0.0	0.0
G2-330	0.10673338296638406	0.029473670044067948	0.024494322617247336	0.018041922736897965	1.5450055459933127e-05	-0.07926754928530333	0.053002578992020793	0.030797575422684218	0.021836342185417978	-0.001116709115538415	0.002060052385773912	0.005715534612843022	0.0019034515016258977	-0.018891529523942106	0.002706776404748377	-0.008251630029222747	-0.009975155979687211	-0.011972562970415638	-0.002069056615781928	-0.0038854440496339355	0.0032693642745626425	-0.006347077498759579	0.00809399167126648	0.0007994316101044768	-0.00185037406759123	9.416059621968585e-05	0.0012109628033381084	0.0	-0.0	-0.0	-0.0	-0.0	-0.0	-0.0	-0.0	0.0	0.0	-0.0	-0.0	0.0	-0.0	-0.0	0.0	-0.0	0.0	0.0	-0.0	-0.0	0.0	-0.0	0.0	-0.0	-0.0	0.0	-0.0	0.0	0.0	-0.0	-0.0	0.0	0.0	0.0	0.0	0.0	0.0	0.0	0.0	0.0	0.0	0.0	0.0	0.0	0.0	0.0	0.0	0.0	0.0	0.0	0.0	0.0	0.0	0.0	0.0	0.0	0.0	0.0	0.0	0.0	0.0	0.0	0.0	0.0	0.0	0.0	0.0	0.0	0.0	0.0	0.0	0.0	0.0	0.0	0.0	0.0	0.0	0.0
G2-413	0.08083653105987332	0.0036905345635647267	0.00107208326355995	-0.00860130218862272	-0.005599837141798789	-0.0007809165706828349	-0.01867472756521196	-0.006398323646668883	-0.020153374790757607	-0.018243632530687167	-0.017207893336866183	-0.007889721036866335	-0.010831834098562478	0.01121720015725915	-0.009976465450264612	0.01659482201339032	-0.0022612116815793337	0.011364171076738231	0.005344917499476454	-0.0014446114642678214	-0.007834582661666933	0.0013993416577179007	-0.0014433645879333773	-0.0002819589114412325	-0.005979342928033723	-0.00022165879534097614	-0.0002979098632374153	0.0	0.0	0.0	-0.0	0.0	-0.0	-0.0	-0.0	0.0	0.0	-0.0	-0.0	-0.0	0.0	-0.0	-0.0	0.0	0.0	0.0	0.0	-0.0	-0.0	-0.0	-0.0	0.0	-0.0	0.0	-0.0	0.0	-0.0	-0.0	0.0	-0.0	0.0	0.0	0.0	0.0	0.0	0.0	0.0	0.0	0.0	0.0	0.0	0.0	0.0	0.0	0.0	0.0	0.0	0.0	0.0	0.0	0.0	0.0	0.0	0.0	0.0	0.0	0.0	0.0	0.0	0.0	0.0	0.0	0.0	0.0	0.0	0.0	0.0	0.0	0.0	0.0	0.0	0.0	0.0	0.0	0.0	0.0
G2-414	0.0862063106362031	0.006759242315291833	0.0047248882212962825	-0.00264744103745804	-0.003279727307058038	0.004854960681229119	-0.013741978555961756	-0.004385026795810983	-0.009175861606180223	-0.005449124552958631	0.011142081137987177	-0.012751434725233352	-0.011330141766447317	0.012034153518148922	-0.018408655912423764	0.01318066076462915	0.005650168223929307	0.013748426166088453	-0.003683792448057475	0.02025694616523629	-0.001164541782869061	0.00015357909449758347	0.01383378344895234	0.016775058936308592	0.009157286734601209	0.00028282671640451857	0.0005142541552976238	0.0	-0.0	-0.0	-0.0	-0.0	-0.0	-0.0	-0.0	0.0	0.0	-0.0	-0.0	0.0	-0.0	-0.0	0.0	-0.0	0.0	0.0	-0.0	-0.0	0.0	-0.0	0.0	-0.0	-0.0	0.0	-0.0	0.0	0.0	-0.0	-0.0	0.0	0.0	0.0	0.0	0.0	0.0	0.0	0.0	0.0	0.0	0.0	0.0	0.0	0.0	0.0	0.0	0.0	0.0	0.0	0.0	0.0	0.0	0.0	0.0	0.0	0.0	0.0	0.0	0.0	0.0	0.0	0.0	0.0	0.0	0.0	0.0	0.0	0.0	0.0	0.0	0.0	0.0	0.0	0.0	0.0	0.0	0.0
G2-415	-0.08732239909091866	0.036318401625077504	-0.07799971610085757	-0.07934494831141611	-0.04857283837288468	0.013224666880122136	0.004478967474788803	0.00763997388231827	0.011240571892968494	0.028078045389515523	-0.038535577858555575	0.032038386283507136	-0.022792756472369752	0.01447043864900032	-0.004581810391111777	0.011321699138664232	0.009726293881424635	0.013205719788440073	-0.016172158868290314	-0.0029275111006667217	-0.014276770344969766	0.0007144960569862773	-0.002842665295839531	-0.0001771001549281648	-0.001171926808844252	-0.002676546001173368	0.0002591414222247279	0.0	-0.0	-0.0	-0.0	-0.0	-0.0	-0.0	-0.0	0.0	0.0	-0.0	-0.0	0.0	-0.0	-0.0	0.0	-0.0	0.0	0.0	-0.0	-0.0	0.0	-0.0	0.0	-0.0	-0.0	0.0	-0.0	0.0	0.0	-0.0	-0.0	0.0	0.0	0.0	0.0	0.0	0.0	0.0	0.0	0.0	0.0	0.0	0.0	0.0	0.0	0.0	0.0	0.0	0.0	0.0	0.0	0.0	0.0	0.0	0.0	0.0	0.0	0.0	0.0	0.0	0.0	0.0	0.0	0.0	0.0	0.0	0.0	0.0	0.0	0.0	0.0	0.0	0.0	0.0	0.0	0.0	0.0	0.0
G2-416	-0.08087923823222998	0.038254522035786685	-0.06790741147716182	-0.07128889540093547	-0.046440086694042364	0.024083216030754303	0.01866970841248801	0.009962664523685745	0.031692510948752015	0.0530685553537162	-0.009585319361449534	0.02758722223282393	-0.01621891039028977	-6.350721520486473e-05	-0.014581960156596775	-0.003091756861821536	-0.002785448937813392	-0.0019118484954905686	-0.03375655760157061	0.0014492001063688242	0.005154742224488894	-0.002849560951729618	0.004165418651038058	0.0003262998522820297	0.0013190938519191749	0.0026866347251167217	-0.00018314872878249673	0.0	-0.0	-0.0	-0.0	-0.0	-0.0	-0.0	-0.0	0.0	0.0	-0.0	-0.0	0.0	-0.0	-0.0	0.0	-0.0	0.0	0.0	-0.0	-0.0	0.0	-0.0	0.0	-0.0	-0.0	0.0	-0.0	0.0	0.0	-0.0	-0.0	0.0	0.0	0.0	0.0	0.0	0.0	0.0	0.0	0.0	0.0	0.0	0.0	0.0	0.0	0.0	0.0	0.0	0.0	0.0	0.0	0.0	0.0	0.0	0.0	0.0	0.0	0.0	0.0	0.0	0.0	0.0	0.0	0.0	0.0	0.0	0.0	0.0	0.0	0.0	0.0	0.0	0.0	0.0	0.0	0.0	0.0	0.0
G3-417	-0.06289393705997573	0.03692005323733266	-0.059852887549582706	-0.03750314590559787	0.008151777217052226	0.020372903980795085	-0.010936360471157197	0.009914578334263471	-0.006048168058261867	-0.004060602570286918	0.004495852551476425	0.0007537383899675137	0.0210958899104959	-0.011755431851761877	0.013846211711481968	-0.0059448273532781235	-0.02736165158708742	0.00413106314934081	0.0014741682500003844	-0.004417595437968724	0.00686434442157312	0.009783007885356446	-0.0015486901807879633	0.0024252689932229205	-0.0039119696639952715	0.000862116147856848	-0.001523982585278654	0.0	-0.0	-0.0	-0.0	-0.0	-0.0	-0.0	-0.0	0.0	0.0	-0.0	-0.0	0.0	-0.0	-0.0	0.0	-0.0	0.0	0.0	-0.0	-0.0	0.0	-0.0	0.0	-0.0	-0.0	0.0	-0.0	0.0	0.0	-0.0	-0.0	0.0	0.0	0.0	0.0	0.0	0.0	0.0	0.0	0.0	0.0	0.0	0.0	0.0	0.0	0.0	0.0	0.0	0.0	0.0	0.0	0.0	0.0	0.0	0.0	0.0	0.0	0.0	0.0	0.0	0.0	0.0	0.0	0.0	0.0	0.0	0.0	0.0	0.0	0.0	0.0	0.0	0.0	0.0	0.0	0.0	0.0	0.0
G3-418	0.08083653105987332	0.0036905345635647267	0.00107208326355995	-0.00860130218862272	-0.005599837141798786	-0.0007809165706828319	-0.018674727565211956	-0.006398323646668889	-0.020153374790757614	-0.01824363253068717	-0.017207893336866186	-0.007889721036866335	-0.01083183409856247	0.011217200157259133	-0.009976465450264612	0.016594822013390298	-0.0022612116815793593	0.011364171076738245	0.00534491749947642	-0.0014446114642678455	-0.00783458266166691	0.0013993416577178786	-0.0014433645879333426	-0.00028195891144122524	-0.005979342928033677	-0.0002216587953408557	-0.000297909863237657	-0.0	-0.0	-0.0	0.0	-0.0	0.0	0.0	0.0	-0.0	-0.0	0.0	0.0	0.0	-0.0	0.0	0.0	-0.0	-0.0	-0.0	-0.0	-0.0	0.0	0.0	0.0	-0.0	-0.0	-0.0	0.0	-0.0	0.0	0.0	-0.0	0.0	0.0	0.0	0.0	0.0	0.0	0.0	0.0	0.0	0.0	0.0	0.0	0.0	0.0	0.0	0.0	0.0	0.0	0.0	0.0	0.0	0.0	0.0	0.0	0.0	0.0	0.0	0.0	0.0	0.0	0.0	0.0	0.0	0.0	0.0	0.0	0.0	0.0	0.0	0.0	0.0	0.0	0.0	0.0	0.0	0.0	0.0
G3-419	-0.04424303354337451	0.00829598865794952	-0.030396643369407384	0.019113067024086956	0.027541017909854554	0.010649919142123295	0.013669476497088965	-0.010144719794555807	-0.000992873151716736	-0.011170010483424704	-0.021942489068691173	0.0015103706813740215	-0.005596191551479621	0.0025917931320943452	-0.0010849413289640206	0.006483244149752573	-0.0019135942149824164	-0.00353428097814415	-0.008134162793513346	-0.01711133687238828	0.006870269797484024	0.006736177350971336	0.0008837294182213687	0.0031057151158183755	0.004092368079640379	0.0031315421394764687	-0.0010124722596392816	0.0	-0.0	-0.0	-0.0	-0.0	-0.0	-0.0	-0.0	0.0	0.0	-0.0	-0.0	0.0	-0.0	-0.0	0.0	-0.0	0.0	0.0	-0.0	-0.0	0.0	-0.0	0.0	-0.0	-0.0	0.0	-0.0	0.0	0.0	-0.0	-0.0	0.0	0.0	0.0	0.0	0.0	0.0	0.0	0.0	0.0	0.0	0.0	0.0	0.0	0.0	0.0	0.0	0.0	0.0	0.0	0.0	0.0	0.0	0.0	0.0	0.0	0.0	0.0	0.0	0.0	0.0	0.0	0.0	0.0	0.0	0.0	0.0	0.0	0.0	0.0	0.0	0.0	0.0	0.0	0.0	0.0	0.0	0.0
G3-420	-0.04448441583443734	0.008134965636645364	-0.03431176097117148	0.018462500453669373	0.028268835046083917	0.006626877852878378	0.007010779231331707	-0.009768161643234328	-0.004108357618507807	-0.01786558166860923	-0.01700128289999001	-0.0008824973185146178	-0.010873045884500089	0.015350267120066867	-0.00633242521817936	0.009290818364477163	0.011373172362059362	0.006640212602780869	-0.005360548863581066	-0.004113507118170691	-0.009876898005982366	0.0015245012093206656	0.0005158929380675287	-0.0013533274155045347	-0.0009411189912875208	-0.0015664124987859705	-0.0007691106383076081	-0.0	0.0	0.0	-0.0	-0.0	0.0	-0.0	0.0	-0.0	0.0	0.0	-0.0	-0.0	-0.0	-0.0	0.0	-0.0	-0.0	0.0	-0.0	-0.0	0.0	0.0	-0.0	0.0	-0.0	-0.0	0.0	0.0	-0.0	0.0	-0.0	0.0	0.0	0.0	0.0	0.0	0.0	0.0	0.0	0.0	0.0	0.0	0.0	0.0	0.0	0.0	0.0	0.0	0.0	0.0	0.0	0.0	0.0	0.0	0.0	0.0	0.0	0.0	0.0	0.0	0.0	0.0	0.0	0.0	0.0	0.0	0.0	0.0	0.0	0.0	0.0	0.0	0.0	0.0	0.0	0.0	0.0	0.0
G3-421	-0.1062524665689332	0.09814641463049163	-0.04548233989528127	0.11215941049205133	0.019006808537639655	-0.004606252193843295	-0.026498053112002824	-0.12286354896612532	-0.03349496661396389	0.019968682674509013	-0.0946949251233185	-0.016756303666947525	0.06304816551037525	-0.07872982945391944	-0.08630629900015382	-0.024463324329648765	0.01384741617643613	0.005286759964760835	0.00021302859856094807	0.0032442204968104343	-0.00284751836526229	-0.0006476476344813498	-0.0021783992871648064	0.001983074686620834	-0.0005530566731001708	-0.00032010780912204094	4.280885462013972e-05	0.0	-0.0	-0.0	-0.0	-0.0	-0.0	-0.0	-0.0	0.0	0.0	-0.0	-0.0	0.0	-0.0	-0.0	0.0	-0.0	0.0	0.0	-0.0	-0.0	0.0	-0.0	0.0	-0.0	-0.0	0.0	-0.0	0.0	0.0	-0.0	-0.0	0.0	0.0	0.0	0.0	0.0	0.0	0.0	0.0	0.0	0.0	0.0	0.0	0.0	0.0	0.0	0.0	0.0	0.0	0.0	0.0	0.0	0.0	0.0	0.0	0.0	0.0	0.0	0.0	0.0	0.0	0.0	0.0	0.0	0.0	0.0	0.0	0.0	0.0	0.0	0.0	0.0	0.0	0.0	0.0	0.0	0.0	0.0
G3-422	0.0780440451680593	0.0009760447382350899	0.005387355255810524	-0.006818668524975105	-0.0034900394984807284	-0.002768473091471148	-0.008815660184446718	-0.011682483468224059	-0.014597420620756512	-0.009678401521510943	-0.02174232241640447	-2.0523340454408057e-05	-0.004394098979092549	1.9207141323712336e-05	-0.00211882086099826	0.008171214355648094	0.003545318166517294	-0.0020645196141898386	-0.004485847740139561	-0.02031438579072035	0.007544332491712818	0.007434924191715786	0.00035165234786081387	0.0031856331323761493	0.002900741362650433	0.002312866764379345	0.0003238228969750633	-0.0	0.0	0.0	-0.0	-0.0	0.0	-0.0	0.0	0.0	0.0	-0.0	-0.0	-0.0	0.0	-0.0	0.0	0.0	-0.0	-0.0	0.0	0.0	-0.0	0.0	-0.0	-0.0	-0.0	-0.0	0.0	0.0	0.0	0.0	-0.0	0.0	0.0	0.0	0.0	0.0	0.0	0.0	0.0	0.0	0.0	0.0	0.0	0.0	0.0	0.0	0.0	0.0	0.0	0.0	0.0	0.0	0.0	0.0	0.0	0.0	0.0	0.0	0.0	0.0	0.0	0.0	0.0	0.0	0.0	0.0	0.0	0.0	0.0	0.0	0.0	0.0	0.0	0.0	0.0	0.0	0.0	0.0
G3-423	-0.06677530002025965	0.06837362565024574	-0.07160419389309508	-0.031183485741260623	0.021574947118585836	-0.08032544277385557	0.03723758624076857	0.07061444653870236	-0.00015256876234950338	-0.012934514567696146	0.001984601637305171	0.004808535038892608	0.015997397148668862	-0.024022855673086103	0.016802004228571678	-0.01192723198153331	0.010098797707833984	0.01702769409972063	-0.012288132723678317	-0.018228847307819197	0.00721164550160945	-0.005921632469954948	-0.0061586947012093555	-0.00022121546257751655	-0.005021114684171973	0.001016014370524455	0.00013658972482144915	0.0	-0.0	-0.0	-0.0	-0.0	-0.0	-0.0	-0.0	0.0	0.0	-0.0	-0.0	0.0	-0.0	-0.0	0.0	-0.0	0.0	0.0	-0.0	-0.0	0.0	-0.0	0.0	-0.0	-0.0	0.0	-0.0	0.0	0.0	-0.0	-0.0	0.0	0.0	0.0	0.0	0.0	0.0	0.0	0.0	0.0	0.0	0.0	0.0	0.0	0.0	0.0	0.0	0.0	0.0	0.0	0.0	0.0	0.0	0.0	0.0	0.0	0.0	0.0	0.0	0.0	0.0	0.0	0.0	0.0	0.0	0.0	0.0	0.0	0.0	0.0	0.0	0.0	0.0	0.0	0.0	0.0	0.0	0.0
G3-424	0.10016854494905475	0.029183055945191428	0.013733792162438484	0.006742020737729468	0.00032127568884230794	-0.09199922934020371	0.037495499252687206	0.028641924813534954	-0.010153180435718808	-0.027627198147250873	-0.03333816131097132	0.008401966324959747	-0.00629796462307542	-0.01464661568178884	0.010547086236059931	0.0012709075698647107	-0.008148192294326142	0.00772279195132542	-0.006856546473787184	-0.012061510980270087	0.01367677316613413	0.008576588825371403	-0.0002637358328244812	0.0046043480652370175	-0.0011789359751214754	0.0013453540291783496	0.0002882043819535655	0.0	-0.0	-0.0	-0.0	-0.0	-0.0	-0.0	-0.0	0.0	0.0	-0.0	-0.0	0.0	-0.0	-0.0	0.0	-0.0	0.0	0.0	-0.0	-0.0	0.0	-0.0	0.0	-0.0	-0.0	0.0	-0.0	0.0	0.0	-0.0	-0.0	0.0	0.0	0.0	0.0	0.0	0.0	0.0	0.0	0.0	0.0	0.0	0.0	0.0	0.0	0.0	0.0	0.0	0.0	0.0	0.0	0.0	0.0	0.0	0.0	0.0	0.0	0.0	0.0	0.0	0.0	0.0	0.0	0.0	0.0	0.0	0.0	0.0	0.0	0.0	0.0	0.0	0.0	0.0	0.0	0.0	0.0	0.0
G3-425	-0.06378750103281057	0.03725592964749614	-0.06243401029204639	-0.03540479548876823	0.009761787012003548	0.007648301141346957	-0.015623002830206126	0.006904792564295968	-0.007954782489973772	-0.011484807520864232	0.0072853161754241865	-0.0014891537806480599	0.011831389380252195	0.0012146721570588327	0.0064914144534678675	0.0015779502423191663	0.013683416302796575	0.005668881714231159	-0.003086954758047509	-0.012630129255440707	-0.0006422404821619685	-0.005182586485568475	0.0016232968361124677	-9.166312859081625e-05	0.004573832615514189	-0.0019425724705389208	0.0003977035702093365	0.0	-0.0	-0.0	-0.0	-0.0	-0.0	-0.0	-0.0	0.0	0.0	-0.0	-0.0	0.0	-0.0	-0.0	0.0	-0.0	0.0	0.0	-0.0	-0.0	0.0	-0.0	0.0	-0.0	-0.0	0.0	-0.0	0.0	0.0	-0.0	-0.0	0.0	0.0	0.0	0.0	0.0	0.0	0.0	0.0	0.0	0.0	0.0	0.0	0.0	0.0	0.0	0.0	0.0	0.0	0.0	0.0	0.0	0.0	0.0	0.0	0.0	0.0	0.0	0.0	0.0	0.0	0.0	0.0	0.0	0.0	0.0	0.0	0.0	0.0	0.0	0.0	0.0	0.0	0.0	0.0	0.0	0.0	0.0
G3-426	-0.024668346649836408	0.039600139963184615	-0.053099809354860535	-0.05365675107213003	-0.005259498689907788	-0.0021388459610697896	-0.028621693040196596	0.012146059772013053	-0.018922086485324136	-0.005432402041968225	0.009056973624839752	-0.01281350727375522	0.003106793323235273	-0.00124642800343512	0.0012998678182118044	0.0013589517688115849	0.012943510456088544	-0.009960195426072535	-0.000620630310028649	-0.006512810715366648	-0.00023420853853272334	-0.0005145801848872725	2.0628895946650854e-05	-0.002662251818665486	0.0009390298637829056	-0.0001269732732550033	-0.0003139237466054569	-0.0	-0.0	0.0	-0.0	0.0	-0.0	-0.0	0.0	-0.0	0.0	-0.0	0.0	0.0	0.0	0.0	0.0	-0.0	-0.0	-0.0	-0.0	0.0	0.0	-0.0	0.0	-0.0	-0.0	0.0	-0.0	-0.0	0.0	-0.0	0.0	0.0	0.0	0.0	0.0	0.0	0.0	0.0	0.0	0.0	0.0	0.0	0.0	0.0	0.0	0.0	0.0	0.0	0.0	0.0	0.0	0.0	0.0	0.0	0.0	0.0	0.0	0.0	0.0	0.0	0.0	0.0	0.0	0.0	0.0	0.0	0.0	0.0	0.0	0.0	0.0	0.0	0.0	0.0	0.0	0.0	0.0	0.0
G3-427	0.0846064355637649	0.00736255817383593	0.004646901683285435	-0.010844002656080428	-0.009318079680521701	0.0026941540183888614	-0.019000315277652762	-0.012360762014153317	-0.020526551508508382	-0.027657169660215968	-0.01908883276601307	-6.544855982784153e-05	-0.007605994372599514	0.004664109904630735	0.004345105554128628	0.0157626819847461	-0.005493613578416403	0.01866522869071972	0.005155973855868645	0.010543415411770597	-0.006872991995061339	-0.01487066983185187	0.0026492444602060003	-0.010270335666378557	0.003000830365315664	-5.308462849910656e-05	-0.0010021535592128056	0.0	-0.0	-0.0	-0.0	-0.0	-0.0	-0.0	-0.0	0.0	0.0	-0.0	-0.0	0.0	-0.0	-0.0	0.0	-0.0	0.0	0.0	-0.0	-0.0	0.0	-0.0	0.0	-0.0	-0.0	0.0	-0.0	0.0	0.0	-0.0	-0.0	0.0	0.0	0.0	0.0	0.0	0.0	0.0	0.0	0.0	0.0	0.0	0.0	0.0	0.0	0.0	0.0	0.0	0.0	0.0	0.0	0.0	0.0	0.0	0.0	0.0	0.0	0.0	0.0	0.0	0.0	0.0	0.0	0.0	0.0	0.0	0.0	0.0	0.0	0.0	0.0	0.0	0.0	0.0	0.0	0.0	0.0	0.0
G3-428	-0.023295434767069606	0.04231511626323764	-0.054062307828375	-0.05411727512620849	-0.006950969542916969	0.004325772172012817	-0.030182641710841614	0.018304457909414394	-0.02019062790311037	-0.006050895727156852	0.008968895511994222	-0.019479090249606954	0.0010318617995221993	-0.0020098307903383588	-0.005501155291780954	0.008024504085705	-0.010671759211047072	0.004852876898870331	0.0053805075817380775	0.001551017547736558	-0.005369068148300156	-0.006542021688265839	-0.0024408540116506463	-0.00380264685625053	-0.00786292017405113	0.0006403623774028505	-0.004340031409279494	0.0	-0.0	-0.0	-0.0	-0.0	-0.0	-0.0	-0.0	0.0	0.0	-0.0	-0.0	0.0	-0.0	-0.0	0.0	-0.0	0.0	0.0	-0.0	-0.0	0.0	-0.0	0.0	-0.0	-0.0	0.0	-0.0	0.0	0.0	-0.0	-0.0	0.0	0.0	0.0	0.0	0.0	0.0	0.0	0.0	0.0	0.0	0.0	0.0	0.0	0.0	0.0	0.0	0.0	0.0	0.0	0.0	0.0	0.0	0.0	0.0	0.0	0.0	0.0	0.0	0.0	0.0	0.0	0.0	0.0	0.0	0.0	0.0	0.0	0.0	0.0	0.0	0.0	0.0	0.0	0.0	0.0	0.0	0.0
G3-429	-0.046300919542449255	0.017089448231947937	-0.05016233667094465	0.012598563759335482	0.03646490737051795	0.01623048897309601	0.015737288874386	-0.013521881716147415	0.0028757113469233676	-0.014572494306171106	-0.02029137162947555	0.01086861465794081	-0.00310468382471541	0.02646134514329817	0.003673615562839927	0.018246489300220874	0.022936673011518107	0.01128503948516863	0.05473974928337643	-0.0045989406720040185	0.026551920788674403	-0.01055894710266053	0.0033980603744767244	0.005237717447317459	-0.000338807271777314	0.0006549012302732726	0.00023268987113914382	0.0	-0.0	-0.0	-0.0	-0.0	-0.0	-0.0	-0.0	0.0	0.0	-0.0	-0.0	0.0	-0.0	-0.0	0.0	-0.0	0.0	0.0	-0.0	-0.0	0.0	-0.0	0.0	-0.0	-0.0	0.0	-0.0	0.0	0.0	-0.0	-0.0	0.0	0.0	0.0	0.0	0.0	0.0	0.0	0.0	0.0	0.0	0.0	0.0	0.0	0.0	0.0	0.0	0.0	0.0	0.0	0.0	0.0	0.0	0.0	0.0	0.0	0.0	0.0	0.0	0.0	0.0	0.0	0.0	0.0	0.0	0.0	0.0	0.0	0.0	0.0	0.0	0.0	0.0	0.0	0.0	0.0	0.0	0.0
G3-430	0.07866596254562784	0.000996560251436832	0.001353196073863669	-0.00795072643366728	-0.003741985613732217	-0.006549682612776721	-0.01748675048535755	-0.012171794363205016	-0.01867422048299218	-0.01657816987581031	-0.016226659043082164	-0.0020985231086219306	-0.00994340244063455	0.012824581161184718	-0.006043471540245208	0.01337355929954634	0.02065533334379576	0.0031966943857536343	-0.0007649581581681046	-0.008253492166012077	-0.004477208825659921	0.00156194992607713	0.0008580759909253344	-0.001220417107247978	-0.004217713756981096	-0.003649587178253186	-0.0003805868804871516	0.0	-0.0	-0.0	-0.0	-0.0	-0.0	-0.0	-0.0	0.0	0.0	-0.0	-0.0	0.0	-0.0	-0.0	0.0	-0.0	0.0	0.0	-0.0	-0.0	0.0	-0.0	0.0	-0.0	-0.0	0.0	-0.0	0.0	0.0	-0.0	-0.0	0.0	0.0	0.0	0.0	0.0	0.0	0.0	0.0	0.0	0.0	0.0	0.0	0.0	0.0	0.0	0.0	0.0	0.0	0.0	0.0	0.0	0.0	0.0	0.0	0.0	0.0	0.0	0.0	0.0	0.0	0.0	0.0	0.0	0.0	0.0	0.0	0.0	0.0	0.0	0.0	0.0	0.0	0.0	0.0	0.0	0.0	0.0

Biplot	0	0

Site constraints	0	0
