Eigvals	6
0.3435121511019769	0.0663187691100266	0.011805309454651023	0.0032549676699766936	0.0	0.0

Proportion explained	6
0.8084708585521022	0.15608412112497547	0.027784311674732005	0.007660708648190374	0.0	0.0

Species	0	0

Site	6	6
G2-325	0.1977256564718644	0.016863317868976185	-0.02383323795333808	0.014822579571215591	-0.0	0.0
G2-326	-0.1898264726913593	0.18656707615256077	-0.042028420281481016	-0.00396136329151882	-0.0	0.0
G2-327	0.1786409869419782	0.015520164420438083	0.04499034168593062	-0.042886970931956224	-0.0	0.0
G2-328	0.08915182417544742	-0.15106349902818267	-0.062006790886371975	-0.004903645982764226	-0.0	0.0
G2-329	0.17079533010252235	0.020193985271905784	0.050591507074120474	0.03386499366586248	-0.0	0.0
G2-330	-0.4464873250004531	-0.08808104468569813	0.03228660036113987	0.0030644069691606554	-0.0	0.0

Biplot	0	0

Site constraints	0	0
