Eigvals	10
0.2180907713117086	0.1542688310859507	0.0694817859840876	0.037686835599666776	0.008279461768955682	0.005971531502429732	0.0	0.0	0.0	0.0

Proportion explained	10
0.44167669211572574	0.31242471472218725	0.14071427787232113	0.07632325193705414	0.016767537959615792	0.012093525393095878	0.0	0.0	0.0	0.0

Species	0	0

Site	10	10
G2-1103	-0.1679530992709381	0.041362376530921084	0.07541947873094859	-0.04034979092824457	0.0649741272954867	-0.017207307834068684	0.0	-0.0	0.0	0.0
G2-1104	-0.205653296427126	0.1542373407997916	0.09762346069057817	-0.017716179300566893	-0.03506208573947515	0.0371536715760955	0.0	-0.0	0.0	0.0
G2-197	-0.07106650954080682	0.03853341017019351	-0.010686064554616157	0.03651176279479713	-0.04650510652682254	-0.04988649225030246	-0.0	-0.0	0.0	0.0
G2-198	0.12200304639992218	-0.17798351623560246	0.04966514174616546	0.04480226233949443	-0.0021124573441613894	0.033045008894246046	0.0	-0.0	0.0	0.0
G2-210	0.09205896955847538	-0.06283056554252912	0.016872677163433006	-0.05495675814076164	-0.0024938701724623886	-0.018804205819134074	0.0	-0.0	0.0	0.0
G2-211	-0.14404082712148586	-0.010671682027235797	-0.22415564376406186	-0.0203766601934679	0.0061650375456016645	0.01777543483392257	0.0	-0.0	0.0	0.0
G2-212	0.09429060339928151	-0.07122713124024863	0.006880434676614559	-0.06496025561991794	-0.008053517170643442	-0.0007633042165266078	-0.0	-0.0	0.0	0.0
G2-27	0.2709943659924875	0.26514461137192696	-0.03030091830250174	0.046470235550923764	0.016677236188090822	0.004390522485363894	0.0	-0.0	0.0	0.0
G2-28	0.09429060339928151	-0.07122713124024868	0.006880434676614559	-0.06496025561991799	-0.008053517170643457	-0.0007633042165266464	0.0	-0.0	0.0	0.0
G2-29	-0.08492385638909136	-0.10533771258696836	0.011800998936825447	0.13553563911766064	0.014464153095028154	-0.00494002345306921	0.0	-0.0	0.0	0.0

Biplot	0	0

Site constraints	0	0
