Eigvals	10
0.33134902344681844	0.1782964911309024	0.10094089447007008	0.07252287520016856	0.029374647124118775	0.01862340107340471	0.0032034106328482775	0.0	0.0	0.0

Proportion explained	10
0.4512381530164709	0.24280795672886266	0.13746345865363763	0.09876319512382829	0.0400030197038603	0.025361743987746748	0.0043624727855936605	0.0	0.0	0.0

Species	0	0

Site	10	10
G1-115	0.06244393484944946	0.05657366210827737	0.2153179331222256	-0.056715331713105936	0.028838180978475333	0.013715395657865954	-0.010929017040604271	0.0	0.0	0.0
G1-116	-0.09323478532489526	-0.026833994268194723	0.1426017010026451	0.11013509673668465	0.05684633046333339	-0.018693199192024317	0.01917711796375796	0.0	0.0	0.0
G1-161	-0.06996325124674838	-0.23310295313653692	-0.07065417820348445	-0.07895869087483189	0.05600287686722092	0.06131745749591972	0.009764876047407355	0.0	0.0	0.0
G1-162	0.1492847470781311	0.22208557479813185	-0.020419622638860716	-0.1281974009124478	-0.024771405910034298	0.03854817560434135	0.01193958042551646	0.0	0.0	0.0
G2-410	-0.15953347388474792	0.13892991375228747	-0.13377023998917684	0.04940690551092827	0.08045754063562746	0.006910894115804337	-0.024859570246550645	0.0	0.0	0.0
G2-411	-0.14946083831304713	0.14082459230730088	-0.06729375023232279	0.039853987211557154	-0.0298753253863934	-0.03545581880513017	0.02809598803073669	0.0	0.0	0.0
G2-412	-0.09710692696392052	-0.14401621143796794	-0.023466623505290964	-0.11848927824444387	-0.027709677752115084	-0.0795858037410177	0.0007406374194003448	0.0	0.0	0.0
G3-47	-0.024392744415765062	-0.08349516714112201	-0.005235383010539604	0.1076463439568677	-0.09618201867738427	0.0620174231835487	0.0013914266172690803	0.0	0.0	0.0
G3-48	-0.0925796403281248	-0.00946718126740658	0.03218674340873308	0.005924321541265921	-0.06196563999502876	-0.015286512965425542	-0.0325709804875468	0.0	0.0	0.0
G3-49	0.4745429785496687	-0.06149823571476983	-0.06926657995392813	0.06939404678752585	0.018359138776297967	-0.03348801135388276	-0.0027500587293841946	0.0	0.0	0.0

Biplot	0	0

Site constraints	0	0
