Eigvals	106
1.0359143653103766	0.6989818260680078	0.4367061980495132	0.3326007528980629	0.23436747390326124	0.19023520419912726	0.17560758155168982	0.0990591379138375	0.08464079719434633	0.058204109944925725	0.043523385722421926	0.041551566659518674	0.03134149918998766	0.022814770787357525	0.013034325033780991	0.011899411431571694	0.008613950304736245	0.004282998060745863	0.002656150733303664	0.0016598615850737797	0.0011952521426371598	0.0007674250155614848	0.0005397180244376687	0.0002743728366953915	0.00019120508304968435	0.0	0.0	0.0	0.0	0.0	0.0	0.0	0.0	0.0	0.0	0.0	0.0	0.0	0.0	0.0	0.0	0.0	0.0	0.0	0.0	0.0	0.0	0.0	0.0	0.0	0.0	0.0	0.0	0.0	0.0	0.0	0.0	0.0	0.0	0.0	0.0	0.0	0.0	0.0	0.0	0.0	0.0	0.0	0.0	0.0	0.0	0.0	0.0	0.0	0.0	0.0	0.0	0.0	0.0	0.0	0.0	0.0	0.0	0.0	0.0	0.0	0.0	0.0	0.0	0.0	0.0	0.0	0.0	0.0	0.0	0.0	0.0	0.0	0.0	0.0	0.0	0.0	0.0	0.0	0.0	0.0

Proportion explained	106
0.293405024964748	0.19797464635596812	0.12368956086692287	0.09420347422068191	0.06638057819664303	0.0538808676723925	0.04973784375867315	0.028056806436782763	0.023973058049448596	0.016485318577781488	0.012327254551211354	0.011768770529026997	0.008876943558472386	0.006461893585599633	0.0036917496175365026	0.0033703047520728577	0.002439754084739422	0.0012130859412887798	0.0007523092625340667	0.0004701274025297274	0.00033853472496691477	0.00021736000907944365	0.0001528658987044867	7.771141292759297e-05	5.415556926732137e-05	0.0	0.0	0.0	0.0	0.0	0.0	0.0	0.0	0.0	0.0	0.0	0.0	0.0	0.0	0.0	0.0	0.0	0.0	0.0	0.0	0.0	0.0	0.0	0.0	0.0	0.0	0.0	0.0	0.0	0.0	0.0	0.0	0.0	0.0	0.0	0.0	0.0	0.0	0.0	0.0	0.0	0.0	0.0	0.0	0.0	0.0	0.0	0.0	0.0	0.0	0.0	0.0	0.0	0.0	0.0	0.0	0.0	0.0	0.0	0.0	0.0	0.0	0.0	0.0	0.0	0.0	0.0	0.0	0.0	0.0	0.0	0.0	0.0	0.0	0.0	0.0	0.0	0.0	0.0	0.0	0.0

Species	0	0

Site	106	106
G1-11	0.05638610694780139	0.049579464015393274	-0.027431926893033694	0.06910172700516046	-0.07405547280592434	0.022800467223805056	0.02573146322138972	0.00575758827781413	-0.006952806530928209	-0.004687596087579929	-0.004766624172900775	0.0003633213665254497	-0.01615566412323513	0.01680175793325292	-0.001062792478384374	-0.005214703230069618	0.006202163585287994	0.007108237080703466	0.006368640125526579	-0.004031592921702131	-0.0022776049736758365	-0.0005245531743066224	-0.0013076369678900691	0.00020225905612594337	-8.625808859444306e-05	0.0	0.0	0.0	0.0	0.0	0.0	0.0	0.0	0.0	0.0	0.0	0.0	0.0	0.0	0.0	0.0	0.0	0.0	0.0	0.0	0.0	0.0	0.0	0.0	0.0	0.0	0.0	0.0	0.0	-0.0	0.0	0.0	0.0	0.0	0.0	0.0	0.0	0.0	0.0	0.0	0.0	0.0	0.0	0.0	0.0	0.0	0.0	0.0	0.0	0.0	0.0	0.0	0.0	0.0	0.0	0.0	0.0	0.0	0.0	0.0	0.0	0.0	0.0	0.0	0.0	0.0	0.0	0.0	0.0	0.0	0.0	0.0	0.0	0.0	0.0	0.0	0.0	0.0	0.0	0.0	0.0
G1-12	0.09879533458623561	0.10343501510523602	0.060202501237301274	0.09123668661346637	0.06409959643576385	-0.09764454320650015	0.07232361538006431	-0.01950091698248307	-0.007055877663024641	0.026056595391876585	-0.011415824536645549	-0.022054664620452975	-0.03914714044285697	0.02663271010929343	-0.008479902868468897	-0.0108087833294631	-0.00718110893990936	-0.009101041428027574	-0.002775028170494187	0.0017702373885676518	0.0005819989465434726	-0.0018022272326500136	0.0014258136683278216	-0.0007478238586527098	0.00017136842986376083	-0.0	-0.0	0.0	-0.0	0.0	0.0	0.0	-0.0	0.0	-0.0	0.0	-0.0	0.0	0.0	0.0	0.0	0.0	-0.0	-0.0	-0.0	0.0	0.0	0.0	0.0	0.0	-0.0	-0.0	0.0	0.0	-0.0	0.0	0.0	0.0	0.0	0.0	0.0	0.0	0.0	0.0	0.0	0.0	0.0	0.0	0.0	0.0	0.0	0.0	0.0	0.0	0.0	0.0	0.0	0.0	0.0	0.0	0.0	0.0	0.0	0.0	0.0	0.0	0.0	0.0	0.0	0.0	0.0	0.0	0.0	0.0	0.0	0.0	0.0	0.0	0.0	0.0	0.0	0.0	0.0	0.0	0.0	0.0
G1-13	0.05901193881165088	-0.004524658253680013	-0.07441003090250821	-0.02705006531685036	-0.05432461918570642	0.0095725711503649	0.03357774213815406	-0.009905501166610776	0.025223810546130616	-0.005430443811322349	-0.002886188548184831	-0.008332927858780202	0.00269223522223101	0.015103975047243015	-0.015537366046413063	-0.001726547021766248	0.01841186762364095	-0.006708147207041349	-0.00923941124581465	-0.0008119126271133436	-0.003874525405416775	-0.0004250873587805339	0.0021563288197427137	0.001213063018397565	0.0014032389149406924	0.0	-0.0	0.0	-0.0	-0.0	-0.0	-0.0	0.0	0.0	0.0	-0.0	-0.0	0.0	0.0	-0.0	0.0	0.0	-0.0	0.0	-0.0	0.0	-0.0	-0.0	0.0	-0.0	0.0	-0.0	0.0	-0.0	-0.0	0.0	0.0	0.0	0.0	0.0	0.0	0.0	0.0	0.0	0.0	0.0	0.0	0.0	0.0	0.0	0.0	0.0	0.0	0.0	0.0	0.0	0.0	0.0	0.0	0.0	0.0	0.0	0.0	0.0	0.0	0.0	0.0	0.0	0.0	0.0	0.0	0.0	0.0	0.0	0.0	0.0	0.0	0.0	0.0	0.0	0.0	0.0	0.0	0.0	0.0	0.0
G1-130	0.0603216546367377	-0.010773880266183013	-0.07031542859459158	-0.028199050806133916	-0.05543431115539804	0.012935149387307573	0.034596480052645956	-0.012821539233900728	0.012184384191510968	0.0006429330216956028	0.00738365074637755	-0.0018954515530363938	0.016354515180429092	-0.02540516193078108	-0.007318098562731962	-0.010319976649797275	-0.011781575718981011	0.008161883165691861	-0.0014961948463316527	0.005103624313219216	-0.0017276937172845423	-0.001575711629828979	0.0030251736056508484	-0.002593548034383372	-0.0005262156123277482	0.0	0.0	-0.0	0.0	-0.0	0.0	-0.0	-0.0	-0.0	-0.0	0.0	0.0	0.0	-0.0	-0.0	-0.0	-0.0	0.0	-0.0	-0.0	-0.0	-0.0	-0.0	-0.0	0.0	0.0	-0.0	0.0	-0.0	-0.0	0.0	0.0	0.0	0.0	0.0	0.0	0.0	0.0	0.0	0.0	0.0	0.0	0.0	0.0	0.0	0.0	0.0	0.0	0.0	0.0	0.0	0.0	0.0	0.0	0.0	0.0	0.0	0.0	0.0	0.0	0.0	0.0	0.0	0.0	0.0	0.0	0.0	0.0	0.0	0.0	0.0	0.0	0.0	0.0	0.0	0.0	0.0	0.0	0.0	0.0	0.0
G1-131	0.1218175684475594	-0.22422171716312345	-0.025539496805224094	-0.0016146985684460486	-0.1286336842565797	0.045297665073592425	0.0793040214417348	-0.023044820201352935	0.0017671414893580552	-0.013330698006958313	-0.03199723238650871	-0.026890094241331385	0.03080355219418356	-0.0038354602897613063	-0.006779281411195002	0.0020087004427188897	0.0042603509915507985	-0.0005822270576415503	9.079822587525819e-05	0.0010449319255504083	-0.000404253945686915	-0.0007752253664315179	0.0007588093269301626	-0.0004228326135540854	0.000386301191999903	-0.0	-0.0	0.0	-0.0	0.0	0.0	0.0	-0.0	0.0	-0.0	0.0	-0.0	0.0	0.0	0.0	0.0	0.0	-0.0	-0.0	-0.0	0.0	0.0	0.0	0.0	0.0	-0.0	-0.0	0.0	0.0	-0.0	0.0	0.0	0.0	0.0	0.0	0.0	0.0	0.0	0.0	0.0	0.0	0.0	0.0	0.0	0.0	0.0	0.0	0.0	0.0	0.0	0.0	0.0	0.0	0.0	0.0	0.0	0.0	0.0	0.0	0.0	0.0	0.0	0.0	0.0	0.0	0.0	0.0	0.0	0.0	0.0	0.0	0.0	0.0	0.0	0.0	0.0	0.0	0.0	0.0	0.0	0.0
G1-132	0.0596207694418683	-0.005444940947584184	-0.07416292426596571	-0.027798625828057567	-0.05713573850671241	0.011868175904422877	0.0329799178436674	-0.011418443410427647	0.021717352354283126	-0.006782834477507495	-0.004396607768972391	-0.00841750926381735	0.0019508400771672655	0.01827401306128226	-0.0037089792643593676	-0.0038059398884705926	0.0006203520676623403	0.0013656429828366365	0.00252718077163947	-0.001372811147032418	-0.004938412346762883	-0.005354756413443368	-0.0008778012297532156	-0.0017358585364262563	0.0009038238347093937	-0.0	-0.0	-0.0	-0.0	0.0	0.0	-0.0	-0.0	-0.0	0.0	-0.0	-0.0	-0.0	0.0	-0.0	-0.0	0.0	-0.0	0.0	-0.0	-0.0	-0.0	-0.0	0.0	0.0	-0.0	-0.0	0.0	0.0	-0.0	0.0	0.0	0.0	0.0	0.0	0.0	0.0	0.0	0.0	0.0	0.0	0.0	0.0	0.0	0.0	0.0	0.0	0.0	0.0	0.0	0.0	0.0	0.0	0.0	0.0	0.0	0.0	0.0	0.0	0.0	0.0	0.0	0.0	0.0	0.0	0.0	0.0	0.0	0.0	0.0	0.0	0.0	0.0	0.0	0.0	0.0	0.0	0.0	0.0	0.0	0.0
G1-135	0.09693209765125199	-6.990400632142959e-05	-0.07009657970377506	-0.00897108366114967	-0.05310556849869	-0.005375120039727613	0.010864536070007359	-0.0028432786003162384	0.015504927189594179	-0.009861513713530456	-0.002389935658175611	0.004305534496097577	-0.014089056381960435	0.01863343956036134	0.005458057073417416	-0.00742659499013467	-0.006036090624294235	-0.0038444311868210987	0.0114443706473322	-0.010111186237931159	-0.0025299641934347873	0.007366355411052711	0.0006280369741794318	4.270377634740152e-05	-0.0004125358815627228	0.0	-0.0	0.0	-0.0	-0.0	-0.0	0.0	-0.0	0.0	0.0	-0.0	-0.0	0.0	0.0	-0.0	0.0	-0.0	-0.0	-0.0	-0.0	0.0	-0.0	0.0	0.0	-0.0	-0.0	-0.0	0.0	0.0	-0.0	0.0	0.0	0.0	0.0	0.0	0.0	0.0	0.0	0.0	0.0	0.0	0.0	0.0	0.0	0.0	0.0	0.0	0.0	0.0	0.0	0.0	0.0	0.0	0.0	0.0	0.0	0.0	0.0	0.0	0.0	0.0	0.0	0.0	0.0	0.0	0.0	0.0	0.0	0.0	0.0	0.0	0.0	0.0	0.0	0.0	0.0	0.0	0.0	0.0	0.0	0.0
G1-136	0.06045051983150631	-0.0044251816368287835	-0.07624691934855	-0.02860889705662997	-0.06065219573045591	0.011847231838006454	0.03405872332665231	-0.012103326616238972	0.022505278424803085	-0.007109163131599493	-0.004506603951207206	-0.008479410452910136	0.0007874018263452464	0.021393890118065917	-0.00494006906785352	-0.005363458393056605	-0.0015707711170151997	0.0037374375459466903	0.005201202279211947	0.011033555192567794	0.018732451094693993	0.004190141998344278	-0.0010535155250815604	0.0010724073327740271	-0.00037596755745602286	-0.0	-0.0	0.0	-0.0	0.0	-0.0	0.0	0.0	0.0	0.0	0.0	-0.0	0.0	0.0	-0.0	-0.0	0.0	-0.0	-0.0	-0.0	0.0	0.0	0.0	0.0	0.0	-0.0	-0.0	0.0	0.0	-0.0	0.0	0.0	0.0	0.0	0.0	0.0	0.0	0.0	0.0	0.0	0.0	0.0	0.0	0.0	0.0	0.0	0.0	0.0	0.0	0.0	0.0	0.0	0.0	0.0	0.0	0.0	0.0	0.0	0.0	0.0	0.0	0.0	0.0	0.0	0.0	0.0	0.0	0.0	0.0	0.0	0.0	0.0	0.0	0.0	0.0	0.0	0.0	0.0	0.0	0.0	0.0
G1-138	0.06014091033084653	-0.008304205823953045	-0.0727049755526987	-0.029150646001169987	-0.05571680872354277	0.011615197316537436	0.033083566963447594	-0.013108755344822056	0.014540073465611758	-0.000239030207700088	0.0024441415660675495	-0.003253421196184092	0.013828272620846817	-0.007370873924817164	0.0007824499787790261	0.006991941349760667	-0.012817628885159832	-0.010227066703522454	-0.0011189398939125319	-0.0001505453107745225	8.90137630299734e-05	-0.005650227505253569	-0.005878491010685178	0.002283801394012177	-0.0011569991848682621	0.0	-0.0	0.0	0.0	0.0	-0.0	0.0	0.0	0.0	0.0	-0.0	-0.0	0.0	0.0	-0.0	0.0	0.0	-0.0	0.0	0.0	0.0	-0.0	0.0	0.0	-0.0	-0.0	-0.0	-0.0	0.0	-0.0	0.0	0.0	0.0	0.0	0.0	0.0	0.0	0.0	0.0	0.0	0.0	0.0	0.0	0.0	0.0	0.0	0.0	0.0	0.0	0.0	0.0	0.0	0.0	0.0	0.0	0.0	0.0	0.0	0.0	0.0	0.0	0.0	0.0	0.0	0.0	0.0	0.0	0.0	0.0	0.0	0.0	0.0	0.0	0.0	0.0	0.0	0.0	0.0	0.0	0.0	0.0
G1-139	-0.08928359085613574	0.02656175716993232	0.009973269672625126	0.00956044391907389	0.0028344534276567314	0.011756924041514726	-0.003488104054165163	-0.001370150832058511	0.007829861863982967	-0.0028887776308227763	-0.0011626529925670747	-0.005202678373999619	0.005681564718024295	0.02640536164028514	0.01013034116719394	-0.012217401956009677	0.00658047981819407	-0.0032338928248482383	-0.010581124281372018	0.004137888429016538	-0.004960764357414679	0.0031447796043354913	-0.0014929665494789906	0.0013300770741824922	-0.000344375127460366	0.0	0.0	0.0	0.0	0.0	-0.0	-0.0	-0.0	-0.0	-0.0	-0.0	-0.0	0.0	-0.0	-0.0	0.0	-0.0	-0.0	0.0	0.0	0.0	-0.0	-0.0	0.0	-0.0	0.0	-0.0	-0.0	-0.0	-0.0	0.0	0.0	0.0	0.0	0.0	0.0	0.0	0.0	0.0	0.0	0.0	0.0	0.0	0.0	0.0	0.0	0.0	0.0	0.0	0.0	0.0	0.0	0.0	0.0	0.0	0.0	0.0	0.0	0.0	0.0	0.0	0.0	0.0	0.0	0.0	0.0	0.0	0.0	0.0	0.0	0.0	0.0	0.0	0.0	0.0	0.0	0.0	0.0	0.0	0.0	0.0
G1-14	0.05962076944186832	-0.005444940947584242	-0.07416292426596595	-0.02779862582805758	-0.05713573850671241	0.011868175904422965	0.0329799178436673	-0.011418443410427664	0.021717352354283175	-0.006782834477507483	-0.004396607768972322	-0.008417509263817393	0.0019508400771671341	0.018274013061282332	-0.0037089792643592813	-0.0038059398884703966	0.0006203520676622998	0.0013656429828367578	0.0025271807716392637	-0.001372811147031866	-0.004938412346762535	-0.0053547564134434076	-0.0008778012297532595	-0.0017358585364268702	0.0009038238347105998	0.0	0.0	0.0	0.0	-0.0	-0.0	0.0	0.0	0.0	-0.0	0.0	0.0	0.0	-0.0	0.0	0.0	-0.0	0.0	-0.0	0.0	0.0	0.0	0.0	-0.0	-0.0	0.0	0.0	-0.0	-0.0	-0.0	0.0	0.0	0.0	0.0	0.0	0.0	0.0	0.0	0.0	0.0	0.0	0.0	0.0	0.0	0.0	0.0	0.0	0.0	0.0	0.0	0.0	0.0	0.0	0.0	0.0	0.0	0.0	0.0	0.0	0.0	0.0	0.0	0.0	0.0	0.0	0.0	0.0	0.0	0.0	0.0	0.0	0.0	0.0	0.0	0.0	0.0	0.0	0.0	0.0	0.0	0.0
G1-140	-0.09101259959472378	0.02979193068333456	0.01042690852722731	0.010198909776711977	0.005979542975137805	0.015498614687703511	-0.002765776604401348	0.002972968616495191	0.012052603687841121	0.003989979982665534	-0.005278722978085426	0.0002681988043300932	0.010071217703641052	0.021977020202232925	0.010540253019605907	-0.018993123514736168	0.011453900613386858	-0.00696287137087524	-0.002363588475569387	-0.011072232125460251	0.0064622506259052965	-0.0020046546622939708	-0.0016594904246185326	-0.003254944606360571	0.0008240917617675784	0.0	-0.0	0.0	-0.0	-0.0	0.0	0.0	0.0	0.0	0.0	-0.0	-0.0	0.0	0.0	0.0	0.0	-0.0	-0.0	-0.0	-0.0	0.0	-0.0	0.0	0.0	-0.0	-0.0	-0.0	0.0	0.0	-0.0	0.0	0.0	0.0	0.0	0.0	0.0	0.0	0.0	0.0	0.0	0.0	0.0	0.0	0.0	0.0	0.0	0.0	0.0	0.0	0.0	0.0	0.0	0.0	0.0	0.0	0.0	0.0	0.0	0.0	0.0	0.0	0.0	0.0	0.0	0.0	0.0	0.0	0.0	0.0	0.0	0.0	0.0	0.0	0.0	0.0	0.0	0.0	0.0	0.0	0.0	0.0
G1-141	-0.08771477336568813	0.02138340837760531	0.015075954582887277	0.010147840877659466	0.0006822380453087385	0.01687201495913287	0.012799579528658905	-0.015885772382576806	0.003958049811369709	0.015946493994289625	0.0011760541087918808	0.02580621571291437	0.0010114643830178034	-0.007795950764994232	-0.00252849431881625	-0.00551839919318381	-7.748422150425224e-05	0.004873121572150031	-0.010519828333644003	-0.008992053113999183	0.004548271593313277	-0.0034171432293453046	0.00405972250427608	0.0014122945193167733	-0.0004137202930819598	0.0	0.0	0.0	0.0	-0.0	-0.0	0.0	-0.0	-0.0	-0.0	-0.0	0.0	0.0	-0.0	-0.0	0.0	0.0	-0.0	-0.0	0.0	-0.0	0.0	-0.0	-0.0	0.0	0.0	-0.0	-0.0	-0.0	-0.0	0.0	0.0	0.0	0.0	0.0	0.0	0.0	0.0	0.0	0.0	0.0	0.0	0.0	0.0	0.0	0.0	0.0	0.0	0.0	0.0	0.0	0.0	0.0	0.0	0.0	0.0	0.0	0.0	0.0	0.0	0.0	0.0	0.0	0.0	0.0	0.0	0.0	0.0	0.0	0.0	0.0	0.0	0.0	0.0	0.0	0.0	0.0	0.0	0.0	0.0	0.0
G1-142	-0.09010805810296846	0.023071921703111464	0.014880589357876877	0.010887053867538111	0.000602318431090195	0.016737838422568225	0.011983043436067783	-0.015141889235529006	0.003733972399842766	0.01667080736934146	0.005111992604853879	0.02516705285927507	-0.00021249436941962055	-0.012301745232216301	-0.00593226474884094	-0.006014505426325713	0.004765670757626892	-0.00298801906315646	0.0024274794850845795	-0.0005954384733299608	0.00017114054670333673	-5.1041426711276395e-05	-0.00018553197983480223	-0.0002712916788929773	1.0870317924563885e-05	0.0	0.0	0.0	-0.0	-0.0	0.0	0.0	-0.0	-0.0	-0.0	-0.0	0.0	0.0	-0.0	-0.0	0.0	-0.0	0.0	-0.0	0.0	0.0	0.0	0.0	-0.0	-0.0	-0.0	0.0	-0.0	0.0	-0.0	0.0	0.0	0.0	0.0	0.0	0.0	0.0	0.0	0.0	0.0	0.0	0.0	0.0	0.0	0.0	0.0	0.0	0.0	0.0	0.0	0.0	0.0	0.0	0.0	0.0	0.0	0.0	0.0	0.0	0.0	0.0	0.0	0.0	0.0	0.0	0.0	0.0	0.0	0.0	0.0	0.0	0.0	0.0	0.0	0.0	0.0	0.0	0.0	0.0	0.0	0.0
G1-143	-0.09010805810296846	0.023071921703111457	0.014880589357876877	0.01088705386753812	0.0006023184310901782	0.016737838422568225	0.011983043436067778	-0.015141889235528998	0.0037339723998428514	0.01667080736934132	0.005111992604854012	0.02516705285927507	-0.00021249436941970408	-0.012301745232216388	-0.005932264748840891	-0.00601450542632562	0.00476567075762697	-0.0029880190631566828	0.0024274794850842416	-0.0005954384733302376	0.00017114054670240732	-5.104142671082344e-05	-0.00018553197983491019	-0.00027129167889267006	1.0870317925593537e-05	-0.0	-0.0	-0.0	-0.0	-0.0	0.0	0.0	0.0	0.0	0.0	0.0	-0.0	0.0	0.0	-0.0	0.0	0.0	0.0	-0.0	-0.0	0.0	0.0	-0.0	0.0	0.0	-0.0	-0.0	-0.0	-0.0	-0.0	0.0	0.0	0.0	0.0	0.0	0.0	0.0	0.0	0.0	0.0	0.0	0.0	0.0	0.0	0.0	0.0	0.0	0.0	0.0	0.0	0.0	0.0	0.0	0.0	0.0	0.0	0.0	0.0	0.0	0.0	0.0	0.0	0.0	0.0	0.0	0.0	0.0	0.0	0.0	0.0	0.0	0.0	0.0	0.0	0.0	0.0	0.0	0.0	0.0	0.0	0.0
G1-144	-0.09010805810296846	0.023071921703111457	0.014880589357876877	0.01088705386753812	0.0006023184310901749	0.016737838422568232	0.01198304343606777	-0.015141889235529048	0.003733972399842803	0.016670807369341397	0.00511199260485396	0.025167052859274987	-0.00021249436941969734	-0.012301745232216377	-0.005932264748841055	-0.00601450542632569	0.004765670757626882	-0.002988019063156796	0.0024274794850843574	-0.0005954384733296656	0.00017114054670300661	-5.104142671120746e-05	-0.00018553197983486305	-0.0002712916788928918	1.087031792499171e-05	0.0	0.0	0.0	0.0	-0.0	-0.0	-0.0	0.0	-0.0	0.0	-0.0	-0.0	0.0	0.0	0.0	-0.0	-0.0	0.0	0.0	0.0	-0.0	-0.0	0.0	0.0	-0.0	-0.0	0.0	-0.0	0.0	-0.0	0.0	0.0	0.0	0.0	0.0	0.0	0.0	0.0	0.0	0.0	0.0	0.0	0.0	0.0	0.0	0.0	0.0	0.0	0.0	0.0	0.0	0.0	0.0	0.0	0.0	0.0	0.0	0.0	0.0	0.0	0.0	0.0	0.0	0.0	0.0	0.0	0.0	0.0	0.0	0.0	0.0	0.0	0.0	0.0	0.0	0.0	0.0	0.0	0.0	0.0	0.0
G1-15	0.05971379399368816	0.006350149064045619	-0.11036502471631891	-0.08162862307709158	-0.07889224109970099	-0.017769933286347257	0.030379743312500016	0.00840317806096342	-0.08555030552156759	-0.006135962532806065	-0.050932474245189624	0.00025234296547735704	0.011104866105828195	0.007944132880335266	-0.013320208341180544	0.003467478503448438	0.010713543461506917	0.00158359920137014	-0.0013104655895444758	0.0026639270693569177	0.002627883121998486	0.00021587418664194307	0.00033708771893671715	-0.00027937169956468655	0.0005951945119461873	-0.0	-0.0	0.0	-0.0	0.0	0.0	0.0	-0.0	0.0	-0.0	0.0	-0.0	0.0	0.0	0.0	0.0	0.0	-0.0	-0.0	-0.0	0.0	0.0	0.0	0.0	0.0	-0.0	-0.0	0.0	0.0	-0.0	0.0	0.0	0.0	0.0	0.0	0.0	0.0	0.0	0.0	0.0	0.0	0.0	0.0	0.0	0.0	0.0	0.0	0.0	0.0	0.0	0.0	0.0	0.0	0.0	0.0	0.0	0.0	0.0	0.0	0.0	0.0	0.0	0.0	0.0	0.0	0.0	0.0	0.0	0.0	0.0	0.0	0.0	0.0	0.0	0.0	0.0	0.0	0.0	0.0	0.0	0.0
G1-175	0.33335276690561993	0.12147633605535754	-0.020465219008940015	-0.048309590865578234	0.2096325809100642	0.12107081013425157	0.2242587883679099	0.09444732504708478	-0.02712969641904393	0.03984414723815097	0.018025515407015955	0.0239464279077555	0.0011756839932177685	0.004927576388464708	0.015631096459872505	-0.0033167556006836233	0.004256262498237805	0.00428883638111775	0.0037060694382873103	-0.001388828539068685	-0.0005550998471603866	0.001048671911704775	-0.0010323742662850422	0.0006036137903381064	-4.546313279009148e-06	-0.0	-0.0	0.0	-0.0	0.0	0.0	0.0	0.0	0.0	-0.0	0.0	-0.0	0.0	0.0	-0.0	0.0	0.0	-0.0	-0.0	-0.0	0.0	0.0	0.0	0.0	0.0	-0.0	-0.0	0.0	0.0	-0.0	0.0	0.0	0.0	0.0	0.0	0.0	0.0	0.0	0.0	0.0	0.0	0.0	0.0	0.0	0.0	0.0	0.0	0.0	0.0	0.0	0.0	0.0	0.0	0.0	0.0	0.0	0.0	0.0	0.0	0.0	0.0	0.0	0.0	0.0	0.0	0.0	0.0	0.0	0.0	0.0	0.0	0.0	0.0	0.0	0.0	0.0	0.0	0.0	0.0	0.0	0.0
G1-176	0.15540814430376018	-0.13468837164398786	0.18621726340511482	0.16320173491284282	0.06066683706190315	-0.09008295474678918	0.0761295305463822	-0.037175800861063174	-0.040042775282057956	0.017853860263148797	-0.0492439711277683	-0.03164771418852177	-0.004230847624723693	-0.006466550385814064	-0.007324493558753219	0.00927919603312749	0.005814124856420985	0.0011471730208123378	-0.001794307631215399	0.00023870063442639174	0.00040721005626348565	0.00020749247161551285	0.00017550621845423086	-0.00010308370041498921	0.0003162226640204668	-0.0	-0.0	0.0	-0.0	0.0	0.0	0.0	-0.0	0.0	-0.0	0.0	-0.0	0.0	0.0	0.0	0.0	0.0	-0.0	-0.0	-0.0	0.0	0.0	0.0	0.0	0.0	-0.0	-0.0	0.0	0.0	-0.0	0.0	0.0	0.0	0.0	0.0	0.0	0.0	0.0	0.0	0.0	0.0	0.0	0.0	0.0	0.0	0.0	0.0	0.0	0.0	0.0	0.0	0.0	0.0	0.0	0.0	0.0	0.0	0.0	0.0	0.0	0.0	0.0	0.0	0.0	0.0	0.0	0.0	0.0	0.0	0.0	0.0	0.0	0.0	0.0	0.0	0.0	0.0	0.0	0.0	0.0	0.0
G1-177	0.11788851060650728	0.11948192003349968	0.08487988422928602	0.05504065774834862	0.007133421013573306	-0.09522800870156375	0.0037356105938509097	-0.07691287870147302	-0.006467359963072769	-0.022346988753959324	0.03834615506002272	0.05188167323018322	0.09053726509395874	0.03302262588745806	-0.001963380238032003	0.033059982971718374	0.01437615100833651	0.015677507601257412	0.0074820850064014665	-0.004388030682549884	-0.0009751645081855785	0.001535446809584589	-0.0016723520927275283	0.0010440617744605861	-0.0002222151996954756	-0.0	-0.0	0.0	-0.0	0.0	0.0	0.0	0.0	0.0	0.0	0.0	-0.0	0.0	0.0	-0.0	0.0	0.0	-0.0	-0.0	-0.0	0.0	0.0	0.0	0.0	0.0	-0.0	-0.0	0.0	0.0	-0.0	0.0	0.0	0.0	0.0	0.0	0.0	0.0	0.0	0.0	0.0	0.0	0.0	0.0	0.0	0.0	0.0	0.0	0.0	0.0	0.0	0.0	0.0	0.0	0.0	0.0	0.0	0.0	0.0	0.0	0.0	0.0	0.0	0.0	0.0	0.0	0.0	0.0	0.0	0.0	0.0	0.0	0.0	0.0	0.0	0.0	0.0	0.0	0.0	0.0	0.0	0.0
G1-178	0.06994074095383249	-0.014251374333156923	-0.033836850597517176	-0.010266999143313119	-0.00222904981269076	-0.03400954155953359	-0.03505447044415026	-0.012543548441394542	0.017343104111392782	0.006130620459266433	0.00351987804465571	0.021648814500850003	0.000893823694506671	0.006452941920166432	-0.011113855571288274	-0.001011389676474634	-0.005842813442717781	-0.0166340348505965	-0.0021415855699456416	0.0034795836449820184	0.0007959672781955948	-0.002520258737713529	0.0032530390340904424	-0.0007358567517593531	-0.002283961215719106	-0.0	-0.0	-0.0	-0.0	0.0	0.0	0.0	-0.0	0.0	0.0	0.0	-0.0	0.0	0.0	-0.0	0.0	0.0	-0.0	-0.0	-0.0	0.0	0.0	0.0	-0.0	0.0	-0.0	-0.0	0.0	0.0	-0.0	0.0	0.0	0.0	0.0	0.0	0.0	0.0	0.0	0.0	0.0	0.0	0.0	0.0	0.0	0.0	0.0	0.0	0.0	0.0	0.0	0.0	0.0	0.0	0.0	0.0	0.0	0.0	0.0	0.0	0.0	0.0	0.0	0.0	0.0	0.0	0.0	0.0	0.0	0.0	0.0	0.0	0.0	0.0	0.0	0.0	0.0	0.0	0.0	0.0	0.0	0.0
G1-180	0.09988528373201054	0.0040519178338508976	-0.08625684510790284	-0.02174470105673534	-0.05230718862332744	-0.01283429044444328	0.041781437883068984	0.012656450412169257	0.02829282982657597	0.013412675519534128	0.019204807331876197	-0.011380652030897286	-0.030295676493665845	-0.031173605723784664	0.022580238204426513	0.041244483488246046	0.023126083457327414	0.012143398439578096	-0.005378019243360693	-0.0003946124237928867	0.0007959501946021014	-0.0013531290574716308	0.0013267371488129402	-0.0012217078240224634	-0.0014815847440118645	-0.0	-0.0	0.0	-0.0	0.0	0.0	0.0	-0.0	0.0	-0.0	0.0	-0.0	0.0	0.0	0.0	0.0	-0.0	-0.0	-0.0	-0.0	0.0	0.0	0.0	-0.0	0.0	-0.0	-0.0	0.0	0.0	-0.0	0.0	0.0	0.0	0.0	0.0	0.0	0.0	0.0	0.0	0.0	0.0	0.0	0.0	0.0	0.0	0.0	0.0	0.0	0.0	0.0	0.0	0.0	0.0	0.0	0.0	0.0	0.0	0.0	0.0	0.0	0.0	0.0	0.0	0.0	0.0	0.0	0.0	0.0	0.0	0.0	0.0	0.0	0.0	0.0	0.0	0.0	0.0	0.0	0.0	0.0	0.0
G1-182	0.14712671113372885	0.03434420425861938	0.0055144753849161255	-0.01221688790982045	0.06588489584006997	-0.13980602074607731	0.05434415810275468	-0.04752134138578381	0.024590235936138172	0.02339011883295898	-0.010860109338681728	-0.010210618559055995	-0.018810976645867256	-0.025566469992521903	-0.025014910344584213	-0.018626968720001687	-0.022513233596353505	0.006160560785425303	-0.00440456949277556	-0.0005460838178506182	-0.0012253956368721145	0.003177279809992804	-0.004157529192897732	0.0016944066289735378	0.0023579950231050707	-0.0	-0.0	0.0	-0.0	0.0	0.0	0.0	-0.0	0.0	-0.0	0.0	-0.0	0.0	0.0	0.0	-0.0	0.0	-0.0	-0.0	-0.0	0.0	0.0	0.0	0.0	0.0	-0.0	-0.0	0.0	0.0	-0.0	0.0	0.0	0.0	0.0	0.0	0.0	0.0	0.0	0.0	0.0	0.0	0.0	0.0	0.0	0.0	0.0	0.0	0.0	0.0	0.0	0.0	0.0	0.0	0.0	0.0	0.0	0.0	0.0	0.0	0.0	0.0	0.0	0.0	0.0	0.0	0.0	0.0	0.0	0.0	0.0	0.0	0.0	0.0	0.0	0.0	0.0	0.0	0.0	0.0	0.0	0.0
G1-187	-0.0892835908561357	0.026561757169932334	0.009973269672625098	0.009560443919073843	0.0028344534276567926	0.011756924041514771	-0.003488104054165031	-0.0013701508320584444	0.007829861863982828	-0.0028887776308227676	-0.0011626529925670027	-0.0052026783739995185	0.005681564718024381	0.026405361640285313	0.010130341167194124	-0.012217401956009668	0.006580479818193999	-0.0032338928248482326	-0.010581124281371571	0.004137888429016738	-0.004960764357414194	0.0031447796043359583	-0.0014929665494796429	0.0013300770741823944	-0.00034437512746139664	-0.0	-0.0	-0.0	-0.0	-0.0	0.0	0.0	0.0	0.0	0.0	0.0	0.0	-0.0	0.0	0.0	-0.0	0.0	0.0	-0.0	-0.0	-0.0	0.0	0.0	-0.0	0.0	-0.0	0.0	0.0	0.0	-0.0	0.0	0.0	0.0	0.0	0.0	0.0	0.0	0.0	0.0	0.0	0.0	0.0	0.0	0.0	0.0	0.0	0.0	0.0	0.0	0.0	0.0	0.0	0.0	0.0	0.0	0.0	0.0	0.0	0.0	0.0	0.0	0.0	0.0	0.0	0.0	0.0	0.0	0.0	0.0	0.0	0.0	0.0	0.0	0.0	0.0	0.0	0.0	0.0	0.0	0.0	0.0
G1-188	0.0280946589031769	0.038688040434716166	0.005822139082552999	0.06098355100962991	-0.01165123083607393	-0.01270231165737625	-0.03863110830974134	0.013546707991471226	0.0008094815190024659	-0.005186668788346071	-0.006122969884255538	-0.003908453589943633	-0.001262417253617631	0.026577444203037995	0.009737691346175196	-0.007885480231648624	0.008177059670971022	-0.008989781649730464	-0.006616303343922235	0.0022357368154133726	-0.0011892961066458068	0.0023275677837065138	-0.00462071082953434	-0.0017188990766919114	0.0009043957506005751	-0.0	-0.0	-0.0	-0.0	0.0	0.0	-0.0	-0.0	-0.0	-0.0	0.0	0.0	0.0	0.0	0.0	-0.0	-0.0	-0.0	-0.0	-0.0	0.0	0.0	0.0	0.0	0.0	-0.0	-0.0	0.0	0.0	-0.0	0.0	0.0	0.0	0.0	0.0	0.0	0.0	0.0	0.0	0.0	0.0	0.0	0.0	0.0	0.0	0.0	0.0	0.0	0.0	0.0	0.0	0.0	0.0	0.0	0.0	0.0	0.0	0.0	0.0	0.0	0.0	0.0	0.0	0.0	0.0	0.0	0.0	0.0	0.0	0.0	0.0	0.0	0.0	0.0	0.0	0.0	0.0	0.0	0.0	0.0	0.0
G1-189	-0.09048505116066313	0.023575503690710056	0.012380147314089106	0.007518052222776151	0.012159215436312357	0.004317590281326369	-0.0005105006981015012	0.006210333492488502	0.004658915903073341	0.00105750236579561	0.004686609176012491	-0.012913695715246394	0.004413999261333205	0.0033798717045321475	0.0066407411814482335	0.01749038273996498	-0.006741862981125011	-0.0037937966483119734	-0.01732442538661867	-0.004110493026554148	0.00405851135195857	0.002999390875308785	-0.003282878624778535	-0.006010965442604313	-0.0009352664700855421	0.0	0.0	0.0	-0.0	-0.0	-0.0	0.0	0.0	0.0	0.0	-0.0	-0.0	0.0	0.0	0.0	0.0	-0.0	0.0	-0.0	-0.0	0.0	-0.0	0.0	0.0	-0.0	-0.0	-0.0	0.0	0.0	-0.0	0.0	0.0	0.0	0.0	0.0	0.0	0.0	0.0	0.0	0.0	0.0	0.0	0.0	0.0	0.0	0.0	0.0	0.0	0.0	0.0	0.0	0.0	0.0	0.0	0.0	0.0	0.0	0.0	0.0	0.0	0.0	0.0	0.0	0.0	0.0	0.0	0.0	0.0	0.0	0.0	0.0	0.0	0.0	0.0	0.0	0.0	0.0	0.0	0.0	0.0	0.0
G1-190	0.12430094219522098	0.058875351578346495	-0.06597076049020738	-0.007879136957712057	0.06280125105904133	0.08920728957202832	-0.145664085992671	0.022324983014001473	0.055663306395944856	0.1554177720804509	-0.053984356195712214	-0.030716401497968667	0.06267253340401042	0.01010574075643246	-0.00914025461563381	0.006754972200321009	-0.00254745815036663	0.0038398696349993427	0.0005270267868735114	0.001567265825809119	-0.0008773273710881363	0.0003163032658918321	0.00017346596467534143	0.00017420263367454088	7.511164917587342e-05	-0.0	-0.0	0.0	-0.0	0.0	0.0	0.0	-0.0	0.0	-0.0	0.0	-0.0	0.0	0.0	0.0	0.0	0.0	-0.0	-0.0	-0.0	0.0	0.0	0.0	0.0	0.0	-0.0	-0.0	0.0	0.0	-0.0	0.0	0.0	0.0	0.0	0.0	0.0	0.0	0.0	0.0	0.0	0.0	0.0	0.0	0.0	0.0	0.0	0.0	0.0	0.0	0.0	0.0	0.0	0.0	0.0	0.0	0.0	0.0	0.0	0.0	0.0	0.0	0.0	0.0	0.0	0.0	0.0	0.0	0.0	0.0	0.0	0.0	0.0	0.0	0.0	0.0	0.0	0.0	0.0	0.0	0.0	0.0
G1-192	0.03012877654379901	0.03556142622849907	0.010395168465488963	0.06571419682871964	-0.015777276461390672	-0.007393980454778987	-0.024646992753690006	-0.0021409059473151766	-0.0025143766511010147	0.01922735894795212	0.0015522181286153178	0.037289971091903205	-0.008032595706033941	-0.02547456042529815	-0.013483725531868706	-0.010326611552907764	0.008693088484801588	-0.005940838007332347	0.007589279988350233	-0.002917095699649239	0.002601876372919416	-0.0006342594541449647	-8.115669791458662e-05	-0.0040108876611303305	-0.000915133367769032	0.0	0.0	0.0	-0.0	-0.0	0.0	0.0	-0.0	0.0	0.0	-0.0	0.0	0.0	0.0	0.0	0.0	-0.0	-0.0	-0.0	0.0	0.0	-0.0	0.0	-0.0	-0.0	-0.0	-0.0	0.0	0.0	-0.0	0.0	0.0	0.0	0.0	0.0	0.0	0.0	0.0	0.0	0.0	0.0	0.0	0.0	0.0	0.0	0.0	0.0	0.0	0.0	0.0	0.0	0.0	0.0	0.0	0.0	0.0	0.0	0.0	0.0	0.0	0.0	0.0	0.0	0.0	0.0	0.0	0.0	0.0	0.0	0.0	0.0	0.0	0.0	0.0	0.0	0.0	0.0	0.0	0.0	0.0	0.0
G1-193	-0.08461092427062972	0.019105827305249717	0.01109357444249969	0.007845124415606045	-0.007587337657141746	0.015066599919654883	0.011319646778809063	-0.023158077908848006	-0.0026735976954129293	0.008494049421851555	0.002628643204626542	0.015549185440080396	-0.00481827602669751	0.01122056730933258	0.010783718770708408	0.015079608400994813	-0.018362376972302266	-0.0016877842472974322	-0.0008613530673446452	-0.000374341221542399	-0.006995712717844066	-0.0005908084579792718	-0.0005335344624579005	-6.36139266833378e-05	-5.024220691612983e-05	-0.0	0.0	-0.0	0.0	-0.0	-0.0	-0.0	-0.0	-0.0	0.0	0.0	0.0	0.0	0.0	-0.0	-0.0	-0.0	0.0	-0.0	-0.0	0.0	-0.0	-0.0	-0.0	0.0	-0.0	0.0	0.0	0.0	-0.0	0.0	0.0	0.0	0.0	0.0	0.0	0.0	0.0	0.0	0.0	0.0	0.0	0.0	0.0	0.0	0.0	0.0	0.0	0.0	0.0	0.0	0.0	0.0	0.0	0.0	0.0	0.0	0.0	0.0	0.0	0.0	0.0	0.0	0.0	0.0	0.0	0.0	0.0	0.0	0.0	0.0	0.0	0.0	0.0	0.0	0.0	0.0	0.0	0.0	0.0	0.0
G2-1100	-0.0930984214311805	0.02725079894999804	0.010570449395552257	0.008747691766962702	0.010463432370375815	0.004237313519932017	0.0004538744934145738	0.007076408776486881	0.00886505911360588	-0.006336178465582695	0.003590855573326852	-0.014292564537206317	-0.00917721277414792	0.014833088081738176	-0.00478580873100547	0.004391277904929565	0.005854426760945674	-0.00177212958781376	0.005422527723634019	-0.0006976488369416253	-0.0008319233433158383	-0.0007138264377511177	6.1885105779827e-05	-0.00021735558723765913	0.00012169631020078301	-0.0	0.0	0.0	-0.0	-0.0	0.0	0.0	0.0	-0.0	-0.0	0.0	0.0	-0.0	-0.0	0.0	-0.0	0.0	0.0	-0.0	-0.0	-0.0	-0.0	0.0	-0.0	-0.0	0.0	-0.0	-0.0	0.0	-0.0	0.0	0.0	0.0	0.0	0.0	0.0	0.0	0.0	0.0	0.0	0.0	0.0	0.0	0.0	0.0	0.0	0.0	0.0	0.0	0.0	0.0	0.0	0.0	0.0	0.0	0.0	0.0	0.0	0.0	0.0	0.0	0.0	0.0	0.0	0.0	0.0	0.0	0.0	0.0	0.0	0.0	0.0	0.0	0.0	0.0	0.0	0.0	0.0	0.0	0.0	0.0
G2-1101	-0.0930984214311805	0.02725079894999804	0.010570449395552257	0.008747691766962702	0.010463432370375815	0.004237313519932014	0.0004538744934145738	0.007076408776486873	0.008865059113605864	-0.006336178465582681	0.003590855573326861	-0.014292564537206334	-0.009177212774147955	0.014833088081738163	-0.004785808731005434	0.004391277904929575	0.005854426760945683	-0.0017721295878137073	0.005422527723634028	-0.0006976488369415789	-0.0008319233433157833	-0.0007138264377510956	6.188510577996863e-05	-0.00021735558723776446	0.00012169631020093068	0.0	-0.0	-0.0	0.0	0.0	0.0	-0.0	-0.0	-0.0	-0.0	0.0	-0.0	-0.0	0.0	0.0	0.0	0.0	0.0	-0.0	-0.0	0.0	0.0	-0.0	0.0	0.0	-0.0	-0.0	-0.0	-0.0	-0.0	0.0	0.0	0.0	0.0	0.0	0.0	0.0	0.0	0.0	0.0	0.0	0.0	0.0	0.0	0.0	0.0	0.0	0.0	0.0	0.0	0.0	0.0	0.0	0.0	0.0	0.0	0.0	0.0	0.0	0.0	0.0	0.0	0.0	0.0	0.0	0.0	0.0	0.0	0.0	0.0	0.0	0.0	0.0	0.0	0.0	0.0	0.0	0.0	0.0	0.0	0.0
G2-1102	-0.09309842143118051	0.02725079894999804	0.010570449395552252	0.008747691766962702	0.010463432370375812	0.00423731351993202	0.00045387449341457596	0.007076408776486872	0.008865059113605873	-0.00633617846558268	0.0035908555733268465	-0.014292564537206334	-0.00917721277414794	0.014833088081738145	-0.004785808731005498	0.004391277904929557	0.005854426760945697	-0.001772129587813718	0.005422527723633941	-0.0006976488369415834	-0.0008319233433157782	-0.0007138264377510811	6.188510577997008e-05	-0.00021735558723773077	0.00012169631020106215	0.0	0.0	-0.0	0.0	-0.0	0.0	-0.0	0.0	-0.0	-0.0	0.0	-0.0	-0.0	-0.0	-0.0	0.0	-0.0	-0.0	0.0	-0.0	-0.0	0.0	-0.0	0.0	-0.0	0.0	0.0	0.0	0.0	-0.0	0.0	0.0	0.0	0.0	0.0	0.0	0.0	0.0	0.0	0.0	0.0	0.0	0.0	0.0	0.0	0.0	0.0	0.0	0.0	0.0	0.0	0.0	0.0	0.0	0.0	0.0	0.0	0.0	0.0	0.0	0.0	0.0	0.0	0.0	0.0	0.0	0.0	0.0	0.0	0.0	0.0	0.0	0.0	0.0	0.0	0.0	0.0	0.0	0.0	0.0	0.0
G2-1103	0.1491096810165196	0.032326702413926586	-0.08224896238582152	-0.02579250534599105	0.10447738577862237	0.08138452292468645	-0.11734620001561687	-0.008013856479009322	0.015197040110199442	-0.030102663864470563	0.01282108288369059	-0.03541958571361971	-0.04831372201649864	0.01577606194853703	-0.012224736225375947	0.00389890294521027	0.0029741104820525496	0.0001091121604126098	0.001397560101683413	-0.001714541202486554	7.902261097233238e-05	-0.0007942513569079268	0.00041153583169790557	0.0005285979419177142	-0.0003193048910968425	-0.0	-0.0	0.0	-0.0	0.0	0.0	0.0	0.0	0.0	-0.0	0.0	-0.0	0.0	0.0	0.0	0.0	0.0	-0.0	-0.0	-0.0	0.0	0.0	0.0	0.0	0.0	-0.0	-0.0	0.0	0.0	-0.0	0.0	0.0	0.0	0.0	0.0	0.0	0.0	0.0	0.0	0.0	0.0	0.0	0.0	0.0	0.0	0.0	0.0	0.0	0.0	0.0	0.0	0.0	0.0	0.0	0.0	0.0	0.0	0.0	0.0	0.0	0.0	0.0	0.0	0.0	0.0	0.0	0.0	0.0	0.0	0.0	0.0	0.0	0.0	0.0	0.0	0.0	0.0	0.0	0.0	0.0	0.0
G2-1104	0.21697306931413726	0.07096578444282502	-0.004616172324387902	-0.0383631210402789	0.15296819609914655	0.01471790737170335	-0.04770263399297349	-0.1022741310356106	-0.015877154506826564	-0.09501351554533015	0.024855269693091542	0.00035190464494444724	0.04918492221470489	-0.006292898752742988	-0.0065499919341613306	-0.008950914906266205	0.003347951203363907	-0.003642237356660435	-0.00525275771803557	0.002732515991665928	0.0014186754202844935	-0.001171746445362296	0.001305811576391616	-0.001376566220033084	0.0006534527337027548	-0.0	-0.0	0.0	-0.0	0.0	0.0	0.0	-0.0	0.0	-0.0	0.0	-0.0	0.0	0.0	0.0	0.0	0.0	-0.0	-0.0	-0.0	0.0	0.0	0.0	0.0	0.0	-0.0	-0.0	0.0	0.0	-0.0	0.0	0.0	0.0	0.0	0.0	0.0	0.0	0.0	0.0	0.0	0.0	0.0	0.0	0.0	0.0	0.0	0.0	0.0	0.0	0.0	0.0	0.0	0.0	0.0	0.0	0.0	0.0	0.0	0.0	0.0	0.0	0.0	0.0	0.0	0.0	0.0	0.0	0.0	0.0	0.0	0.0	0.0	0.0	0.0	0.0	0.0	0.0	0.0	0.0	0.0	0.0
G2-1105	-0.09188257456657958	0.021159664376177095	0.015347376212069443	0.008750272226444124	0.013267948311596259	0.004147979483464848	0.0008343256829204337	0.00667033024844886	0.001981549004812682	-0.002259183834421549	0.011271597417551767	-0.011528630367678335	0.0032287214273881105	-0.013321399633848555	-0.001467225931539249	0.0013803367556205427	-0.002702977230510267	0.002045852755825412	-0.0006954138004978267	0.0014983676717939991	-9.895818166813218e-05	0.00036992219711394107	-2.390357028301244e-05	3.3796754865727536e-05	-0.0001247903011873525	-0.0	-0.0	0.0	0.0	0.0	-0.0	0.0	0.0	0.0	-0.0	-0.0	-0.0	0.0	0.0	0.0	-0.0	-0.0	-0.0	-0.0	-0.0	-0.0	-0.0	-0.0	-0.0	-0.0	0.0	-0.0	-0.0	0.0	-0.0	0.0	0.0	0.0	0.0	0.0	0.0	0.0	0.0	0.0	0.0	0.0	0.0	0.0	0.0	0.0	0.0	0.0	0.0	0.0	0.0	0.0	0.0	0.0	0.0	0.0	0.0	0.0	0.0	0.0	0.0	0.0	0.0	0.0	0.0	0.0	0.0	0.0	0.0	0.0	0.0	0.0	0.0	0.0	0.0	0.0	0.0	0.0	0.0	0.0	0.0	0.0
G2-1106	-0.09188257456657957	0.021159664376177084	0.015347376212069443	0.00875027222644412	0.013267948311596256	0.004147979483464851	0.0008343256829204386	0.006670330248448851	0.001981549004812678	-0.0022591838344215433	0.011271597417551769	-0.011528630367678327	0.0032287214273880923	-0.013321399633848591	-0.001467225931539233	0.0013803367556205301	-0.00270297723051024	0.002045852755825478	-0.0006954138004978015	0.001498367671794062	-9.895818166812012e-05	0.0003699221971137918	-2.3903570283023836e-05	3.379675486559582e-05	-0.0001247903011872232	-0.0	-0.0	-0.0	-0.0	-0.0	-0.0	-0.0	-0.0	0.0	-0.0	-0.0	0.0	0.0	-0.0	-0.0	0.0	-0.0	0.0	0.0	0.0	0.0	0.0	0.0	0.0	-0.0	0.0	0.0	0.0	-0.0	-0.0	0.0	0.0	0.0	0.0	0.0	0.0	0.0	0.0	0.0	0.0	0.0	0.0	0.0	0.0	0.0	0.0	0.0	0.0	0.0	0.0	0.0	0.0	0.0	0.0	0.0	0.0	0.0	0.0	0.0	0.0	0.0	0.0	0.0	0.0	0.0	0.0	0.0	0.0	0.0	0.0	0.0	0.0	0.0	0.0	0.0	0.0	0.0	0.0	0.0	0.0	0.0
G2-1107	-0.09188257456657958	0.02115966437617709	0.01534737621206944	0.008750272226444127	0.013267948311596256	0.004147979483464857	0.0008343256829204372	0.006670330248448856	0.001981549004812678	-0.0022591838344215355	0.011271597417551764	-0.011528630367678355	0.0032287214273881144	-0.013321399633848574	-0.0014672259315392407	0.0013803367556205401	-0.0027029772305102286	0.002045852755825385	-0.0006954138004978342	0.0014983676717939148	-9.895818166809731e-05	0.00036992219711384344	-2.3903570283026685e-05	3.3796754865922685e-05	-0.00012479030118724523	-0.0	-0.0	-0.0	0.0	0.0	0.0	0.0	0.0	-0.0	-0.0	-0.0	-0.0	0.0	-0.0	0.0	0.0	0.0	-0.0	-0.0	-0.0	0.0	-0.0	0.0	0.0	0.0	-0.0	0.0	0.0	0.0	-0.0	0.0	0.0	0.0	0.0	0.0	0.0	0.0	0.0	0.0	0.0	0.0	0.0	0.0	0.0	0.0	0.0	0.0	0.0	0.0	0.0	0.0	0.0	0.0	0.0	0.0	0.0	0.0	0.0	0.0	0.0	0.0	0.0	0.0	0.0	0.0	0.0	0.0	0.0	0.0	0.0	0.0	0.0	0.0	0.0	0.0	0.0	0.0	0.0	0.0	0.0	0.0
G2-1108	-0.09188257456657957	0.021159664376177077	0.015347376212069443	0.00875027222644412	0.01326794831159625	0.004147979483464851	0.0008343256829204416	0.006670330248448844	0.001981549004812678	-0.0022591838344215415	0.011271597417551765	-0.011528630367678335	0.0032287214273880958	-0.01332139963384859	-0.0014672259315392387	0.001380336755620501	-0.002702977230510239	0.0020458527558254625	-0.0006954138004978083	0.0014983676717939178	-9.895818166816948e-05	0.0003699221971138434	-2.3903570282875368e-05	3.379675486576301e-05	-0.00012479030118725385	0.0	-0.0	0.0	0.0	0.0	-0.0	-0.0	0.0	-0.0	0.0	0.0	-0.0	0.0	-0.0	-0.0	0.0	0.0	0.0	0.0	0.0	-0.0	0.0	-0.0	-0.0	0.0	-0.0	-0.0	0.0	0.0	-0.0	0.0	0.0	0.0	0.0	0.0	0.0	0.0	0.0	0.0	0.0	0.0	0.0	0.0	0.0	0.0	0.0	0.0	0.0	0.0	0.0	0.0	0.0	0.0	0.0	0.0	0.0	0.0	0.0	0.0	0.0	0.0	0.0	0.0	0.0	0.0	0.0	0.0	0.0	0.0	0.0	0.0	0.0	0.0	0.0	0.0	0.0	0.0	0.0	0.0	0.0	0.0
G2-1109	-0.09188257456657958	0.02115966437617709	0.015347376212069443	0.008750272226444124	0.013267948311596247	0.004147979483464847	0.0008343256829204343	0.006670330248448858	0.001981549004812679	-0.002259183834421557	0.011271597417551758	-0.01152863036767835	0.0032287214273880884	-0.013321399633848582	-0.0014672259315391986	0.0013803367556205536	-0.002702977230510226	0.002045852755825418	-0.0006954138004977466	0.0014983676717939794	-9.895818166810577e-05	0.0003699221971138823	-2.3903570283109826e-05	3.379675486585545e-05	-0.00012479030118750745	0.0	0.0	0.0	-0.0	0.0	0.0	0.0	-0.0	-0.0	0.0	0.0	0.0	0.0	0.0	-0.0	0.0	0.0	-0.0	0.0	-0.0	0.0	0.0	-0.0	0.0	-0.0	0.0	0.0	0.0	-0.0	-0.0	0.0	0.0	0.0	0.0	0.0	0.0	0.0	0.0	0.0	0.0	0.0	0.0	0.0	0.0	0.0	0.0	0.0	0.0	0.0	0.0	0.0	0.0	0.0	0.0	0.0	0.0	0.0	0.0	0.0	0.0	0.0	0.0	0.0	0.0	0.0	0.0	0.0	0.0	0.0	0.0	0.0	0.0	0.0	0.0	0.0	0.0	0.0	0.0	0.0	0.0	0.0
G2-1110	-0.09188257456657957	0.021159664376177077	0.015347376212069443	0.00875027222644412	0.01326794831159625	0.004147979483464853	0.0008343256829204416	0.00667033024844884	0.0019815490048126737	-0.0022591838344215433	0.011271597417551765	-0.011528630367678329	0.00322872142738811	-0.013321399633848565	-0.0014672259315392608	0.0013803367556204811	-0.0027029772305102373	0.002045852755825451	-0.0006954138004978509	0.0014983676717939386	-9.895818166811745e-05	0.0003699221971138547	-2.39035702828611e-05	3.379675486571439e-05	-0.00012479030118731627	-0.0	0.0	-0.0	-0.0	-0.0	0.0	-0.0	-0.0	0.0	0.0	0.0	0.0	0.0	0.0	0.0	-0.0	-0.0	-0.0	0.0	0.0	-0.0	-0.0	-0.0	-0.0	0.0	-0.0	-0.0	-0.0	0.0	-0.0	0.0	0.0	0.0	0.0	0.0	0.0	0.0	0.0	0.0	0.0	0.0	0.0	0.0	0.0	0.0	0.0	0.0	0.0	0.0	0.0	0.0	0.0	0.0	0.0	0.0	0.0	0.0	0.0	0.0	0.0	0.0	0.0	0.0	0.0	0.0	0.0	0.0	0.0	0.0	0.0	0.0	0.0	0.0	0.0	0.0	0.0	0.0	0.0	0.0	0.0	0.0
G2-1111	-0.09188257456657957	0.021159664376177077	0.015347376212069443	0.008750272226444117	0.013267948311596247	0.004147979483464845	0.0008343256829204445	0.006670330248448843	0.0019815490048126876	-0.0022591838344215402	0.011271597417551755	-0.011528630367678327	0.0032287214273881083	-0.013321399633848596	-0.001467225931539268	0.0013803367556205156	-0.002702977230510275	0.0020458527558254096	-0.0006954138004979067	0.0014983676717939395	-9.89581816680394e-05	0.0003699221971137867	-2.39035702829602e-05	3.3796754865661433e-05	-0.0001247903011873087	0.0	0.0	-0.0	0.0	0.0	0.0	-0.0	-0.0	0.0	0.0	-0.0	0.0	0.0	-0.0	-0.0	-0.0	0.0	0.0	-0.0	-0.0	-0.0	-0.0	0.0	-0.0	0.0	-0.0	-0.0	-0.0	-0.0	-0.0	0.0	0.0	0.0	0.0	0.0	0.0	0.0	0.0	0.0	0.0	0.0	0.0	0.0	0.0	0.0	0.0	0.0	0.0	0.0	0.0	0.0	0.0	0.0	0.0	0.0	0.0	0.0	0.0	0.0	0.0	0.0	0.0	0.0	0.0	0.0	0.0	0.0	0.0	0.0	0.0	0.0	0.0	0.0	0.0	0.0	0.0	0.0	0.0	0.0	0.0	0.0
G2-1113	-0.09188257456657957	0.021159664376177077	0.015347376212069443	0.00875027222644412	0.01326794831159625	0.00414797948346484	0.0008343256829204431	0.0066703302484488435	0.001981549004812682	-0.0022591838344215385	0.011271597417551762	-0.011528630367678335	0.0032287214273881023	-0.013321399633848595	-0.001467225931539256	0.0013803367556205217	-0.0027029772305102494	0.0020458527558254334	-0.0006954138004978768	0.0014983676717939716	-9.895818166810192e-05	0.0003699221971139261	-2.3903570282974687e-05	3.3796754865777606e-05	-0.00012479030118732478	0.0	0.0	-0.0	0.0	-0.0	-0.0	-0.0	0.0	-0.0	0.0	0.0	-0.0	0.0	-0.0	-0.0	0.0	-0.0	-0.0	-0.0	-0.0	-0.0	0.0	0.0	-0.0	0.0	0.0	0.0	0.0	-0.0	-0.0	0.0	0.0	0.0	0.0	0.0	0.0	0.0	0.0	0.0	0.0	0.0	0.0	0.0	0.0	0.0	0.0	0.0	0.0	0.0	0.0	0.0	0.0	0.0	0.0	0.0	0.0	0.0	0.0	0.0	0.0	0.0	0.0	0.0	0.0	0.0	0.0	0.0	0.0	0.0	0.0	0.0	0.0	0.0	0.0	0.0	0.0	0.0	0.0	0.0	0.0	0.0
G2-194	0.05282900211868971	0.04947932669632058	-0.026661243502984343	0.06595944214265101	-0.06515450365647919	0.02029125937621224	0.01421999966950174	0.02448810914975426	-0.01371560145007023	-0.014616924128715408	0.00110396287107422	-0.02613086004818442	0.014252846168977335	-0.0074425959139268125	0.018852700237326308	-0.003187486320910247	-0.0009181294550441636	-0.0033503684504360815	0.00035605161359463736	-0.002195534668412306	-3.15649630072947e-05	0.0019614377335832847	-9.314765406826224e-07	0.0010759604502697075	-0.00019961561692099632	-0.0	0.0	0.0	-0.0	0.0	-0.0	0.0	0.0	0.0	-0.0	-0.0	-0.0	0.0	0.0	-0.0	-0.0	-0.0	-0.0	-0.0	0.0	0.0	-0.0	0.0	-0.0	0.0	-0.0	-0.0	0.0	0.0	-0.0	0.0	0.0	0.0	0.0	0.0	0.0	0.0	0.0	0.0	0.0	0.0	0.0	0.0	0.0	0.0	0.0	0.0	0.0	0.0	0.0	0.0	0.0	0.0	0.0	0.0	0.0	0.0	0.0	0.0	0.0	0.0	0.0	0.0	0.0	0.0	0.0	0.0	0.0	0.0	0.0	0.0	0.0	0.0	0.0	0.0	0.0	0.0	0.0	0.0	0.0	0.0
G2-197	0.09268485992763628	-0.002643595740581366	-0.06589124300967893	-0.009535248669018921	-0.04363152403697013	-0.005435755105149901	0.0012765439762493645	0.016333206910348112	0.006718011010257489	-0.01854722295829326	0.008777131319624064	-0.0214522720043499	0.018209730233886404	-0.02471941064110974	0.015138450257662672	-0.01934258736477019	-0.0068256970703101634	0.0016938844457374525	-0.00010241902788284884	-0.0020370308652870755	-0.0008156273464259808	0.0010061723343105906	-0.005650617618323111	0.002404310302616595	0.0007244122956532843	-0.0	-0.0	-0.0	-0.0	0.0	0.0	0.0	-0.0	0.0	-0.0	0.0	-0.0	0.0	0.0	0.0	0.0	0.0	-0.0	-0.0	-0.0	-0.0	0.0	0.0	0.0	0.0	-0.0	-0.0	0.0	0.0	-0.0	0.0	0.0	0.0	0.0	0.0	0.0	0.0	0.0	0.0	0.0	0.0	0.0	0.0	0.0	0.0	0.0	0.0	0.0	0.0	0.0	0.0	0.0	0.0	0.0	0.0	0.0	0.0	0.0	0.0	0.0	0.0	0.0	0.0	0.0	0.0	0.0	0.0	0.0	0.0	0.0	0.0	0.0	0.0	0.0	0.0	0.0	0.0	0.0	0.0	0.0	0.0
G2-198	-0.1154013780004778	-0.18966909053209366	0.13389749546688295	0.06277658150594706	-0.004047285441579923	0.07048058566175958	0.028372650582535866	-0.013309027908638513	-0.03008967865298442	0.014827679133971261	0.005730882444804294	0.023604727826515865	2.7711730272292215e-05	0.012952066282398828	-0.001321753148448034	0.0016367136933159482	-0.007039776631880063	-0.0003984634938784959	-0.0004980004220171162	0.0029223243474721388	-0.00175999903914095	-0.000721697010731548	0.0012438033814810385	-0.0007033744956203968	-0.000553959047162987	-0.0	-0.0	0.0	-0.0	0.0	-0.0	0.0	0.0	0.0	0.0	0.0	-0.0	0.0	0.0	0.0	0.0	0.0	-0.0	-0.0	-0.0	0.0	-0.0	0.0	0.0	0.0	-0.0	-0.0	0.0	0.0	-0.0	0.0	0.0	0.0	0.0	0.0	0.0	0.0	0.0	0.0	0.0	0.0	0.0	0.0	0.0	0.0	0.0	0.0	0.0	0.0	0.0	0.0	0.0	0.0	0.0	0.0	0.0	0.0	0.0	0.0	0.0	0.0	0.0	0.0	0.0	0.0	0.0	0.0	0.0	0.0	0.0	0.0	0.0	0.0	0.0	0.0	0.0	0.0	0.0	0.0	0.0	0.0
G2-199	-0.09309842143118052	0.02725079894999805	0.010570449395552265	0.008747691766962704	0.010463432370375815	0.004237313519932014	0.0004538744934145934	0.0070764087764868385	0.008865059113605843	-0.006336178465582718	0.003590855573326876	-0.014292564537206289	-0.009177212774147877	0.014833088081738166	-0.004785808731005464	0.00439127790492959	0.005854426760945767	-0.0017721295878137776	0.005422527723633912	-0.0006976488369416275	-0.0008319233433157627	-0.0007138264377511633	6.188510578023309e-05	-0.0002173555872380455	0.00012169631020093426	-0.0	0.0	0.0	-0.0	0.0	-0.0	-0.0	0.0	0.0	-0.0	0.0	-0.0	-0.0	-0.0	-0.0	-0.0	-0.0	-0.0	0.0	0.0	0.0	-0.0	0.0	0.0	0.0	-0.0	0.0	-0.0	-0.0	-0.0	0.0	0.0	0.0	0.0	0.0	0.0	0.0	0.0	0.0	0.0	0.0	0.0	0.0	0.0	0.0	0.0	0.0	0.0	0.0	0.0	0.0	0.0	0.0	0.0	0.0	0.0	0.0	0.0	0.0	0.0	0.0	0.0	0.0	0.0	0.0	0.0	0.0	0.0	0.0	0.0	0.0	0.0	0.0	0.0	0.0	0.0	0.0	0.0	0.0	0.0	0.0
G2-21	0.18456999188120077	-0.23558095551883534	0.055220917430049254	0.0037457642223688906	0.002741966998537964	-0.045858038380332526	-0.035934386078793026	0.20516199039255678	0.01862332311762566	-0.03752294735919274	0.04863510175032129	0.04463015692401685	0.025203914389247475	0.021908405336368602	-0.02911115918654748	0.0012396709058141513	-0.013847426856565608	-0.005926242769765471	-0.004285663421423721	0.0021398808315100217	0.00041788446049297593	-0.0011428528274269793	0.0008727768902895242	-0.0006145474021260261	0.00032258154189676277	-0.0	-0.0	0.0	-0.0	0.0	0.0	0.0	-0.0	0.0	-0.0	0.0	-0.0	0.0	0.0	0.0	0.0	0.0	-0.0	-0.0	-0.0	0.0	0.0	0.0	0.0	0.0	-0.0	-0.0	0.0	0.0	-0.0	0.0	0.0	0.0	0.0	0.0	0.0	0.0	0.0	0.0	0.0	0.0	0.0	0.0	0.0	0.0	0.0	0.0	0.0	0.0	0.0	0.0	0.0	0.0	0.0	0.0	0.0	0.0	0.0	0.0	0.0	0.0	0.0	0.0	0.0	0.0	0.0	0.0	0.0	0.0	0.0	0.0	0.0	0.0	0.0	0.0	0.0	0.0	0.0	0.0	0.0	0.0
G2-210	-0.12121710714607337	-0.1859865034470683	0.1357913949030286	0.06213496461774126	0.010953108856887954	0.06657531683581196	0.008317544985066514	0.016412929113278265	-0.029480228965221882	-0.0077836493838041605	0.005613802308057922	-0.027758459260924864	0.02691791715567669	0.005376310611299629	0.02202725142958834	-0.011652298326510652	0.005298715735410009	-0.0009368429842487589	0.0022017483490263394	-0.0013181886091172383	0.001298332744739515	0.0004583987687458543	-0.0007251651316591795	0.0006797355866633829	0.0004704205949241057	-0.0	-0.0	0.0	-0.0	0.0	0.0	0.0	-0.0	0.0	-0.0	0.0	-0.0	0.0	0.0	-0.0	0.0	0.0	-0.0	-0.0	-0.0	0.0	0.0	0.0	-0.0	0.0	-0.0	-0.0	0.0	0.0	-0.0	0.0	0.0	0.0	0.0	0.0	0.0	0.0	0.0	0.0	0.0	0.0	0.0	0.0	0.0	0.0	0.0	0.0	0.0	0.0	0.0	0.0	0.0	0.0	0.0	0.0	0.0	0.0	0.0	0.0	0.0	0.0	0.0	0.0	0.0	0.0	0.0	0.0	0.0	0.0	0.0	0.0	0.0	0.0	0.0	0.0	0.0	0.0	0.0	0.0	0.0	0.0
G2-211	0.26809399103264836	0.2415901388138068	0.45654402560252344	-0.2733469863573149	-0.14933550652538818	0.048523525303632534	-0.04090177295283993	0.00248190323901339	0.006646199374328504	0.005898929366670556	0.0033582654666417374	-0.013374098297127232	-0.017605723127546817	-0.004609140128699994	0.0004602315105718962	-0.0024169620451682124	-0.000278493696484687	-0.001596383960066705	-0.0005141447618558607	-4.953060261040496e-05	0.00011103813130702531	-0.00012592848002570344	7.344392120481483e-05	-2.6281736269885593e-05	-4.5261445983711915e-05	-0.0	-0.0	0.0	-0.0	0.0	0.0	0.0	-0.0	0.0	-0.0	0.0	-0.0	0.0	0.0	0.0	0.0	0.0	-0.0	-0.0	-0.0	0.0	0.0	0.0	0.0	0.0	-0.0	-0.0	0.0	0.0	-0.0	0.0	0.0	0.0	0.0	0.0	0.0	0.0	0.0	0.0	0.0	0.0	0.0	0.0	0.0	0.0	0.0	0.0	0.0	0.0	0.0	0.0	0.0	0.0	0.0	0.0	0.0	0.0	0.0	0.0	0.0	0.0	0.0	0.0	0.0	0.0	0.0	0.0	0.0	0.0	0.0	0.0	0.0	0.0	0.0	0.0	0.0	0.0	0.0	0.0	0.0	0.0
G2-212	0.2317292904993742	-0.21219924991522363	0.012064685773297319	0.009691311160285892	0.0894615395492364	0.14131891903914312	-0.09676544965644805	-0.06322492026269398	-0.030629692554770372	-0.015974358963753318	-0.034313775875284246	0.015189903698502271	-0.016844724577752747	-0.005760547488929642	0.003561748575483687	0.006860133331114531	0.00010610196026292195	0.0013192925258335639	0.001446111075516387	0.000740674986679272	-0.00011040165059563832	0.0002720669996472091	-4.6690620164081007e-05	-0.00010055593789578407	-2.7231505940294645e-05	-0.0	-0.0	0.0	-0.0	0.0	0.0	0.0	-0.0	0.0	-0.0	0.0	-0.0	0.0	0.0	0.0	0.0	0.0	-0.0	-0.0	-0.0	0.0	0.0	0.0	0.0	0.0	-0.0	-0.0	0.0	0.0	-0.0	0.0	0.0	0.0	0.0	0.0	0.0	0.0	0.0	0.0	0.0	0.0	0.0	0.0	0.0	0.0	0.0	0.0	0.0	0.0	0.0	0.0	0.0	0.0	0.0	0.0	0.0	0.0	0.0	0.0	0.0	0.0	0.0	0.0	0.0	0.0	0.0	0.0	0.0	0.0	0.0	0.0	0.0	0.0	0.0	0.0	0.0	0.0	0.0	0.0	0.0	0.0
G2-213	0.028029692575168068	0.03642804025771826	0.010758043798556277	0.06278242248024538	-0.007469519756354507	-0.009005192972292877	-0.03522558774931169	0.015526331488773042	-0.002443563964144369	0.0046260974945700134	-0.003328588548588573	0.014335286948297552	0.011533757265083917	-0.02023976031437581	0.007370275332295634	-0.01906521912843122	0.0037401905006159883	-0.0033345487316398794	-0.00685392204977405	-0.01168026855209961	0.007665959942678463	-0.0037671918749248925	0.0035747908599705297	0.002050020076906543	-6.553952871952833e-05	-0.0	-0.0	-0.0	-0.0	0.0	-0.0	0.0	0.0	0.0	-0.0	0.0	0.0	0.0	0.0	0.0	-0.0	0.0	-0.0	-0.0	-0.0	0.0	0.0	0.0	0.0	-0.0	0.0	-0.0	0.0	0.0	-0.0	0.0	0.0	0.0	0.0	0.0	0.0	0.0	0.0	0.0	0.0	0.0	0.0	0.0	0.0	0.0	0.0	0.0	0.0	0.0	0.0	0.0	0.0	0.0	0.0	0.0	0.0	0.0	0.0	0.0	0.0	0.0	0.0	0.0	0.0	0.0	0.0	0.0	0.0	0.0	0.0	0.0	0.0	0.0	0.0	0.0	0.0	0.0	0.0	0.0	0.0	0.0
G2-214	-0.09010805810296843	0.023071921703111457	0.01488058935787689	0.010887053867538108	0.0006023184310902795	0.01673783842256829	0.011983043436067885	-0.01514188923552902	0.0037339723998427417	0.016670807369341463	0.00511199260485397	0.025167052859275056	-0.0002124943694195685	-0.012301745232216327	-0.005932264748840875	-0.006014505426325681	0.004765670757626984	-0.002988019063156516	0.0024274794850847035	-0.0005954384733298109	0.000171140546702802	-5.104142671097132e-05	-0.00018553197983507488	-0.00027129167889247745	1.08703179252355e-05	0.0	-0.0	-0.0	0.0	0.0	0.0	0.0	0.0	-0.0	-0.0	0.0	-0.0	-0.0	0.0	-0.0	-0.0	-0.0	0.0	0.0	0.0	0.0	-0.0	0.0	-0.0	-0.0	-0.0	-0.0	0.0	-0.0	-0.0	0.0	0.0	0.0	0.0	0.0	0.0	0.0	0.0	0.0	0.0	0.0	0.0	0.0	0.0	0.0	0.0	0.0	0.0	0.0	0.0	0.0	0.0	0.0	0.0	0.0	0.0	0.0	0.0	0.0	0.0	0.0	0.0	0.0	0.0	0.0	0.0	0.0	0.0	0.0	0.0	0.0	0.0	0.0	0.0	0.0	0.0	0.0	0.0	0.0	0.0	0.0
G2-215	-0.09010805810296843	0.023071921703111457	0.01488058935787689	0.010887053867538103	0.0006023184310902761	0.016737838422568298	0.011983043436067882	-0.015141889235529025	0.0037339723998427448	0.016670807369341466	0.0051119926048539596	0.025167052859275056	-0.00021249436941957035	-0.01230174523221631	-0.005932264748840896	-0.00601450542632567	0.004765670757627014	-0.0029880190631564668	0.002427479485084726	-0.0005954384733298061	0.00017114054670290893	-5.104142671102659e-05	-0.00018553197983497735	-0.0002712916788925991	1.0870317925169272e-05	0.0	-0.0	0.0	-0.0	0.0	-0.0	-0.0	-0.0	0.0	0.0	0.0	0.0	-0.0	-0.0	0.0	-0.0	-0.0	0.0	-0.0	0.0	0.0	-0.0	-0.0	0.0	0.0	0.0	-0.0	-0.0	0.0	-0.0	0.0	0.0	0.0	0.0	0.0	0.0	0.0	0.0	0.0	0.0	0.0	0.0	0.0	0.0	0.0	0.0	0.0	0.0	0.0	0.0	0.0	0.0	0.0	0.0	0.0	0.0	0.0	0.0	0.0	0.0	0.0	0.0	0.0	0.0	0.0	0.0	0.0	0.0	0.0	0.0	0.0	0.0	0.0	0.0	0.0	0.0	0.0	0.0	0.0	0.0	0.0
G2-216	-0.09010805810296843	0.023071921703111467	0.01488058935787689	0.010887053867538108	0.0006023184310902761	0.016737838422568298	0.011983043436067877	-0.015141889235529025	0.0037339723998427356	0.01667080736934147	0.005111992604853954	0.025167052859275056	-0.0002124943694195668	-0.012301745232216303	-0.005932264748840914	-0.006014505426325706	0.004765670757626992	-0.0029880190631565206	0.002427479485084638	-0.0005954384733297862	0.00017114054670282094	-5.10414267110275e-05	-0.00018553197983496884	-0.0002712916788925325	1.0870317925368173e-05	-0.0	-0.0	0.0	0.0	-0.0	0.0	-0.0	-0.0	0.0	-0.0	0.0	0.0	-0.0	0.0	-0.0	0.0	-0.0	-0.0	-0.0	0.0	-0.0	0.0	0.0	0.0	-0.0	-0.0	0.0	0.0	-0.0	-0.0	0.0	0.0	0.0	0.0	0.0	0.0	0.0	0.0	0.0	0.0	0.0	0.0	0.0	0.0	0.0	0.0	0.0	0.0	0.0	0.0	0.0	0.0	0.0	0.0	0.0	0.0	0.0	0.0	0.0	0.0	0.0	0.0	0.0	0.0	0.0	0.0	0.0	0.0	0.0	0.0	0.0	0.0	0.0	0.0	0.0	0.0	0.0	0.0	0.0	0.0	0.0
G2-217	0.026201943400115977	0.03835943114374347	0.010331705097598912	0.06435031759141607	-0.007854607217798579	-0.009517213611231753	-0.036362747015556786	0.01649310956795776	-0.0024070903500975523	0.005299685012174483	0.001120004909310209	0.013170318403084748	0.009526865582925948	-0.026355347680989277	0.002140130651812607	-0.01968383437428666	0.011331531573905268	-0.011281165239099495	0.00974577090790118	-0.003510323381858591	0.0029511292486181276	-0.001279401378775531	-0.001589874155003649	-4.7829842308715803e-05	0.0013730479364510507	-0.0	-0.0	0.0	-0.0	0.0	0.0	-0.0	-0.0	-0.0	0.0	0.0	-0.0	0.0	0.0	-0.0	0.0	0.0	-0.0	-0.0	-0.0	-0.0	-0.0	0.0	-0.0	0.0	0.0	-0.0	-0.0	-0.0	-0.0	0.0	0.0	0.0	0.0	0.0	0.0	0.0	0.0	0.0	0.0	0.0	0.0	0.0	0.0	0.0	0.0	0.0	0.0	0.0	0.0	0.0	0.0	0.0	0.0	0.0	0.0	0.0	0.0	0.0	0.0	0.0	0.0	0.0	0.0	0.0	0.0	0.0	0.0	0.0	0.0	0.0	0.0	0.0	0.0	0.0	0.0	0.0	0.0	0.0	0.0	0.0
G2-218	-0.09010805810296843	0.023071921703111467	0.01488058935787689	0.010887053867538108	0.0006023184310902761	0.016737838422568294	0.01198304343606788	-0.015141889235529015	0.0037339723998427404	0.016670807369341473	0.005111992604853949	0.025167052859275046	-0.0002124943694195714	-0.012301745232216292	-0.005932264748840904	-0.00601450542632566	0.0047656707576269955	-0.0029880190631565336	0.002427479485084692	-0.0005954384733299013	0.00017114054670287133	-5.104142671097488e-05	-0.0001855319798351609	-0.00027129167889262745	1.0870317925437185e-05	0.0	0.0	0.0	-0.0	-0.0	-0.0	-0.0	0.0	0.0	-0.0	-0.0	-0.0	-0.0	0.0	0.0	0.0	0.0	0.0	-0.0	-0.0	0.0	-0.0	-0.0	-0.0	0.0	0.0	0.0	0.0	-0.0	-0.0	0.0	0.0	0.0	0.0	0.0	0.0	0.0	0.0	0.0	0.0	0.0	0.0	0.0	0.0	0.0	0.0	0.0	0.0	0.0	0.0	0.0	0.0	0.0	0.0	0.0	0.0	0.0	0.0	0.0	0.0	0.0	0.0	0.0	0.0	0.0	0.0	0.0	0.0	0.0	0.0	0.0	0.0	0.0	0.0	0.0	0.0	0.0	0.0	0.0	0.0	0.0
G2-219	0.02619246976064416	0.03645576461083752	0.0089903518740603	0.061394220193691396	-0.0036682351730711934	-0.017843377862900103	-0.035220382768117925	0.02352858554413442	0.00033619518086278353	-0.00798067846729119	-8.560418473321835e-05	-0.016309343968014634	-0.010051329083326819	0.006011437546092985	-0.007029967697652775	-0.004980403172277551	0.007482688428204141	0.01608387570322943	-0.0091438465228731	-0.003711334860108826	0.0011811818048055526	0.002543547153773082	-0.0012842074227542106	-0.006018638716414841	-0.0018681700926805277	-0.0	-0.0	0.0	0.0	0.0	-0.0	-0.0	0.0	0.0	0.0	0.0	-0.0	0.0	0.0	-0.0	-0.0	0.0	-0.0	-0.0	-0.0	0.0	-0.0	0.0	0.0	0.0	0.0	-0.0	0.0	0.0	-0.0	0.0	0.0	0.0	0.0	0.0	0.0	0.0	0.0	0.0	0.0	0.0	0.0	0.0	0.0	0.0	0.0	0.0	0.0	0.0	0.0	0.0	0.0	0.0	0.0	0.0	0.0	0.0	0.0	0.0	0.0	0.0	0.0	0.0	0.0	0.0	0.0	0.0	0.0	0.0	0.0	0.0	0.0	0.0	0.0	0.0	0.0	0.0	0.0	0.0	0.0	0.0
G2-22	-0.054333449064264114	-0.24685147906206073	0.05601227816317311	-0.06901150361977408	0.03379753972008912	0.003864868356406477	0.033882742652033664	-0.023126685465715013	0.020917196684167416	0.01033317321141231	0.005481616158580948	-0.005737608708540445	-0.00782146673465581	-0.001582120362387406	-0.006027868390453681	0.0059858509883937245	0.0035876442234568373	0.0018976678810279043	-0.0004984211548962529	-0.0013256721495555801	0.00012690748166499456	0.0003827096939798233	-0.0004882860464596769	0.0001839975258441533	4.119157852027126e-05	0.0	0.0	-0.0	-0.0	-0.0	-0.0	-0.0	0.0	0.0	-0.0	0.0	-0.0	0.0	0.0	0.0	0.0	0.0	0.0	-0.0	0.0	0.0	-0.0	0.0	0.0	-0.0	-0.0	-0.0	0.0	0.0	-0.0	0.0	0.0	0.0	0.0	0.0	0.0	0.0	0.0	0.0	0.0	0.0	0.0	0.0	0.0	0.0	0.0	0.0	0.0	0.0	0.0	0.0	0.0	0.0	0.0	0.0	0.0	0.0	0.0	0.0	0.0	0.0	0.0	0.0	0.0	0.0	0.0	0.0	0.0	0.0	0.0	0.0	0.0	0.0	0.0	0.0	0.0	0.0	0.0	0.0	0.0	0.0
G2-220	0.026152286859036682	0.037816647760069814	0.006130351619061116	0.05886950692399165	-0.004309362958944906	-0.019249092305614064	-0.03460999969991778	0.02218242989939616	0.0011643710178270501	-0.011134307099294286	-0.004554466477318278	-0.015615958678370718	-0.012837981886569504	0.01774008197440749	-0.002626610669536232	0.010154649211798993	0.006990715272623557	0.003256862943241583	0.0031296203021301014	-0.004647914859278901	0.0033314520351682736	-0.004142695147123083	0.00444021312656587	0.004345365938908091	0.0009117318191463867	0.0	0.0	0.0	-0.0	-0.0	0.0	0.0	-0.0	0.0	-0.0	-0.0	-0.0	0.0	-0.0	0.0	0.0	-0.0	-0.0	-0.0	0.0	-0.0	0.0	0.0	-0.0	-0.0	-0.0	-0.0	-0.0	-0.0	-0.0	0.0	0.0	0.0	0.0	0.0	0.0	0.0	0.0	0.0	0.0	0.0	0.0	0.0	0.0	0.0	0.0	0.0	0.0	0.0	0.0	0.0	0.0	0.0	0.0	0.0	0.0	0.0	0.0	0.0	0.0	0.0	0.0	0.0	0.0	0.0	0.0	0.0	0.0	0.0	0.0	0.0	0.0	0.0	0.0	0.0	0.0	0.0	0.0	0.0	0.0	0.0
G2-221	-0.1260324887270647	0.10543733940571293	0.05433432537417902	-0.0015810253518578094	0.05951597629441845	0.01948622823747244	0.029446633964392274	0.056096939457703755	0.11563864932849754	-0.09354377077541198	-0.14105486110672155	0.05060297364587034	0.0037311230206150564	-0.018538795010094998	0.005183667616987232	0.011870189405188651	-0.0008816575680662657	0.003259108924117437	0.0002194054319482461	0.001820219869998995	-0.0010665655733182165	0.000795412069932137	-0.0004074256539610578	0.00019291403181068864	-2.454853596286913e-05	-0.0	-0.0	0.0	-0.0	0.0	0.0	0.0	-0.0	0.0	-0.0	0.0	-0.0	0.0	0.0	0.0	0.0	0.0	-0.0	-0.0	-0.0	0.0	0.0	0.0	0.0	0.0	-0.0	-0.0	0.0	0.0	-0.0	0.0	0.0	0.0	0.0	0.0	0.0	0.0	0.0	0.0	0.0	0.0	0.0	0.0	0.0	0.0	0.0	0.0	0.0	0.0	0.0	0.0	0.0	0.0	0.0	0.0	0.0	0.0	0.0	0.0	0.0	0.0	0.0	0.0	0.0	0.0	0.0	0.0	0.0	0.0	0.0	0.0	0.0	0.0	0.0	0.0	0.0	0.0	0.0	0.0	0.0	0.0
G2-222	-0.09073415288771065	0.025529477619590197	0.010789244904921075	0.008025204150166594	0.010517162402892797	0.004416481437376414	0.001330087611633538	0.006340582515520782	0.009105820446494245	-0.007168141416662843	-8.06841983578856e-05	-0.014109861797362198	-0.00803217868919955	0.019291224006520977	-0.0017503087495828681	0.005956979804489978	0.0008519811055368507	0.0059483985756888	-0.00587442537840913	-0.0070953839421524474	0.0018497278734086386	-0.004549265409361986	0.00532400357650349	0.004401331549612544	0.0001295377887248422	-0.0	-0.0	-0.0	-0.0	0.0	0.0	0.0	0.0	0.0	0.0	0.0	-0.0	0.0	0.0	0.0	-0.0	0.0	-0.0	-0.0	-0.0	0.0	0.0	0.0	0.0	0.0	-0.0	-0.0	0.0	0.0	-0.0	0.0	0.0	0.0	0.0	0.0	0.0	0.0	0.0	0.0	0.0	0.0	0.0	0.0	0.0	0.0	0.0	0.0	0.0	0.0	0.0	0.0	0.0	0.0	0.0	0.0	0.0	0.0	0.0	0.0	0.0	0.0	0.0	0.0	0.0	0.0	0.0	0.0	0.0	0.0	0.0	0.0	0.0	0.0	0.0	0.0	0.0	0.0	0.0	0.0	0.0	0.0
G2-223	0.02818723733725846	0.036198342710879954	0.00891942681735943	0.06250705362218378	-0.0106438094516032	-0.011466346744127899	-0.03750097534529653	0.01388762670001388	-0.0010553001062270904	-0.0047096996953080485	-0.0014508326717622923	-0.003271525871502854	0.0005297027493645564	0.012822471605029756	0.0040011089994094464	-0.021401144540253048	0.007513422017135921	0.00544806418344602	-0.010363278509918208	0.005883681436321268	-0.003506816182780247	0.0038562736026812668	-0.0018231565597553105	0.0009425057560280219	0.0003550843614314896	0.0	0.0	0.0	-0.0	-0.0	0.0	0.0	-0.0	0.0	0.0	-0.0	0.0	0.0	-0.0	0.0	0.0	-0.0	-0.0	-0.0	0.0	-0.0	-0.0	-0.0	-0.0	-0.0	-0.0	0.0	-0.0	-0.0	-0.0	0.0	0.0	0.0	0.0	0.0	0.0	0.0	0.0	0.0	0.0	0.0	0.0	0.0	0.0	0.0	0.0	0.0	0.0	0.0	0.0	0.0	0.0	0.0	0.0	0.0	0.0	0.0	0.0	0.0	0.0	0.0	0.0	0.0	0.0	0.0	0.0	0.0	0.0	0.0	0.0	0.0	0.0	0.0	0.0	0.0	0.0	0.0	0.0	0.0	0.0	0.0
G2-224	-0.0932847985273635	0.024395336534485508	0.013903157725558583	0.009697146623861034	0.012047232383748553	0.005135686779988998	0.0012340391722843052	0.007808859776323445	0.007631961023188099	-0.0072664843642360815	0.007101527606545906	-0.014594591626978777	-0.007585054307679784	0.004629574453024992	-0.010567124054463634	-0.012921035092029534	0.006531566537738549	0.013612971072795516	0.00417469875149606	0.0011521007479774342	-0.004267611620394139	0.0004707517039562714	-1.6565409308856104e-05	-0.0020159353100630464	-0.00026409378939892526	0.0	0.0	0.0	0.0	-0.0	0.0	0.0	-0.0	-0.0	-0.0	-0.0	0.0	0.0	-0.0	-0.0	0.0	-0.0	0.0	-0.0	0.0	-0.0	0.0	-0.0	0.0	-0.0	-0.0	0.0	-0.0	0.0	-0.0	0.0	0.0	0.0	0.0	0.0	0.0	0.0	0.0	0.0	0.0	0.0	0.0	0.0	0.0	0.0	0.0	0.0	0.0	0.0	0.0	0.0	0.0	0.0	0.0	0.0	0.0	0.0	0.0	0.0	0.0	0.0	0.0	0.0	0.0	0.0	0.0	0.0	0.0	0.0	0.0	0.0	0.0	0.0	0.0	0.0	0.0	0.0	0.0	0.0	0.0	0.0
G2-23	-0.05433344906426414	-0.24685147906206079	0.05601227816317313	-0.06901150361977415	0.03379753972008917	0.0038648683564064482	0.03388274265203366	-0.023126685465714992	0.02091719668416749	0.010333173211412227	0.0054816161585809365	-0.005737608708540373	-0.00782146673465568	-0.0015821203623875265	-0.006027868390453649	0.005985850988393702	0.0035876442234568204	0.0018976678810280927	-0.0004984211548961445	-0.0013256721495558462	0.00012690748166484372	0.00038270969398002125	-0.0004882860464600472	0.00018399752584393942	4.1191578519862575e-05	-0.0	-0.0	0.0	0.0	-0.0	-0.0	-0.0	0.0	-0.0	0.0	-0.0	-0.0	-0.0	0.0	-0.0	0.0	0.0	0.0	0.0	0.0	0.0	-0.0	-0.0	-0.0	-0.0	0.0	0.0	-0.0	-0.0	-0.0	0.0	0.0	0.0	0.0	0.0	0.0	0.0	0.0	0.0	0.0	0.0	0.0	0.0	0.0	0.0	0.0	0.0	0.0	0.0	0.0	0.0	0.0	0.0	0.0	0.0	0.0	0.0	0.0	0.0	0.0	0.0	0.0	0.0	0.0	0.0	0.0	0.0	0.0	0.0	0.0	0.0	0.0	0.0	0.0	0.0	0.0	0.0	0.0	0.0	0.0	0.0
G2-24	-0.05433344906426414	-0.24685147906206079	0.05601227816317314	-0.06901150361977412	0.03379753972008919	0.0038648683564064725	0.03388274265203363	-0.023126685465714992	0.020917196684167465	0.010333173211412248	0.005481616158580936	-0.005737608708540385	-0.007821466734655752	-0.0015821203623874467	-0.006027868390453575	0.005985850988393707	0.003587644223456811	0.0018976678810282699	-0.0004984211548960712	-0.0013256721495557816	0.00012690748166493986	0.00038270969397998503	-0.0004882860464594145	0.00018399752584304725	4.119157852002583e-05	-0.0	-0.0	-0.0	-0.0	0.0	0.0	0.0	-0.0	-0.0	-0.0	-0.0	0.0	0.0	-0.0	0.0	-0.0	-0.0	-0.0	-0.0	-0.0	-0.0	0.0	-0.0	-0.0	0.0	0.0	0.0	0.0	-0.0	-0.0	0.0	0.0	0.0	0.0	0.0	0.0	0.0	0.0	0.0	0.0	0.0	0.0	0.0	0.0	0.0	0.0	0.0	0.0	0.0	0.0	0.0	0.0	0.0	0.0	0.0	0.0	0.0	0.0	0.0	0.0	0.0	0.0	0.0	0.0	0.0	0.0	0.0	0.0	0.0	0.0	0.0	0.0	0.0	0.0	0.0	0.0	0.0	0.0	0.0	0.0	0.0
G2-25	0.13791804319175682	0.04197451539521082	0.0030157321817870703	-0.012302110357890203	0.0745739280502261	-0.13020455595292205	0.039735103735897566	-0.01207364047643814	0.019996489715059976	0.001010642225620723	-0.013458363483610621	-0.046409283455674584	0.0075685913951757024	0.0037729616510505204	0.027148948606321315	-0.005293363156384151	-8.378024930102676e-05	-0.017063573612941422	0.0036512468384102955	0.003273635802855653	0.00045487166801215577	-0.0038312296923354115	0.004893806458520427	-0.0016726545665386365	-0.003144992031129651	-0.0	-0.0	0.0	-0.0	0.0	-0.0	0.0	0.0	0.0	0.0	0.0	-0.0	0.0	0.0	-0.0	0.0	0.0	-0.0	-0.0	-0.0	0.0	0.0	0.0	-0.0	-0.0	-0.0	-0.0	0.0	0.0	-0.0	0.0	0.0	0.0	0.0	0.0	0.0	0.0	0.0	0.0	0.0	0.0	0.0	0.0	0.0	0.0	0.0	0.0	0.0	0.0	0.0	0.0	0.0	0.0	0.0	0.0	0.0	0.0	0.0	0.0	0.0	0.0	0.0	0.0	0.0	0.0	0.0	0.0	0.0	0.0	0.0	0.0	0.0	0.0	0.0	0.0	0.0	0.0	0.0	0.0	0.0	0.0
G2-26	-0.054843321482241	-0.028058816195216198	-0.02920576680123081	-0.06596441542069476	0.02958901913593389	-0.01361938361868479	-0.00469774157119904	-0.0020104591408091096	0.04197943584008773	-0.007595913770484688	0.020392994615552155	-0.013932773261095967	0.00919180604391691	-0.01675235904440983	-0.002304290483792993	-0.012325337536372641	0.002573602660783361	0.010037892241780814	-0.009557710656525588	-0.0011502591640243033	0.0015583088165816007	0.00014472387254207302	0.003283841290221086	0.0005688664669762818	-0.0009225708150025182	-0.0	-0.0	0.0	-0.0	0.0	0.0	0.0	0.0	0.0	0.0	0.0	-0.0	0.0	0.0	-0.0	0.0	0.0	-0.0	-0.0	-0.0	0.0	0.0	0.0	0.0	-0.0	-0.0	-0.0	0.0	0.0	-0.0	0.0	0.0	0.0	0.0	0.0	0.0	0.0	0.0	0.0	0.0	0.0	0.0	0.0	0.0	0.0	0.0	0.0	0.0	0.0	0.0	0.0	0.0	0.0	0.0	0.0	0.0	0.0	0.0	0.0	0.0	0.0	0.0	0.0	0.0	0.0	0.0	0.0	0.0	0.0	0.0	0.0	0.0	0.0	0.0	0.0	0.0	0.0	0.0	0.0	0.0	0.0
G2-27	0.1281911892015488	-0.21673779637536356	0.026839979264701257	0.03454812584836834	-0.041605558982040436	-0.034867023917512646	-0.040013647194086704	-0.01681517083554492	3.165265268063869e-05	0.010388583750027361	-0.00994308615665892	0.031858618823743204	-0.019988592153662468	-0.0022452320948460514	0.008984789038756408	-0.0048650195160903605	-0.0052527057594139726	-0.0001320206250321233	0.004265871660494713	0.0008954811365235927	0.00022633777444031088	-0.0013685789379169386	0.0015319504232038197	-0.000836661982906412	-0.001513177941962844	-0.0	-0.0	0.0	-0.0	0.0	0.0	0.0	0.0	0.0	0.0	0.0	-0.0	0.0	0.0	-0.0	0.0	0.0	-0.0	-0.0	-0.0	0.0	0.0	0.0	-0.0	-0.0	-0.0	-0.0	0.0	0.0	-0.0	0.0	0.0	0.0	0.0	0.0	0.0	0.0	0.0	0.0	0.0	0.0	0.0	0.0	0.0	0.0	0.0	0.0	0.0	0.0	0.0	0.0	0.0	0.0	0.0	0.0	0.0	0.0	0.0	0.0	0.0	0.0	0.0	0.0	0.0	0.0	0.0	0.0	0.0	0.0	0.0	0.0	0.0	0.0	0.0	0.0	0.0	0.0	0.0	0.0	0.0	0.0
G2-28	0.12079859532897488	-0.21282482358077548	0.028597205385318708	0.03378497909758754	-0.028248218348491647	-0.03763515544973579	-0.05686775259197746	0.00994122118112014	-0.00013540846504808305	-0.011834009289510122	-0.01128929702947643	-0.019855552347176543	0.002843936282200733	-0.006821369643641394	0.03101765204362372	-0.0123668680324911	0.010304909870409931	0.002130227641069116	0.0016910052492754182	-0.002937410104133664	-0.0004819364927159543	0.002371921532516207	-0.0025995148376132112	0.0016014369421284479	0.0006405379227956964	-0.0	-0.0	0.0	-0.0	0.0	0.0	0.0	-0.0	0.0	-0.0	0.0	-0.0	0.0	0.0	0.0	-0.0	0.0	-0.0	-0.0	-0.0	0.0	0.0	0.0	0.0	0.0	-0.0	-0.0	0.0	0.0	-0.0	0.0	0.0	0.0	0.0	0.0	0.0	0.0	0.0	0.0	0.0	0.0	0.0	0.0	0.0	0.0	0.0	0.0	0.0	0.0	0.0	0.0	0.0	0.0	0.0	0.0	0.0	0.0	0.0	0.0	0.0	0.0	0.0	0.0	0.0	0.0	0.0	0.0	0.0	0.0	0.0	0.0	0.0	0.0	0.0	0.0	0.0	0.0	0.0	0.0	0.0	0.0
G2-29	-0.08691174964965381	0.018654046976985833	0.014601535133695222	0.008815306737483429	0.0015962405037407426	0.014151483725629875	-0.0016820274312093013	-0.004133569262074468	-0.002150067776656235	-0.0043317113205536	0.005708629198647662	-0.0034368952976500115	0.017002003170530668	-0.003085867686556066	0.022339090557890986	-0.018131901628486848	-0.01864383276892356	0.0033978287458610945	0.0041495846379993465	0.0022546209381588828	-0.0016083783287140169	-0.0009088002252786211	-0.0004475798195580181	0.0025174310247429187	0.0008372648446427819	-0.0	-0.0	-0.0	-0.0	0.0	-0.0	0.0	-0.0	0.0	-0.0	0.0	0.0	0.0	0.0	0.0	-0.0	-0.0	-0.0	-0.0	-0.0	0.0	0.0	0.0	0.0	0.0	0.0	-0.0	0.0	0.0	-0.0	0.0	0.0	0.0	0.0	0.0	0.0	0.0	0.0	0.0	0.0	0.0	0.0	0.0	0.0	0.0	0.0	0.0	0.0	0.0	0.0	0.0	0.0	0.0	0.0	0.0	0.0	0.0	0.0	0.0	0.0	0.0	0.0	0.0	0.0	0.0	0.0	0.0	0.0	0.0	0.0	0.0	0.0	0.0	0.0	0.0	0.0	0.0	0.0	0.0	0.0	0.0
G2-313	0.027206824899989414	0.03397809417822398	0.00774381383568841	0.056714023268441126	-0.005851919599529215	-0.017118205061633515	-0.03468658638994386	0.0191934377247428	-0.008122261025958701	-0.007010134802091176	-8.812859068064438e-05	-0.013774004740023743	-0.0020004405523036312	0.00020760464707176833	0.013261352827249362	0.01618202636310006	-0.020355832356943254	0.0018435807628271537	0.003340737538938248	-0.0048150150224600475	0.0034817526846254994	-0.002586733870799911	-0.0005566428490866018	-0.001994867716131704	0.0001613930216195634	0.0	-0.0	0.0	-0.0	-0.0	0.0	0.0	-0.0	-0.0	0.0	-0.0	-0.0	0.0	0.0	-0.0	0.0	-0.0	-0.0	-0.0	-0.0	-0.0	0.0	0.0	-0.0	-0.0	-0.0	-0.0	0.0	0.0	-0.0	0.0	0.0	0.0	0.0	0.0	0.0	0.0	0.0	0.0	0.0	0.0	0.0	0.0	0.0	0.0	0.0	0.0	0.0	0.0	0.0	0.0	0.0	0.0	0.0	0.0	0.0	0.0	0.0	0.0	0.0	0.0	0.0	0.0	0.0	0.0	0.0	0.0	0.0	0.0	0.0	0.0	0.0	0.0	0.0	0.0	0.0	0.0	0.0	0.0	0.0	0.0
G2-314	-0.09309842143118052	0.027250798949998017	0.010570449395552248	0.008747691766962728	0.010463432370375834	0.004237313519932034	0.00045387449341458106	0.00707640877648682	0.008865059113605848	-0.006336178465582761	0.003590855573326782	-0.014292564537206285	-0.009177212774147857	0.014833088081738137	-0.004785808731005318	0.0043912779049296476	0.005854426760945762	-0.0017721295878136978	0.0054225277236340675	-0.000697648836941287	-0.0008319233433159053	-0.0007138264377507843	6.188510577998275e-05	-0.00021735558723794178	0.00012169631020067397	0.0	0.0	0.0	0.0	-0.0	-0.0	0.0	-0.0	0.0	0.0	-0.0	0.0	0.0	0.0	-0.0	-0.0	0.0	-0.0	0.0	0.0	-0.0	-0.0	-0.0	-0.0	-0.0	0.0	0.0	0.0	-0.0	-0.0	0.0	0.0	0.0	0.0	0.0	0.0	0.0	0.0	0.0	0.0	0.0	0.0	0.0	0.0	0.0	0.0	0.0	0.0	0.0	0.0	0.0	0.0	0.0	0.0	0.0	0.0	0.0	0.0	0.0	0.0	0.0	0.0	0.0	0.0	0.0	0.0	0.0	0.0	0.0	0.0	0.0	0.0	0.0	0.0	0.0	0.0	0.0	0.0	0.0	0.0	0.0
G2-315	0.024838504501020604	0.036648996056109884	0.007231180616102225	0.05867381183572781	-0.0030066870098940774	-0.020016315830476774	-0.03525740183753953	0.02151639843083968	-0.005456103695211155	-0.004616646546038374	0.005387783904842257	-0.013564591047126257	-0.004243369839971544	-0.008213721155629726	-0.001859982404432241	0.019162707851996807	0.0031771443359416415	-0.010506253054912646	0.006676998479111119	0.0034409504781700894	-0.0016201262913753181	0.0012340239751418485	-0.0019961938179225004	-0.0009227455246021933	0.0003574758739480042	-0.0	-0.0	0.0	-0.0	0.0	-0.0	0.0	0.0	0.0	-0.0	0.0	-0.0	0.0	0.0	-0.0	-0.0	0.0	-0.0	-0.0	-0.0	0.0	-0.0	-0.0	-0.0	0.0	0.0	-0.0	0.0	0.0	-0.0	0.0	0.0	0.0	0.0	0.0	0.0	0.0	0.0	0.0	0.0	0.0	0.0	0.0	0.0	0.0	0.0	0.0	0.0	0.0	0.0	0.0	0.0	0.0	0.0	0.0	0.0	0.0	0.0	0.0	0.0	0.0	0.0	0.0	0.0	0.0	0.0	0.0	0.0	0.0	0.0	0.0	0.0	0.0	0.0	0.0	0.0	0.0	0.0	0.0	0.0	0.0
G2-316	-0.09309842143118052	0.027250798949998017	0.010570449395552248	0.008747691766962728	0.010463432370375834	0.004237313519932037	0.0004538744934145832	0.0070764087764868195	0.00886505911360585	-0.006336178465582761	0.0035908555733267927	-0.014292564537206284	-0.009177212774147857	0.014833088081738137	-0.004785808731005301	0.004391277904929645	0.005854426760945787	-0.0017721295878136408	0.005422527723634046	-0.0006976488369413372	-0.000831923343315889	-0.000713826437750736	6.188510578007206e-05	-0.0002173555872378115	0.0001216963102006485	-0.0	0.0	0.0	0.0	-0.0	0.0	-0.0	-0.0	0.0	0.0	-0.0	-0.0	0.0	-0.0	0.0	0.0	-0.0	0.0	-0.0	0.0	0.0	0.0	0.0	-0.0	-0.0	0.0	-0.0	-0.0	0.0	-0.0	0.0	0.0	0.0	0.0	0.0	0.0	0.0	0.0	0.0	0.0	0.0	0.0	0.0	0.0	0.0	0.0	0.0	0.0	0.0	0.0	0.0	0.0	0.0	0.0	0.0	0.0	0.0	0.0	0.0	0.0	0.0	0.0	0.0	0.0	0.0	0.0	0.0	0.0	0.0	0.0	0.0	0.0	0.0	0.0	0.0	0.0	0.0	0.0	0.0	0.0	0.0
G2-317	-0.056919137278802844	-0.023981099809426896	-0.032598641326283734	-0.06621040229454236	0.028050202111095594	-0.014685446354555948	-0.006085544234193887	-0.0021189197933779436	0.04423960905338075	-0.006662754435022878	0.02085616135070936	-0.015515241109873684	0.005740321829436953	-0.009906067676026814	-0.001377117372789354	0.005156646227562345	0.007486617894105069	-0.01339440515534619	0.006768659326444099	0.0024408305312551472	0.0006828117571312325	0.001240862780200422	-0.0018029442692185703	0.00017440289562278168	0.0005924225934086611	-0.0	0.0	0.0	-0.0	0.0	-0.0	0.0	-0.0	0.0	-0.0	0.0	-0.0	0.0	0.0	-0.0	-0.0	-0.0	-0.0	-0.0	-0.0	0.0	0.0	0.0	-0.0	0.0	-0.0	-0.0	0.0	0.0	-0.0	0.0	0.0	0.0	0.0	0.0	0.0	0.0	0.0	0.0	0.0	0.0	0.0	0.0	0.0	0.0	0.0	0.0	0.0	0.0	0.0	0.0	0.0	0.0	0.0	0.0	0.0	0.0	0.0	0.0	0.0	0.0	0.0	0.0	0.0	0.0	0.0	0.0	0.0	0.0	0.0	0.0	0.0	0.0	0.0	0.0	0.0	0.0	0.0	0.0	0.0	0.0
G2-318	-0.09175604549686443	0.024033275540442416	0.012048011583904877	0.007838512643603895	0.011708668468904062	0.003302465698988791	8.47974955432126e-05	0.0059502795330240235	0.003297902548039806	-0.0013614944687163494	0.007776040416566256	-0.011293794072367731	0.0016001415761549025	-0.0030787226794030315	0.0040673985348997355	0.018192307532856274	-0.002980714683917911	-0.013110204675948202	0.0010573217419897376	-0.00047926984781437496	0.0038347497440094887	-0.0011436363016112411	0.0007098441092350651	0.003087880993025082	0.0009078961761355888	0.0	0.0	0.0	0.0	-0.0	0.0	0.0	-0.0	-0.0	-0.0	-0.0	0.0	0.0	-0.0	0.0	0.0	-0.0	0.0	0.0	0.0	-0.0	0.0	-0.0	0.0	-0.0	-0.0	0.0	-0.0	-0.0	-0.0	0.0	0.0	0.0	0.0	0.0	0.0	0.0	0.0	0.0	0.0	0.0	0.0	0.0	0.0	0.0	0.0	0.0	0.0	0.0	0.0	0.0	0.0	0.0	0.0	0.0	0.0	0.0	0.0	0.0	0.0	0.0	0.0	0.0	0.0	0.0	0.0	0.0	0.0	0.0	0.0	0.0	0.0	0.0	0.0	0.0	0.0	0.0	0.0	0.0	0.0	0.0
G2-319	0.024967033484480178	0.03411017611858295	0.010348497177151326	0.060168255500709145	-0.001954954860081504	-0.018838349881856894	-0.03415303803011566	0.021882171967852183	-0.007378853870174777	-0.00416792945041487	0.010063610878593124	-0.012941024014036554	-0.002561774422355644	-0.022108285911058984	-0.0074834698882398605	0.006130415154626936	0.002443627142798276	0.0037011178349646927	0.003323095518307965	0.006180755660875129	-0.003693168314927418	0.0017292346148306526	0.0008647128410684132	0.0017780283670152603	-0.0003197170216393222	0.0	-0.0	0.0	-0.0	-0.0	0.0	-0.0	-0.0	-0.0	-0.0	-0.0	-0.0	0.0	-0.0	-0.0	-0.0	0.0	0.0	-0.0	0.0	0.0	0.0	0.0	-0.0	-0.0	0.0	0.0	0.0	-0.0	-0.0	0.0	0.0	0.0	0.0	0.0	0.0	0.0	0.0	0.0	0.0	0.0	0.0	0.0	0.0	0.0	0.0	0.0	0.0	0.0	0.0	0.0	0.0	0.0	0.0	0.0	0.0	0.0	0.0	0.0	0.0	0.0	0.0	0.0	0.0	0.0	0.0	0.0	0.0	0.0	0.0	0.0	0.0	0.0	0.0	0.0	0.0	0.0	0.0	0.0	0.0	0.0
G2-320	0.024967033484480178	0.03411017611858295	0.010348497177151326	0.060168255500709145	-0.001954954860081504	-0.018838349881856894	-0.03415303803011565	0.021882171967852193	-0.0073788538701747754	-0.004167929450414873	0.01006361087859313	-0.012941024014036545	-0.0025617744223556333	-0.022108285911058984	-0.00748346988823988	0.006130415154626956	0.002443627142798294	0.003701117834964754	0.003323095518307967	0.006180755660875118	-0.0036931683149274567	0.0017292346148307187	0.0008647128410684171	0.0017780283670152826	-0.00031971702163925936	-0.0	0.0	-0.0	0.0	0.0	-0.0	0.0	0.0	0.0	0.0	0.0	0.0	0.0	0.0	0.0	0.0	-0.0	-0.0	0.0	-0.0	-0.0	-0.0	-0.0	0.0	0.0	-0.0	-0.0	-0.0	0.0	-0.0	0.0	0.0	0.0	0.0	0.0	0.0	0.0	0.0	0.0	0.0	0.0	0.0	0.0	0.0	0.0	0.0	0.0	0.0	0.0	0.0	0.0	0.0	0.0	0.0	0.0	0.0	0.0	0.0	0.0	0.0	0.0	0.0	0.0	0.0	0.0	0.0	0.0	0.0	0.0	0.0	0.0	0.0	0.0	0.0	0.0	0.0	0.0	0.0	0.0	0.0	0.0
G2-321	-0.09188257456657957	0.02115966437617706	0.01534737621206946	0.008750272226444136	0.013267948311596259	0.004147979483464898	0.0008343256829204227	0.0066703302484488036	0.001981549004812681	-0.0022591838344215797	0.011271597417551663	-0.011528630367678337	0.0032287214273880763	-0.013321399633848596	-0.001467225931539141	0.0013803367556205093	-0.0027029772305102416	0.002045852755825442	-0.0006954138004976767	0.001498367671794108	-9.895818166828611e-05	0.00036992219711406244	-2.3903570282983513e-05	3.379675486567888e-05	-0.00012479030118764357	-0.0	0.0	-0.0	0.0	-0.0	0.0	0.0	0.0	-0.0	-0.0	-0.0	0.0	-0.0	0.0	-0.0	0.0	-0.0	0.0	-0.0	0.0	0.0	-0.0	-0.0	0.0	0.0	0.0	-0.0	-0.0	0.0	-0.0	0.0	0.0	0.0	0.0	0.0	0.0	0.0	0.0	0.0	0.0	0.0	0.0	0.0	0.0	0.0	0.0	0.0	0.0	0.0	0.0	0.0	0.0	0.0	0.0	0.0	0.0	0.0	0.0	0.0	0.0	0.0	0.0	0.0	0.0	0.0	0.0	0.0	0.0	0.0	0.0	0.0	0.0	0.0	0.0	0.0	0.0	0.0	0.0	0.0	0.0	0.0
G2-322	-0.09188257456657957	0.02115966437617706	0.015347376212069455	0.008750272226444132	0.013267948311596256	0.004147979483464894	0.000834325682920427	0.0066703302484488036	0.0019815490048126724	-0.002259183834421581	0.011271597417551673	-0.011528630367678335	0.0032287214273880745	-0.013321399633848605	-0.0014672259315391444	0.0013803367556205356	-0.0027029772305102425	0.0020458527558254763	-0.0006954138004976471	0.001498367671794155	-9.895818166821066e-05	0.00036992219711418507	-2.3903570283008863e-05	3.3796754865718395e-05	-0.0001247903011875206	0.0	0.0	0.0	0.0	-0.0	-0.0	0.0	-0.0	-0.0	-0.0	-0.0	0.0	-0.0	-0.0	0.0	-0.0	-0.0	-0.0	-0.0	-0.0	0.0	0.0	-0.0	0.0	-0.0	-0.0	-0.0	-0.0	0.0	-0.0	0.0	0.0	0.0	0.0	0.0	0.0	0.0	0.0	0.0	0.0	0.0	0.0	0.0	0.0	0.0	0.0	0.0	0.0	0.0	0.0	0.0	0.0	0.0	0.0	0.0	0.0	0.0	0.0	0.0	0.0	0.0	0.0	0.0	0.0	0.0	0.0	0.0	0.0	0.0	0.0	0.0	0.0	0.0	0.0	0.0	0.0	0.0	0.0	0.0	0.0	0.0
G2-323	0.06505886607199518	-0.01455370049072934	-0.03193191616994775	-0.012132298443745445	0.008844614192905956	-0.03970099708702403	-0.04377896266955129	0.014662730677252819	0.015052516492516283	-0.012313374473453728	0.007615092767508446	-0.016875592601769632	0.006764659978728478	-0.013065409580428712	-0.0022755495823714948	-0.005641271444340321	-0.01409730693709363	0.010622678970697167	0.006654047901054628	0.0022188089139518305	-0.000568205674786272	-0.0019315376850320776	0.0033032381412497233	-0.0020989413308049425	-0.00028205561377357544	0.0	-0.0	0.0	-0.0	0.0	-0.0	0.0	0.0	0.0	0.0	0.0	-0.0	0.0	0.0	-0.0	0.0	0.0	-0.0	-0.0	-0.0	0.0	-0.0	0.0	0.0	-0.0	-0.0	-0.0	0.0	0.0	-0.0	0.0	0.0	0.0	0.0	0.0	0.0	0.0	0.0	0.0	0.0	0.0	0.0	0.0	0.0	0.0	0.0	0.0	0.0	0.0	0.0	0.0	0.0	0.0	0.0	0.0	0.0	0.0	0.0	0.0	0.0	0.0	0.0	0.0	0.0	0.0	0.0	0.0	0.0	0.0	0.0	0.0	0.0	0.0	0.0	0.0	0.0	0.0	0.0	0.0	0.0	0.0
G2-324	-0.11665949190983917	0.039109681735314414	0.0025665298345868906	-0.03239254814017831	0.012608123174851663	-0.009330474787117392	-0.009399649178926831	0.027497747033977324	-0.09912460977919978	0.00042205681725764765	-0.019262896332257542	-0.0020926757609249862	0.0033091623276017283	-0.0012267093624075862	0.003977092870488101	-0.0014929061815030346	-0.011885698662623156	0.010444488144513564	-0.0009040042189538285	-0.0030486482609714542	0.000873905216407685	-0.0021525496840396224	7.630012217845614e-05	-0.0013191645618987869	-0.00012328970422939084	0.0	-0.0	0.0	-0.0	0.0	0.0	0.0	-0.0	0.0	0.0	0.0	-0.0	0.0	0.0	0.0	0.0	0.0	-0.0	-0.0	-0.0	0.0	-0.0	0.0	0.0	-0.0	-0.0	-0.0	0.0	-0.0	-0.0	0.0	0.0	0.0	0.0	0.0	0.0	0.0	0.0	0.0	0.0	0.0	0.0	0.0	0.0	0.0	0.0	0.0	0.0	0.0	0.0	0.0	0.0	0.0	0.0	0.0	0.0	0.0	0.0	0.0	0.0	0.0	0.0	0.0	0.0	0.0	0.0	0.0	0.0	0.0	0.0	0.0	0.0	0.0	0.0	0.0	0.0	0.0	0.0	0.0	0.0	0.0
G2-325	-0.07007225417243924	-0.013269576160787073	-0.04930345199492612	-0.11153162951783441	0.023632706554558076	-0.03095891272182537	-0.01271749007878919	0.010796111158843992	-0.03671717794156759	-0.005637173056636199	-0.008893709470649014	-0.007809958994766663	0.00377277699298364	0.0032876208190936312	0.007482948090634276	0.0018958557340546355	-0.006436732537047952	0.0038252383503091306	6.51422115850613e-05	-0.00031346175646234254	0.0015188594923493102	-0.00458169881145245	-0.002467105206003265	0.00021169711244677566	-7.044327220742133e-06	0.0	-0.0	0.0	0.0	0.0	0.0	0.0	-0.0	-0.0	0.0	0.0	-0.0	0.0	-0.0	0.0	0.0	-0.0	0.0	0.0	-0.0	-0.0	-0.0	0.0	0.0	0.0	0.0	-0.0	-0.0	0.0	-0.0	0.0	0.0	0.0	0.0	0.0	0.0	0.0	0.0	0.0	0.0	0.0	0.0	0.0	0.0	0.0	0.0	0.0	0.0	0.0	0.0	0.0	0.0	0.0	0.0	0.0	0.0	0.0	0.0	0.0	0.0	0.0	0.0	0.0	0.0	0.0	0.0	0.0	0.0	0.0	0.0	0.0	0.0	0.0	0.0	0.0	0.0	0.0	0.0	0.0	0.0	0.0
G2-326	-0.12004322051060182	0.04194281559751045	0.0026004490304223278	-0.03177972686500697	0.017357645844285407	-0.013280419919346084	-0.010759258737206366	0.030712094570355626	-0.09795596106891101	0.0036717104645107835	-0.014067283519247098	-0.0009394528776713626	0.0015022720154024497	-0.010565884430546664	-0.011369121194623464	0.002331717618312606	0.01459482439058941	-0.002399205190582877	-0.000238109760577222	0.003955590063443641	-0.0014583859993036123	0.0018845714017260422	0.0003062360201719931	0.0010637030559337032	0.0004408019926713161	-0.0	0.0	-0.0	-0.0	0.0	-0.0	0.0	-0.0	0.0	-0.0	-0.0	-0.0	0.0	0.0	-0.0	-0.0	0.0	-0.0	-0.0	-0.0	0.0	0.0	0.0	-0.0	0.0	-0.0	-0.0	0.0	0.0	-0.0	0.0	0.0	0.0	0.0	0.0	0.0	0.0	0.0	0.0	0.0	0.0	0.0	0.0	0.0	0.0	0.0	0.0	0.0	0.0	0.0	0.0	0.0	0.0	0.0	0.0	0.0	0.0	0.0	0.0	0.0	0.0	0.0	0.0	0.0	0.0	0.0	0.0	0.0	0.0	0.0	0.0	0.0	0.0	0.0	0.0	0.0	0.0	0.0	0.0	0.0	0.0
G2-327	-0.07007225417243924	-0.01326957616078706	-0.04930345199492613	-0.11153162951783441	0.023632706554558087	-0.03095891272182536	-0.012717490078789195	0.010796111158843994	-0.036717177941567605	-0.005637173056636193	-0.008893709470649004	-0.007809958994766672	0.0037727769929836448	0.003287620819093644	0.007482948090634249	0.0018958557340546642	-0.006436732537047957	0.003825238350309102	6.514221158506595e-05	-0.00031346175646220805	0.001518859492349394	-0.004581698811452433	-0.0024671052060035114	0.00021169711244657522	-7.04432722059653e-06	0.0	0.0	0.0	0.0	-0.0	0.0	-0.0	0.0	0.0	-0.0	-0.0	0.0	0.0	0.0	-0.0	-0.0	0.0	-0.0	0.0	0.0	0.0	0.0	-0.0	0.0	0.0	0.0	-0.0	0.0	-0.0	-0.0	0.0	0.0	0.0	0.0	0.0	0.0	0.0	0.0	0.0	0.0	0.0	0.0	0.0	0.0	0.0	0.0	0.0	0.0	0.0	0.0	0.0	0.0	0.0	0.0	0.0	0.0	0.0	0.0	0.0	0.0	0.0	0.0	0.0	0.0	0.0	0.0	0.0	0.0	0.0	0.0	0.0	0.0	0.0	0.0	0.0	0.0	0.0	0.0	0.0	0.0	0.0
G2-328	-0.07041559996192354	-0.012809962736896191	-0.0499736008233685	-0.1130292017538684	0.02338611276158414	-0.03138768478161909	-0.012699517504385976	0.010999329710438063	-0.03755868399945445	-0.005714529934020217	-0.008626175106537052	-0.007917213996718344	0.003605315289778143	0.0039070030668133405	0.008400063379265982	0.0015985529883838937	-0.009019557939037094	0.0007626523481631114	0.004366811531105754	-0.008745251040404817	-0.0017795544972936425	0.013275681350047927	0.007611357022228239	-0.0008341767095868085	0.0006718669875736567	-0.0	-0.0	0.0	-0.0	0.0	-0.0	0.0	0.0	0.0	-0.0	0.0	-0.0	0.0	0.0	0.0	-0.0	0.0	-0.0	-0.0	-0.0	0.0	0.0	0.0	0.0	-0.0	-0.0	-0.0	0.0	0.0	-0.0	0.0	0.0	0.0	0.0	0.0	0.0	0.0	0.0	0.0	0.0	0.0	0.0	0.0	0.0	0.0	0.0	0.0	0.0	0.0	0.0	0.0	0.0	0.0	0.0	0.0	0.0	0.0	0.0	0.0	0.0	0.0	0.0	0.0	0.0	0.0	0.0	0.0	0.0	0.0	0.0	0.0	0.0	0.0	0.0	0.0	0.0	0.0	0.0	0.0	0.0	0.0
G2-329	-0.07007225417243924	-0.01326957616078706	-0.04930345199492613	-0.11153162951783441	0.023632706554558083	-0.03095891272182536	-0.012717490078789202	0.010796111158843989	-0.03671717794156761	-0.005637173056636184	-0.008893709470648999	-0.007809958994766692	0.003772776992983647	0.003287620819093683	0.007482948090634261	0.0018958557340546744	-0.006436732537047935	0.0038252383503091527	6.514221158504162e-05	-0.00031346175646235517	0.001518859492349355	-0.004581698811452237	-0.0024671052060032134	0.00021169711244645455	-7.044327220561485e-06	-0.0	0.0	-0.0	-0.0	0.0	-0.0	-0.0	0.0	-0.0	-0.0	0.0	0.0	-0.0	0.0	-0.0	0.0	-0.0	-0.0	-0.0	0.0	0.0	-0.0	-0.0	-0.0	-0.0	-0.0	0.0	-0.0	0.0	-0.0	0.0	0.0	0.0	0.0	0.0	0.0	0.0	0.0	0.0	0.0	0.0	0.0	0.0	0.0	0.0	0.0	0.0	0.0	0.0	0.0	0.0	0.0	0.0	0.0	0.0	0.0	0.0	0.0	0.0	0.0	0.0	0.0	0.0	0.0	0.0	0.0	0.0	0.0	0.0	0.0	0.0	0.0	0.0	0.0	0.0	0.0	0.0	0.0	0.0	0.0	0.0
G2-330	-0.07354059459165718	-0.010715194990066792	-0.04972059746393939	-0.1117008642119207	0.02839938597046845	-0.0351342486756756	-0.01409933846694276	0.013893477527082912	-0.03479807519522974	-0.0025562421735545065	-0.0030627461178696475	-0.007321180433818886	0.002072261741910904	-0.008193362498778866	-0.009523705974262872	0.004430163990213643	0.02090659102097744	-0.00895327593280723	0.007213795771642625	0.004817293211012108	-0.002098526027353428	0.0008311764577330612	-0.0015296632329178362	-0.0004926255864706233	-0.0002719564657182657	-0.0	-0.0	0.0	-0.0	0.0	0.0	0.0	0.0	0.0	0.0	0.0	-0.0	0.0	0.0	0.0	0.0	0.0	-0.0	-0.0	-0.0	0.0	0.0	0.0	0.0	-0.0	-0.0	-0.0	0.0	0.0	-0.0	0.0	0.0	0.0	0.0	0.0	0.0	0.0	0.0	0.0	0.0	0.0	0.0	0.0	0.0	0.0	0.0	0.0	0.0	0.0	0.0	0.0	0.0	0.0	0.0	0.0	0.0	0.0	0.0	0.0	0.0	0.0	0.0	0.0	0.0	0.0	0.0	0.0	0.0	0.0	0.0	0.0	0.0	0.0	0.0	0.0	0.0	0.0	0.0	0.0	0.0	0.0
G2-413	-0.08461092427062972	0.019105827305249696	0.011093574442499697	0.007845124415606083	-0.007587337657141701	0.015066599919654923	0.011319646778809042	-0.02315807790884805	-0.002673597695412949	0.008494049421851467	0.0026286432046264485	0.01554918544008044	-0.004818276026697454	0.01122056730933255	0.010783718770708498	0.01507960840099482	-0.01836237697230222	-0.0016877842472974214	-0.0008613530673445149	-0.0003743412215420319	-0.0069957127178442635	-0.0005908084579789957	-0.0005335344624575562	-6.361392668418593e-05	-5.024220691633248e-05	0.0	-0.0	0.0	-0.0	0.0	0.0	0.0	0.0	0.0	-0.0	-0.0	-0.0	-0.0	-0.0	0.0	0.0	0.0	-0.0	0.0	0.0	-0.0	0.0	0.0	0.0	-0.0	0.0	-0.0	-0.0	-0.0	-0.0	0.0	0.0	0.0	0.0	0.0	0.0	0.0	0.0	0.0	0.0	0.0	0.0	0.0	0.0	0.0	0.0	0.0	0.0	0.0	0.0	0.0	0.0	0.0	0.0	0.0	0.0	0.0	0.0	0.0	0.0	0.0	0.0	0.0	0.0	0.0	0.0	0.0	0.0	0.0	0.0	0.0	0.0	0.0	0.0	0.0	0.0	0.0	0.0	0.0	0.0	0.0
G2-414	-0.08798149781363472	0.024292332717348594	0.009279215313413466	0.008419991050473193	-0.010121670264044747	0.017044119380381913	0.012467287946924392	-0.022165927246593737	0.002184310870364121	0.004349001241025114	-0.0004778961318851281	0.013649093725184084	-0.016636109102864588	0.034001175143818105	-0.0005810474290463753	-0.0007024601597829327	-0.009257069437395363	0.008816382206620762	0.0045964259944333685	0.010905560820191897	0.015853490841688984	0.004977671980237735	-0.00044619171914112	0.0006688327929547915	-0.00029581362094016096	-0.0	-0.0	0.0	-0.0	0.0	0.0	0.0	-0.0	0.0	0.0	0.0	-0.0	0.0	0.0	-0.0	0.0	0.0	-0.0	-0.0	-0.0	0.0	-0.0	0.0	0.0	0.0	-0.0	-0.0	0.0	0.0	-0.0	0.0	0.0	0.0	0.0	0.0	0.0	0.0	0.0	0.0	0.0	0.0	0.0	0.0	0.0	0.0	0.0	0.0	0.0	0.0	0.0	0.0	0.0	0.0	0.0	0.0	0.0	0.0	0.0	0.0	0.0	0.0	0.0	0.0	0.0	0.0	0.0	0.0	0.0	0.0	0.0	0.0	0.0	0.0	0.0	0.0	0.0	0.0	0.0	0.0	0.0	0.0
G2-415	0.06056150002203101	-0.007851423673170965	-0.07379728507201236	-0.029772211255387364	-0.05727799176619951	0.011412425536595565	0.03345061099513285	-0.013217287078091576	0.014879986694217404	-0.0004905954026552561	0.002667415812467652	-0.003639335005338621	0.013669545234820162	-0.007249762146620992	0.0012397943240864257	0.006366273823986719	-0.014647856401178239	-0.0111542006357227	0.000818907302030131	-0.005332547806330857	-0.0017012989157216129	0.009152375576480631	0.006224262743510801	-0.0005019673113546172	0.0008414819572407041	-0.0	-0.0	-0.0	-0.0	0.0	0.0	0.0	-0.0	0.0	-0.0	0.0	0.0	0.0	0.0	0.0	-0.0	0.0	-0.0	-0.0	-0.0	0.0	0.0	0.0	-0.0	0.0	0.0	0.0	0.0	0.0	-0.0	0.0	0.0	0.0	0.0	0.0	0.0	0.0	0.0	0.0	0.0	0.0	0.0	0.0	0.0	0.0	0.0	0.0	0.0	0.0	0.0	0.0	0.0	0.0	0.0	0.0	0.0	0.0	0.0	0.0	0.0	0.0	0.0	0.0	0.0	0.0	0.0	0.0	0.0	0.0	0.0	0.0	0.0	0.0	0.0	0.0	0.0	0.0	0.0	0.0	0.0	0.0
G2-416	0.0708934129361879	-0.01569975185377806	-0.0357079083656035	-0.011328345747070336	0.006792605267593531	-0.04731987196678772	-0.02603953170864493	-0.00605038154530902	0.021981832283467145	0.010311975376048221	0.006430933864588922	0.0037529834793787863	-0.024913538733051455	-0.004800620365011764	-0.027955712587253767	0.02188613773456251	-0.004363536077594948	0.002324078527092281	-0.004549467358490807	-0.011983292866695765	0.0026675688605445596	0.0030774855286620057	-0.007215237609438953	0.002150536545941502	0.002489716684380718	0.0	0.0	-0.0	-0.0	0.0	0.0	0.0	-0.0	0.0	-0.0	0.0	0.0	0.0	0.0	0.0	-0.0	-0.0	-0.0	-0.0	-0.0	-0.0	0.0	0.0	0.0	0.0	-0.0	-0.0	0.0	0.0	-0.0	0.0	0.0	0.0	0.0	0.0	0.0	0.0	0.0	0.0	0.0	0.0	0.0	0.0	0.0	0.0	0.0	0.0	0.0	0.0	0.0	0.0	0.0	0.0	0.0	0.0	0.0	0.0	0.0	0.0	0.0	0.0	0.0	0.0	0.0	0.0	0.0	0.0	0.0	0.0	0.0	0.0	0.0	0.0	0.0	0.0	0.0	0.0	0.0	0.0	0.0	0.0
G3-417	0.09592352172185994	-0.0020442016157686473	-0.06672105906654148	-0.006618563568389022	-0.048354287429706905	-0.005810699846955004	0.012736581814685689	-0.001029191154321836	0.01630469559643173	-0.0072659987259601246	0.004103539666230528	0.006081698039813114	-0.010808855897783241	-0.0030876095874685207	-0.0147385849768824	-0.021371168820475798	0.014938879622542789	0.007133934012546406	-0.0017358786992897044	-0.0005197134174397205	-0.0019843059640306	3.971899756586543e-05	-0.00031547993545268235	0.0018770097535359756	-0.002684935131132429	-0.0	-0.0	0.0	-0.0	0.0	-0.0	0.0	0.0	0.0	0.0	0.0	-0.0	0.0	0.0	0.0	-0.0	0.0	-0.0	-0.0	-0.0	0.0	0.0	0.0	-0.0	0.0	-0.0	0.0	0.0	0.0	-0.0	0.0	0.0	0.0	0.0	0.0	0.0	0.0	0.0	0.0	0.0	0.0	0.0	0.0	0.0	0.0	0.0	0.0	0.0	0.0	0.0	0.0	0.0	0.0	0.0	0.0	0.0	0.0	0.0	0.0	0.0	0.0	0.0	0.0	0.0	0.0	0.0	0.0	0.0	0.0	0.0	0.0	0.0	0.0	0.0	0.0	0.0	0.0	0.0	0.0	0.0	0.0
G3-418	-0.050241437129867866	-0.02599505128529433	-0.03437488560508747	-0.06572402235894206	0.008726606223943754	-0.0024441630256097214	0.005238021865162111	-0.03163995366563407	0.042275575496468216	0.000721779752784794	0.008981723591240203	0.016129906821402834	-0.011239875582899765	0.02839369105272251	0.0019844986703881707	-0.014942095386753966	-0.003600288954275401	0.006676650384490088	0.004368251664406971	-0.0017444520751227716	-0.004540945915984506	-0.0008487708932443871	-9.549499568088155e-05	-0.0009916373216256455	-0.00018111888629271876	0.0	-0.0	0.0	-0.0	0.0	-0.0	0.0	-0.0	0.0	-0.0	-0.0	-0.0	0.0	0.0	-0.0	0.0	0.0	-0.0	-0.0	-0.0	0.0	-0.0	0.0	0.0	-0.0	-0.0	-0.0	0.0	0.0	-0.0	0.0	0.0	0.0	0.0	0.0	0.0	0.0	0.0	0.0	0.0	0.0	0.0	0.0	0.0	0.0	0.0	0.0	0.0	0.0	0.0	0.0	0.0	0.0	0.0	0.0	0.0	0.0	0.0	0.0	0.0	0.0	0.0	0.0	0.0	0.0	0.0	0.0	0.0	0.0	0.0	0.0	0.0	0.0	0.0	0.0	0.0	0.0	0.0	0.0	0.0	0.0
G3-419	0.032273985597933236	0.031703041554584074	0.007894765583428043	0.05950954701614505	-0.016934031535403644	-0.011024051046830217	-0.02504918868180947	-0.007026244317574175	-0.007007872273672529	0.011428321212826381	0.0002554700655353533	0.022901462588626232	-0.008762625379407972	0.005403220881682501	-0.0012076030452488305	0.011909610212271837	-0.004906796234355727	-0.007705689071464623	-0.012004790373170579	0.004481513111351789	-0.001941267960723133	0.001409357385650332	0.002575127609294665	0.0034071473615900007	-0.0008525757018820171	-0.0	-0.0	0.0	-0.0	0.0	0.0	0.0	0.0	0.0	0.0	0.0	-0.0	0.0	0.0	-0.0	0.0	0.0	-0.0	-0.0	-0.0	-0.0	-0.0	0.0	-0.0	0.0	-0.0	-0.0	0.0	0.0	-0.0	0.0	0.0	0.0	0.0	0.0	0.0	0.0	0.0	0.0	0.0	0.0	0.0	0.0	0.0	0.0	0.0	0.0	0.0	0.0	0.0	0.0	0.0	0.0	0.0	0.0	0.0	0.0	0.0	0.0	0.0	0.0	0.0	0.0	0.0	0.0	0.0	0.0	0.0	0.0	0.0	0.0	0.0	0.0	0.0	0.0	0.0	0.0	0.0	0.0	0.0	0.0
G3-420	0.03286304715351906	0.030959465031613818	0.007934512602382553	0.05900893414030223	-0.02013456310837808	-0.00882749302348046	-0.02563650455824995	-0.008470484853220422	-0.009813726688744176	0.009963536242057154	-0.0009167245691101774	0.022162127856396815	-0.008599132651424224	0.007517131966017472	0.008954501672240617	0.008007071959928221	-0.02072678071070955	-0.0034377241197124575	0.00022924436453294225	0.002373646439686648	-0.0002511899323686717	-0.0005577444488666758	-0.0015238815437144573	-0.001831925432991045	0.0004294898817694407	0.0	0.0	0.0	0.0	-0.0	-0.0	0.0	-0.0	-0.0	-0.0	0.0	0.0	0.0	-0.0	0.0	0.0	-0.0	-0.0	0.0	0.0	0.0	-0.0	0.0	-0.0	0.0	0.0	-0.0	0.0	-0.0	-0.0	0.0	0.0	0.0	0.0	0.0	0.0	0.0	0.0	0.0	0.0	0.0	0.0	0.0	0.0	0.0	0.0	0.0	0.0	0.0	0.0	0.0	0.0	0.0	0.0	0.0	0.0	0.0	0.0	0.0	0.0	0.0	0.0	0.0	0.0	0.0	0.0	0.0	0.0	0.0	0.0	0.0	0.0	0.0	0.0	0.0	0.0	0.0	0.0	0.0	0.0	0.0
G3-421	0.08150226975285976	-0.0038332701430738875	-0.04595541677283431	-0.012969279134092584	-0.007563456010005762	-0.039202320204484116	-0.02936095079696582	-0.00025711788876501087	0.025866134867595612	0.019942807509504255	0.024938444036932923	0.041256394526141424	-0.027908976824732173	-0.008553479072000261	0.03949208855795807	0.006429261687643068	0.014666505621683859	0.003908815452774307	-0.004526006545630162	0.008186285046463166	0.0010312817718449606	-0.0013745310365626355	0.0027775197407208766	-0.001910103688140346	0.008981944911702218	-0.0	-0.0	0.0	-0.0	0.0	0.0	0.0	0.0	0.0	0.0	-0.0	-0.0	0.0	0.0	-0.0	-0.0	0.0	-0.0	-0.0	-0.0	0.0	0.0	0.0	0.0	-0.0	-0.0	0.0	0.0	0.0	-0.0	0.0	0.0	0.0	0.0	0.0	0.0	0.0	0.0	0.0	0.0	0.0	0.0	0.0	0.0	0.0	0.0	0.0	0.0	0.0	0.0	0.0	0.0	0.0	0.0	0.0	0.0	0.0	0.0	0.0	0.0	0.0	0.0	0.0	0.0	0.0	0.0	0.0	0.0	0.0	0.0	0.0	0.0	0.0	0.0	0.0	0.0	0.0	0.0	0.0	0.0	0.0
G3-422	0.07876094272534195	-0.0067870034364879775	-0.04238792253940056	-0.012529147270488877	-0.0027319079489644313	-0.03520593081597618	-0.0262011139927381	-0.0007393607469517423	0.022231254252610744	0.018177281220242415	0.019988063125783977	0.036399730459946364	-0.01937714015730165	-0.004506646049263519	0.029103871003724007	0.0073143014658645965	0.01302178941091272	0.004346163215215459	-0.0010626299680435408	0.0029454849686426534	6.614775830290715e-05	0.0010572366685199048	-0.001162907650864389	0.0011222761628806417	-0.006165543316068553	0.0	0.0	-0.0	-0.0	0.0	-0.0	-0.0	-0.0	0.0	-0.0	0.0	0.0	0.0	-0.0	0.0	0.0	-0.0	-0.0	-0.0	-0.0	0.0	-0.0	-0.0	0.0	0.0	0.0	-0.0	0.0	-0.0	-0.0	0.0	0.0	0.0	0.0	0.0	0.0	0.0	0.0	0.0	0.0	0.0	0.0	0.0	0.0	0.0	0.0	0.0	0.0	0.0	0.0	0.0	0.0	0.0	0.0	0.0	0.0	0.0	0.0	0.0	0.0	0.0	0.0	0.0	0.0	0.0	0.0	0.0	0.0	0.0	0.0	0.0	0.0	0.0	0.0	0.0	0.0	0.0	0.0	0.0	0.0	0.0
G3-423	0.0698992427523748	-0.0013708597023789346	-0.0628816940907019	-0.053152751095945694	-0.014371192220241321	-0.0711392136560457	-0.055689726836662894	0.010366714694546978	-0.08507185544321924	0.00841835998222495	-0.03770992940159306	0.03907572314504176	-0.013267260894662463	-0.0010075530604401158	0.003079540158201755	-0.00036962144298291044	0.0010558534141824733	-0.001098720596123593	0.001396385924583494	-0.001835330092200031	-0.00179132781511613	-0.00011920341808461077	-0.0005597093406771573	0.00013299875300127378	-0.00038343439472605625	-0.0	-0.0	0.0	-0.0	0.0	0.0	0.0	0.0	0.0	-0.0	0.0	-0.0	0.0	0.0	0.0	0.0	0.0	-0.0	-0.0	-0.0	0.0	0.0	0.0	0.0	0.0	-0.0	-0.0	0.0	0.0	-0.0	0.0	0.0	0.0	0.0	0.0	0.0	0.0	0.0	0.0	0.0	0.0	0.0	0.0	0.0	0.0	0.0	0.0	0.0	0.0	0.0	0.0	0.0	0.0	0.0	0.0	0.0	0.0	0.0	0.0	0.0	0.0	0.0	0.0	0.0	0.0	0.0	0.0	0.0	0.0	0.0	0.0	0.0	0.0	0.0	0.0	0.0	0.0	0.0	0.0	0.0	0.0
G3-424	-0.06540519813531813	-0.015408314016155519	-0.051268914729262545	-0.11235828299881347	0.011179659143059802	-0.0254239735044539	-0.0010547044899166071	-0.019107364689087785	-0.042037917059829684	0.01580565566104936	-0.010095657405699855	0.04033254988420683	-0.003129427070715261	0.009628301214073225	-0.004779415593304501	-0.0040473264466698525	0.004564222682919039	-0.007033648991247152	-0.009957190045246625	0.002646622354643862	-0.001524206666357933	-9.946200400892923e-05	0.0008852293145023007	0.0009901648430767007	-0.0006192088938838585	-0.0	-0.0	0.0	-0.0	0.0	0.0	0.0	-0.0	0.0	-0.0	0.0	-0.0	0.0	0.0	0.0	-0.0	0.0	-0.0	-0.0	-0.0	0.0	0.0	0.0	-0.0	0.0	-0.0	-0.0	0.0	0.0	-0.0	0.0	0.0	0.0	0.0	0.0	0.0	0.0	0.0	0.0	0.0	0.0	0.0	0.0	0.0	0.0	0.0	0.0	0.0	0.0	0.0	0.0	0.0	0.0	0.0	0.0	0.0	0.0	0.0	0.0	0.0	0.0	0.0	0.0	0.0	0.0	0.0	0.0	0.0	0.0	0.0	0.0	0.0	0.0	0.0	0.0	0.0	0.0	0.0	0.0	0.0	0.0
G3-425	0.13200567704529254	0.08302847191368741	-0.06096515112680799	0.07734846962617593	0.0038289138521266355	0.16285073342577616	-0.008482989015803494	-0.03181897366098084	-0.04837038198617219	-0.04905252564551521	0.017709953119425557	0.0009373854979433196	-0.028246711658451253	-0.012048847586322782	-0.007331902583575508	0.00427642785494898	-0.009525147490585797	-0.005890870938010628	-0.0034898182543422985	-0.0007931132659727548	9.316300337031614e-05	8.003349324033e-05	-0.00040250077213024974	-2.8228879509367382e-05	-6.789354587279247e-05	-0.0	-0.0	0.0	-0.0	0.0	0.0	0.0	-0.0	0.0	-0.0	0.0	-0.0	0.0	0.0	0.0	0.0	0.0	-0.0	-0.0	-0.0	0.0	0.0	0.0	-0.0	0.0	-0.0	-0.0	0.0	0.0	-0.0	0.0	0.0	0.0	0.0	0.0	0.0	0.0	0.0	0.0	0.0	0.0	0.0	0.0	0.0	0.0	0.0	0.0	0.0	0.0	0.0	0.0	0.0	0.0	0.0	0.0	0.0	0.0	0.0	0.0	0.0	0.0	0.0	0.0	0.0	0.0	0.0	0.0	0.0	0.0	0.0	0.0	0.0	0.0	0.0	0.0	0.0	0.0	0.0	0.0	0.0	0.0
G3-426	0.020624836215275794	0.041979813487346605	-0.03239426308182568	0.04839252565368857	-0.08193262096570357	0.03888433671657565	0.04980035331539414	-0.004675426553274791	-0.009527451368885925	0.0029391358664587947	-0.004301575701641953	-0.011699169447424466	0.014778686289231659	-0.0023358272843683027	-0.009162171120357996	0.007852905642343205	-0.0022504708001705813	-0.0015942475513543606	-0.003288364294758766	0.0036466325567315397	0.0005487572927268252	-0.0018599477258082323	0.002167291998445962	-0.0012595510484319258	0.0012360055900603412	-0.0	0.0	-0.0	0.0	0.0	-0.0	0.0	-0.0	0.0	0.0	-0.0	-0.0	0.0	-0.0	0.0	0.0	0.0	0.0	0.0	0.0	-0.0	0.0	-0.0	0.0	0.0	-0.0	0.0	-0.0	0.0	-0.0	0.0	0.0	0.0	0.0	0.0	0.0	0.0	0.0	0.0	0.0	0.0	0.0	0.0	0.0	0.0	0.0	0.0	0.0	0.0	0.0	0.0	0.0	0.0	0.0	0.0	0.0	0.0	0.0	0.0	0.0	0.0	0.0	0.0	0.0	0.0	0.0	0.0	0.0	0.0	0.0	0.0	0.0	0.0	0.0	0.0	0.0	0.0	0.0	0.0	0.0	0.0
G3-427	0.03250695109512544	0.031598448158933375	0.009452550320302379	0.062438948515917594	-0.021023115014872	-0.007256156105303756	-0.024896548754540174	-0.0068170498524647745	-0.005032877616189509	0.004750426437429259	-0.0018112542728955456	0.020615676806149175	-0.01792453601242487	0.014068338548390085	-0.0027386078234126593	-0.014620978925844571	-0.010543457848970495	0.016461811662114058	0.007190940044526706	0.004059179292572377	-0.003665719688437562	-0.0028661563093613286	0.002980365515525759	0.0010199076152122924	0.0006324933220012566	-0.0	-0.0	-0.0	-0.0	0.0	-0.0	-0.0	0.0	0.0	0.0	0.0	-0.0	0.0	0.0	-0.0	-0.0	0.0	-0.0	-0.0	-0.0	0.0	0.0	0.0	0.0	0.0	0.0	-0.0	0.0	0.0	-0.0	0.0	0.0	0.0	0.0	0.0	0.0	0.0	0.0	0.0	0.0	0.0	0.0	0.0	0.0	0.0	0.0	0.0	0.0	0.0	0.0	0.0	0.0	0.0	0.0	0.0	0.0	0.0	0.0	0.0	0.0	0.0	0.0	0.0	0.0	0.0	0.0	0.0	0.0	0.0	0.0	0.0	0.0	0.0	0.0	0.0	0.0	0.0	0.0	0.0	0.0	0.0
G3-428	0.020624836215275794	0.041979813487346605	-0.03239426308182568	0.04839252565368857	-0.08193262096570357	0.03888433671657566	0.04980035331539414	-0.004675426553274791	-0.009527451368885921	0.002939135866458775	-0.004301575701641926	-0.011699169447424468	0.014778686289231678	-0.0023358272843682568	-0.00916217112035799	0.007852905642343241	-0.0022504708001706004	-0.001594247551354367	-0.003288364294758811	0.0036466325567315106	0.0005487572927268057	-0.0018599477258081708	0.002167291998445878	-0.0012595510484319204	0.0012360055900604782	0.0	-0.0	0.0	-0.0	-0.0	0.0	-0.0	0.0	-0.0	-0.0	0.0	0.0	0.0	0.0	-0.0	-0.0	-0.0	-0.0	-0.0	-0.0	0.0	-0.0	0.0	-0.0	-0.0	0.0	-0.0	0.0	-0.0	-0.0	0.0	0.0	0.0	0.0	0.0	0.0	0.0	0.0	0.0	0.0	0.0	0.0	0.0	0.0	0.0	0.0	0.0	0.0	0.0	0.0	0.0	0.0	0.0	0.0	0.0	0.0	0.0	0.0	0.0	0.0	0.0	0.0	0.0	0.0	0.0	0.0	0.0	0.0	0.0	0.0	0.0	0.0	0.0	0.0	0.0	0.0	0.0	0.0	0.0	0.0	0.0
G3-429	0.05684556256313136	0.04640146404205489	-0.02597244962857026	0.0670365790452791	-0.07217752900126814	0.02186283715669877	0.025796498029716824	0.00414652607767051	-0.013940675653961817	0.0019108573532123634	0.0016445301792149796	0.004773586678982203	-0.004778034437707616	-0.007332839702191985	0.004551321616835698	0.0046796158123957095	-0.006718004899961878	-0.0006826820035825953	-0.0009742753528285485	-0.0025134894364627924	0.00012562859521622876	0.002380010346902517	-0.003822443475021953	0.0018001225752496202	-0.0023385969519876086	-0.0	-0.0	-0.0	-0.0	0.0	0.0	0.0	-0.0	0.0	0.0	0.0	-0.0	0.0	0.0	-0.0	0.0	0.0	-0.0	-0.0	-0.0	0.0	0.0	0.0	0.0	-0.0	-0.0	-0.0	0.0	0.0	-0.0	0.0	0.0	0.0	0.0	0.0	0.0	0.0	0.0	0.0	0.0	0.0	0.0	0.0	0.0	0.0	0.0	0.0	0.0	0.0	0.0	0.0	0.0	0.0	0.0	0.0	0.0	0.0	0.0	0.0	0.0	0.0	0.0	0.0	0.0	0.0	0.0	0.0	0.0	0.0	0.0	0.0	0.0	0.0	0.0	0.0	0.0	0.0	0.0	0.0	0.0	0.0
G3-430	-0.04914492677408404	-0.02875868046358019	-0.03277753116879652	-0.06589538080150169	0.009517609749507557	-0.0023953782754788967	0.005245240677101449	-0.0328176321703696	0.035832546514000196	0.006240885321019684	0.01467881651242943	0.01965035359119095	0.0011318881411681804	0.004728529616945655	0.008951876448067829	-0.0012999959730705059	-0.016407376760855047	-0.005727423252055	0.0013419140708922923	0.0011994851184433507	0.0011789191033654404	-0.0003380036406918503	-0.0011808056216936124	0.00047303815429260046	-0.00044148270849060493	-0.0	-0.0	0.0	-0.0	0.0	0.0	0.0	0.0	0.0	0.0	0.0	-0.0	0.0	0.0	0.0	0.0	0.0	-0.0	-0.0	-0.0	0.0	0.0	0.0	0.0	0.0	-0.0	-0.0	0.0	-0.0	-0.0	0.0	0.0	0.0	0.0	0.0	0.0	0.0	0.0	0.0	0.0	0.0	0.0	0.0	0.0	0.0	0.0	0.0	0.0	0.0	0.0	0.0	0.0	0.0	0.0	0.0	0.0	0.0	0.0	0.0	0.0	0.0	0.0	0.0	0.0	0.0	0.0	0.0	0.0	0.0	0.0	0.0	0.0	0.0	0.0	0.0	0.0	0.0	0.0	0.0	0.0	0.0

Biplot	0	0

Site constraints	0	0
