Eigvals	11
0.028646677993312386	0.00026125480753830266	9.132435698535669e-05	8.20509292855837e-06	3.3714666523824858e-06	1.722558249310949e-06	0.0	0.0	0.0	0.0	0.0

Proportion explained	11
0.9873889677670084	0.009004887575433156	0.003147752859748976	0.00028281178847519296	0.00011620715597578129	5.9372853358520166e-05	0.0	0.0	0.0	0.0	0.0

Species	0	0

Site	11	11
G1-141	-0.02990138487787629	0.002107165404338222	0.0045515399331326955	-0.0010838296305321962	-0.00031584437981672	-0.00012654359083718732	-0.0	0.0	0.0	0.0	0.0
G1-142	-0.021816357049576997	-0.006386892968637485	0.0008107359283701852	0.0010277075078329086	-1.4176694619677715e-05	0.00010603780137411248	-0.0	0.0	0.0	0.0	0.0
G1-143	0.10062011533197333	-0.00017724388913169524	-0.004772600046082835	0.00010472687160927531	-0.00015744671003142642	-2.0835969363286275e-05	-0.0	0.0	0.0	0.0	0.0
G1-144	0.019674091291825763	-0.011441045125689924	0.0020579911229403574	0.0003786119266862091	0.0001229862015789479	1.2457311556096622e-05	-0.0	0.0	0.0	0.0	0.0
G1-192	0.10548613631863135	0.005500102324971661	0.003580443096796474	6.041844791247961e-05	0.00010539848958260792	-1.2990190703846615e-06	-0.0	0.0	0.0	0.0	0.0
G2-213	-0.03312752577528516	0.0033381364946936847	-0.0012573334750239466	0.00039112436177641554	-0.0011003651024482787	0.0006565700194214756	-0.0	0.0	0.0	0.0	0.0
G2-214	-0.007908472527446817	-0.002770247308554501	-0.0007662232724992011	-0.0021291745362353046	0.0002735673261573383	0.0001327733305999537	-0.0	0.0	0.0	0.0	0.0
G2-215	-0.029821397175139635	0.004037469351967753	0.0016703036513836006	0.0009027030218159913	0.00013416376361380866	-0.0007306009904228787	-0.0	0.0	0.0	0.0	0.0
G2-216	-0.03067365968486802	-0.000117931163480409	-0.001872523941916872	-0.00010221140992184788	-0.0007098950641099966	-0.0004168470145270056	-0.0	0.0	0.0	0.0	0.0
G2-217	-0.03332887777446754	0.004014201806058765	0.0006107634932455909	0.0005438351276545072	0.0009581112843145241	0.0006753269379896077	-0.0	0.0	0.0	0.0	0.0
G2-218	-0.03920266807777006	0.0018962850734638528	-0.004613096490345943	-9.391168859979078e-05	0.0007035008857798497	-0.00028703881672093615	-0.0	0.0	0.0	0.0	0.0

Biplot	0	0

Site constraints	0	0
