Eigvals	10
0.043795225116590654	0.021366342025790495	0.0005982299117867238	9.988156240975317e-05	5.702170377930554e-05	1.6775495830415965e-05	0.0	0.0	0.0	0.0

Proportion explained	10
0.6642335259054927	0.32405908775925385	0.00907323486865002	0.0015148839216092293	0.0008648369143813002	0.0002544306306129459	0.0	0.0	0.0	0.0

Species	0	0

Site	10	10
G1-115	0.056571123795101756	-0.029607410592392126	0.014061119315276397	0.0011946048654514468	-0.000920091114215366	0.0023099997968192925	0.0	0.0	0.0	0.0
G1-116	-0.022228198985553813	0.004801162938004015	0.000251210603735625	0.0003060455900547921	0.0008440831720330674	0.000720683294481272	0.0	0.0	0.0	0.0
G1-161	-0.12369909586340576	0.0086230284186587	0.004476071228802361	-0.005009618770169087	-6.265722106969011e-05	0.00012741652082674527	0.0	0.0	0.0	0.0
G1-162	-0.12332499469280311	0.008120187948809903	0.0011221607628179831	0.0054275849894546745	0.00019195581581051853	-0.00031553322997211714	0.0	0.0	0.0	0.0
G2-410	0.03054489214207932	-0.027224586695366603	-0.01096623440316535	0.0016811415841314228	0.005045313847688718	0.0009424824988486757	0.0	0.0	0.0	0.0
G2-411	0.013204712046223236	-0.01856721371895632	-0.0066342087567002545	0.0014827695712467436	-0.002198776935251847	-0.0016466081035540626	0.0	0.0	0.0	0.0
G2-412	0.011740306180714524	-0.018922638652396902	-0.01219335285644693	-0.00419956217525904	-0.0029962099027106667	0.0011634950414308824	0.0	0.0	0.0	0.0
G3-47	0.04688447258725037	-0.026678432764136756	0.007863453996538582	-0.0037071298018367814	0.002900908101496626	-0.0021674427663104187	0.0	0.0	0.0	0.0
G3-48	0.049532758618338314	-0.03158912881168608	0.002090336467667323	0.002718590905921064	-0.0027819097479401833	-0.0010720031815228883	0.0	0.0	0.0	0.0
G3-49	0.060774024172055116	0.13104503192946218	-7.055635852575639e-05	0.0001055732410038453	-2.2616015841369576e-05	-6.248987104666946e-05	0.0	0.0	0.0	0.0

Biplot	0	0

Site constraints	0	0
