Eigvals	21
0.11192077014556569	0.06327058925285536	0.014663867364261594	0.005216085602907363	0.0036676300610118647	0.0019805811176213982	0.0010367075368490257	0.0004006867767677195	0.00015342092294826342	0.00011794470401488982	3.887724772206908e-05	9.816454163430986e-06	0.0	0.0	0.0	0.0	0.0	0.0	0.0	0.0	0.0

Proportion explained	21
0.5527580058762536	0.3124828814217152	0.0724223937358624	0.025761376307480165	0.01811381279971511	0.009781759611095215	0.005120125513791904	0.0019789251219326366	0.0007577203348250583	0.0005825092099539888	0.00019200823847850774	4.848182889642796e-05	0.0	0.0	0.0	0.0	0.0	0.0	0.0	0.0	0.0

Species	0	0

Site	21	21
G1-115	-0.06025862022569365	-0.016229770100929502	0.014996529594887164	0.009872691492275737	-0.006437944246676768	0.01192069370144953	-0.0009093723707294289	0.002065565240864634	-0.00574847115664515	0.002180845014253702	0.00024375938670470276	-0.00042281398816234787	0.0	0.0	0.0	0.0	0.0	0.0	0.0	0.0	0.0
G1-116	-0.007307900551862916	0.035388926812278794	-0.016784420004128123	-0.0004317746896974429	-0.010164045657133601	0.013720551057692371	-0.0012938943230742653	0.0017983720345533252	-0.0018520967070833362	0.003113401163881399	0.000294700686700669	7.929477406765346e-05	0.0	0.0	0.0	0.0	0.0	0.0	0.0	0.0	0.0
G1-131	0.1569286023953489	0.04013717457906217	-0.004398861926691566	0.016720372519125355	0.02551837902919337	-0.003409093011106332	-0.003898111334020017	0.0016911288176493437	-0.0008119020066454497	0.0008266327098598949	8.124192959166493e-05	3.175669418947981e-05	0.0	0.0	0.0	0.0	0.0	0.0	0.0	0.0	0.0
G1-132	0.20221963806365706	-0.1414368739504344	0.03801265412250783	-0.00755977436117018	0.004044518473516702	0.0022353282573550903	-0.0003868946067708806	0.0008562182423367903	0.00014197501874493198	0.00010265944515949377	4.02980643663326e-05	1.868684054644371e-05	0.0	0.0	0.0	0.0	0.0	0.0	0.0	0.0	0.0
G1-15	-0.005406124705757112	-0.011505825549835872	-0.03689910450323707	-0.04886015486575426	0.000102933896979254	0.0047534332742239825	-0.016148455845962827	-0.004312691170979561	-0.0012238120108928967	2.993953616201389e-06	0.00019990101410370176	3.838154876114154e-05	0.0	0.0	0.0	0.0	0.0	0.0	0.0	0.0	0.0
G1-161	0.07792108312342988	0.09295261743471243	0.026929139541253002	-0.008522989327060401	-0.02089084064965171	0.00390390668973143	0.0057875081752139556	-0.0037787580179813986	-0.00017678638204449013	0.0023979286672424975	-0.0016657107557506282	0.0003009310260311229	0.0	0.0	0.0	0.0	0.0	0.0	0.0	0.0	0.0
G1-162	0.07470349223053142	0.09325759326242213	0.026315221611023776	-0.004929153024587232	-0.021740869773954785	0.004220573254014288	-9.830945287874313e-05	0.0012135885647754088	0.0019410390388764325	-0.004030472652852336	0.0014452961103707915	-0.00034782656932560004	0.0	0.0	0.0	0.0	0.0	0.0	0.0	0.0	0.0
G1-177	-0.08136853206385203	-0.07206140118293886	0.02402241181334597	-0.011344629752747616	-0.013556350206216412	-0.015388956500143321	0.006440761781522458	-0.002204445596624623	0.002385051925016191	0.00020504010229216863	-0.00031279106958665174	0.00039474756443568535	0.0	0.0	0.0	0.0	0.0	0.0	0.0	0.0	0.0
G1-178	-0.04673770926428851	-0.009475593429664178	0.016015867573463235	-0.001270179997266526	0.0034404676891953475	-0.006866225281186495	-0.00089229816039988	-0.0039874891500961025	0.005623839867305754	0.003324617012066569	0.00019306672219430198	-0.00036522109074360186	0.0	0.0	0.0	0.0	0.0	0.0	0.0	0.0	0.0
G2-410	-0.05131351901221988	-0.00030874541982546836	0.007504100869526356	0.01624433086166926	0.010112684862846671	0.00047097411465631844	-0.00640723793817429	0.0002352336642074006	0.001506000468485437	0.00406738364156445	0.0014990249104286824	-0.0011314609186534716	0.0	0.0	0.0	0.0	0.0	0.0	0.0	0.0	0.0
G2-411	-0.028859488993693155	0.021916972297346973	-0.005293118248697697	0.008286298619040707	0.006370283756278289	0.00944228421443497	0.0016204316322051045	-0.0009942293845445203	0.0015119189748035253	-0.0046943487493187955	-0.0009488542872680239	-0.0011808418787947563	0.0	0.0	0.0	0.0	0.0	0.0	0.0	0.0	0.0
G2-412	-0.03710468991616353	0.01462859772200524	-0.00016502964675004655	0.0120890598751277	0.00982110982009215	0.005039468470720457	-0.0029240697594912785	-0.00023442904279109513	0.0003254087793022083	-0.000918452105647185	0.0012713710582890796	0.002462099499987681	0.0	0.0	0.0	0.0	0.0	0.0	0.0	0.0	0.0
G3-419	0.028192414557917853	0.06165914461097059	-0.020523098432495567	0.008841386549551215	-0.004723674611218095	-0.024228379996244494	0.005127140187484978	-0.002495768898132127	-0.0034806469433004646	0.0010976515058044565	0.0007555687128851604	9.475627468808532e-05	0.0	0.0	0.0	0.0	0.0	0.0	0.0	0.0	0.0
G3-420	-0.05722210270274521	-0.02214471650111157	0.020173144734053	-0.001917469681774179	0.0014800141268041993	-0.008771733107437311	-0.0020844658752763577	0.0034468139291152578	-0.004501237031692337	0.00024461994053499023	-0.0030710026318007495	-6.0074849823356794e-05	0.0	0.0	0.0	0.0	0.0	0.0	0.0	0.0	0.0
G3-421	-0.020315984000359954	-0.0018270803676281337	-0.007408547358970448	0.004192585497996405	0.020147660175141486	0.0034049447218710317	0.006871784708526414	-0.014019971503619715	-0.0016583265346213378	-0.0021677623749350337	-0.00036179566337677646	-0.00015601381675369683	0.0	0.0	0.0	0.0	0.0	0.0	0.0	0.0	0.0
G3-422	-0.06183915950373894	-0.02978061243261877	0.02162615808415782	-0.004319556988303757	-0.0016078846801719873	-0.00958714719250919	-0.0011588159934174005	0.0034147618636693002	-0.0032872998013341553	-0.003819728543650572	0.0030624558716157066	-0.0002952988191504392	0.0	0.0	0.0	0.0	0.0	0.0	0.0	0.0	0.0
G3-423	-0.02317120992235501	0.02211691163971778	-0.01991328458773122	-0.03034560040174199	0.022036949791871	0.005176863933871805	0.019744746343796995	0.008295150893912083	0.0011256923005843222	0.0008545794419726246	0.00020887816234133486	-2.322580196550522e-05	0.0	0.0	0.0	0.0	0.0	0.0	0.0	0.0	0.0
G3-424	0.013013024391851551	0.04093035024985176	-0.031386894242125714	0.0009844469090931427	0.0019169539424394887	-0.015197150507515468	-0.010073506039738937	0.0053203189671974065	0.0032377372595348486	-0.0008586408297684301	-0.0011333364455263465	-7.855661119644136e-05	0.0	0.0	0.0	0.0	0.0	0.0	0.0	0.0	0.0
G3-47	-0.05648573320713594	-0.012782511565143602	0.012097404374822198	0.009689392828569243	-0.004428805624744118	0.010706066187135158	-0.0009423170613339245	0.0003750676428659939	0.0030450678307784944	0.001159572244506234	0.0009141347623508643	0.000313186463004483	0.0	0.0	0.0	0.0	0.0	0.0	0.0	0.0	0.0
G3-48	-0.058107935451249725	-0.010148784336351366	0.012315495889698186	0.012832657049188484	0.0023082449143613784	0.005577321255252131	-0.004541719793734857	0.0031243139696388845	0.0012947749443211563	-0.0025814832506627985	-0.0026915835011428885	0.0003969119892366357	0.0	0.0	0.0	0.0	0.0	0.0	0.0	0.0	0.0
G3-49	0.042520454758379	-0.09528637377188566	-0.07723576925791009	0.01974806088846646	-0.02374978502895185	0.0028762764637342876	0.006167095726253421	0.00019124893398344533	0.0006020721665082714	-0.0005070363359207011	-2.462303749248235e-05	-6.941833038559893e-05	0.0	0.0	0.0	0.0	0.0	0.0	0.0	0.0	0.0

Biplot	0	0

Site constraints	0	0
