# Constructed from biom file
#OTU ID	G1-11	G1-110	G1-12	G1-157	G1-158	G1-159	G1-19	G1-193	G2-194	G2-41	G3-42	G3-425	G3-426	G3-427	G3-428	G3-429	G3-43	G3-430	G3-44	G3-45	G3-46
c968e760232bc409d8b2f69661888e32	31.0	0.0	0.0	0.0	0.0	0.0	0.0	136.0	78.0	0.0	0.0	86.0	104.0	46.0	68.0	21.0	0.0	87.0	0.0	0.0	0.0
85a28d57601e9d2923bd507b253cdbcd	0.0	0.0	0.0	0.0	0.0	0.0	0.0	0.0	0.0	0.0	0.0	0.0	0.0	0.0	0.0	0.0	0.0	0.0	0.0	2.0	0.0
26b430fc41bd2f4012d506288c6c67d2	0.0	0.0	0.0	0.0	0.0	0.0	1.0	0.0	0.0	0.0	0.0	0.0	0.0	0.0	0.0	0.0	2.0	0.0	0.0	0.0	0.0
a806dc90b9a83b1c37fb4d783e2a24e7	0.0	0.0	0.0	0.0	0.0	0.0	0.0	0.0	0.0	1.0	0.0	0.0	0.0	0.0	0.0	0.0	0.0	0.0	0.0	0.0	0.0
21b2ee09c45126aee4334e36d3997017	0.0	0.0	0.0	0.0	0.0	0.0	0.0	0.0	0.0	0.0	0.0	0.0	0.0	0.0	0.0	0.0	0.0	0.0	0.0	0.0	1.0
fea6f0f65bf2e94ebff13b253d142072	38.0	0.0	0.0	0.0	0.0	0.0	0.0	120.0	92.0	0.0	0.0	67.0	111.0	50.0	104.0	17.0	0.0	68.0	0.0	0.0	0.0
2dc1dae7438f41afb789fe8a3a433eac	3.0	0.0	0.0	0.0	1.0	0.0	0.0	0.0	0.0	12.0	0.0	8.0	0.0	0.0	0.0	4.0	0.0	3.0	0.0	0.0	0.0
966d2e06b7ef32c9525ac0d79cc9a612	0.0	0.0	0.0	0.0	0.0	0.0	0.0	0.0	0.0	0.0	0.0	0.0	0.0	0.0	0.0	0.0	1.0	0.0	0.0	0.0	0.0
7b0f05ead6d2e7c841505a2892f761f7	0.0	0.0	0.0	0.0	0.0	0.0	0.0	0.0	0.0	1.0	2.0	0.0	0.0	0.0	0.0	0.0	0.0	0.0	0.0	4.0	0.0
fab60d5bf7d90a067aff303734e6256f	0.0	0.0	0.0	0.0	0.0	0.0	0.0	0.0	0.0	0.0	0.0	0.0	0.0	0.0	0.0	0.0	0.0	0.0	0.0	4.0	0.0
2381ea10d7e07f0c342a68a1eb070c8b	6.0	3.0	3.0	4.0	1.0	11.0	9.0	1.0	6.0	11.0	2.0	24.0	2.0	14.0	1.0	5.0	6.0	0.0	1.0	37.0	1.0
162bdb2c7b5934c8bfddada185f8a786	61.0	328.0	11.0	157.0	219.0	287.0	684.0	18.0	43.0	173.0	102.0	60.0	39.0	79.0	107.0	51.0	204.0	80.0	118.0	195.0	79.0
49b1fda473552e490b9a4e351a5e36ff	0.0	0.0	0.0	0.0	0.0	0.0	0.0	0.0	0.0	0.0	0.0	0.0	0.0	2.0	0.0	0.0	0.0	0.0	0.0	0.0	0.0
db85a46b040d7b58080ba0d57201f46b	0.0	0.0	0.0	0.0	0.0	0.0	0.0	0.0	0.0	0.0	0.0	0.0	0.0	0.0	0.0	0.0	1.0	0.0	0.0	0.0	0.0
b96ea9e9b09900ccecf691bbceea9b83	549.0	542.0	1349.0	1072.0	360.0	557.0	444.0	942.0	580.0	655.0	740.0	331.0	400.0	396.0	373.0	187.0	574.0	326.0	699.0	308.0	451.0
c69a4fe31ec02785bb5837c4fce401bd	2.0	0.0	0.0	0.0	0.0	0.0	0.0	0.0	0.0	0.0	0.0	0.0	0.0	0.0	0.0	0.0	0.0	0.0	0.0	0.0	0.0
e5a286379ba2f0a25b34fbf89ef5d6a9	0.0	0.0	0.0	0.0	0.0	0.0	4.0	0.0	0.0	0.0	0.0	0.0	0.0	0.0	0.0	0.0	0.0	0.0	0.0	0.0	0.0
c35bc9806adc8b858466c744cc35b1e5	12.0	504.0	4.0	235.0	850.0	582.0	286.0	21.0	18.0	371.0	313.0	36.0	34.0	56.0	76.0	57.0	483.0	46.0	371.0	577.0	429.0
0bd6345dc9fa65945c4a12a780c1e06b	0.0	0.0	0.0	0.0	0.0	1.0	0.0	0.0	0.0	0.0	0.0	1.0	0.0	0.0	0.0	0.0	0.0	0.0	0.0	0.0	0.0
ba1057db24e39ecd1ebd0a6a56e73aa4	0.0	0.0	0.0	0.0	0.0	0.0	0.0	2.0	0.0	0.0	0.0	0.0	0.0	0.0	0.0	0.0	0.0	0.0	0.0	0.0	0.0
fdd2ced0bee49264ba0878061097e4c3	0.0	0.0	0.0	0.0	0.0	0.0	0.0	0.0	0.0	0.0	0.0	0.0	0.0	0.0	0.0	0.0	2.0	0.0	0.0	0.0	0.0
7f00fdb10cb5bb5d8919744dd3f55434	0.0	0.0	0.0	0.0	1.0	2.0	0.0	1.0	5.0	0.0	0.0	2.0	0.0	0.0	0.0	0.0	0.0	0.0	0.0	0.0	1.0
b42926d1f059e0373f3c825f796b5e1f	0.0	0.0	0.0	0.0	0.0	0.0	0.0	0.0	0.0	0.0	0.0	0.0	0.0	0.0	0.0	0.0	0.0	1.0	0.0	0.0	0.0
fba7e174029cc0871b690eba51f665b9	0.0	0.0	0.0	0.0	0.0	0.0	0.0	0.0	0.0	0.0	0.0	0.0	0.0	0.0	0.0	3.0	0.0	0.0	0.0	2.0	0.0
98650ea386ddb31c189f6a0b64048369	0.0	0.0	0.0	0.0	0.0	0.0	0.0	0.0	0.0	0.0	0.0	0.0	0.0	0.0	0.0	0.0	0.0	0.0	0.0	0.0	1.0
ff5e692708ec7162353248a525d3dd3f	0.0	0.0	0.0	0.0	0.0	0.0	0.0	0.0	0.0	0.0	0.0	0.0	0.0	1.0	0.0	0.0	0.0	0.0	0.0	0.0	0.0
736365b6c3f035f4bc58df0baf0ff197	0.0	0.0	0.0	0.0	0.0	0.0	0.0	0.0	0.0	0.0	0.0	0.0	0.0	0.0	0.0	0.0	0.0	0.0	0.0	0.0	1.0
182f13e4311d0cdd882ee29ae6cebe88	0.0	0.0	0.0	0.0	0.0	1.0	0.0	0.0	0.0	0.0	0.0	0.0	0.0	0.0	0.0	0.0	0.0	0.0	0.0	0.0	0.0
9878081d0607d8d3214fd35b0e6fc90e	0.0	0.0	0.0	0.0	0.0	0.0	5.0	0.0	0.0	0.0	0.0	0.0	0.0	0.0	0.0	0.0	0.0	0.0	0.0	0.0	0.0
fac07b2893c7b432c5c424ca5ea83548	153.0	0.0	5.0	1.0	0.0	0.0	0.0	6.0	23.0	0.0	1.0	100.0	102.0	7.0	11.0	3.0	0.0	0.0	0.0	6.0	2.0
b796144fa1c3fcc0980023e201536c12	0.0	0.0	0.0	0.0	0.0	0.0	1.0	0.0	0.0	0.0	0.0	0.0	0.0	0.0	0.0	0.0	0.0	0.0	0.0	0.0	0.0
cdd3b42e61e920351ef229bc67747b7b	0.0	0.0	0.0	0.0	0.0	0.0	0.0	0.0	0.0	0.0	0.0	0.0	0.0	2.0	0.0	0.0	0.0	0.0	0.0	0.0	0.0
d9804cbb9c1b7c95059a296f45c8dff6	85.0	0.0	10.0	0.0	0.0	0.0	0.0	0.0	0.0	0.0	0.0	0.0	3.0	2.0	1.0	0.0	0.0	0.0	0.0	0.0	0.0
5877dadce57b3bd826fe6bfa04a97b56	625.0	187.0	183.0	96.0	133.0	124.0	130.0	318.0	708.0	333.0	404.0	849.0	770.0	910.0	824.0	1217.0	292.0	954.0	375.0	412.0	598.0
bec7b07e53ef80ed1e2a5661de09f15f	0.0	0.0	0.0	0.0	0.0	0.0	0.0	0.0	0.0	0.0	1.0	0.0	0.0	0.0	0.0	0.0	0.0	0.0	0.0	0.0	0.0
f365eed4b4c884bf45ea125ca3786f2a	0.0	0.0	0.0	0.0	0.0	0.0	0.0	0.0	0.0	1.0	0.0	0.0	0.0	0.0	0.0	0.0	0.0	0.0	0.0	0.0	0.0
688c20321ba878c7bbe0bcd6746ee32c	0.0	0.0	0.0	0.0	0.0	0.0	0.0	0.0	0.0	0.0	0.0	0.0	0.0	0.0	0.0	0.0	0.0	0.0	0.0	7.0	0.0
74543c864b9ce6cb7bce59303a0ce289	0.0	0.0	0.0	0.0	0.0	0.0	0.0	0.0	12.0	7.0	0.0	0.0	0.0	0.0	0.0	0.0	0.0	0.0	0.0	0.0	0.0
394cf2d6a35da385d4c4c9d8e8121e94	0.0	1.0	0.0	0.0	0.0	0.0	0.0	0.0	0.0	0.0	0.0	0.0	0.0	0.0	0.0	0.0	0.0	0.0	0.0	0.0	0.0
ced377d1452e26d4cf841747ff78bf2c	0.0	0.0	0.0	0.0	0.0	0.0	1.0	0.0	0.0	0.0	0.0	1.0	0.0	0.0	0.0	0.0	0.0	0.0	1.0	11.0	1.0