Eigvals	10
0.4553913882724147	0.22997442886665162	0.060887855407417424	0.007079483791334997	0.005712004838780279	0.001254291651258955	0.00011194704442938491	0.0	0.0	0.0

Proportion explained	10
0.5988750146945439	0.30243422035134704	0.08007225485788833	0.009310070565123051	0.007511729623910981	0.0016494908564884953	0.0001472190506983281	0.0	0.0	0.0

Species	0	0

Site	10	10
G1-115	0.07571237581133237	-0.07208558318609787	-0.17595058159415586	0.03165796924317013	0.008062809910315574	-0.0056998465899350415	-5.176012534658723e-05	-0.0	0.0	0.0
G1-116	-0.11079337781236902	0.005545416512387164	-0.012954980345095783	0.03193524066433854	-0.028520394670454526	-0.012562155590934512	-0.0008040340138826694	-0.0	0.0	0.0
G1-161	-0.388265022465887	0.05521685215643616	0.019996390034705276	-0.008502668522657759	0.012063053537964583	0.0007643262226092967	-0.006793624324705733	-0.0	0.0	0.0
G1-162	-0.3884039698360008	0.05543938488976837	0.017941490943943702	-0.008050257939404233	0.0010456991817881158	0.00010659406293131691	0.0074519576730940245	-0.0	0.0	0.0
G2-410	0.18059902570393585	-0.09927446382594554	0.14603443747649605	0.009975505328856393	-0.02271046047073363	-0.012252121107718747	-0.0003312020825565124	-0.0	0.0	0.0
G2-411	0.05218425038471413	-0.08291718163544522	0.022899626664804343	-0.00838310481431323	0.016328529623204992	0.010284513816243599	-0.002300133740204898	-0.0	0.0	0.0
G2-412	0.10255175672378329	-0.09702055509383284	0.057278159647173255	0.036012411733925734	0.02523648080530782	0.01807090729300265	0.0017328104662070157	-0.0	0.0	0.0
G3-47	0.07927391543977454	-0.07337783375499145	-0.059989158273473085	-0.03613069393522918	-0.0472630243692311	0.015589819843321112	-5.73865822160384e-05	-0.0	0.0	0.0
G3-48	0.14970563470714804	-0.10988311739007132	-0.017460395982183817	-0.04629539010301474	0.03192536926163602	-0.015386311203379454	0.0010970325456649704	-0.0	0.0	0.0
G3-49	0.24743541134356864	0.4183570813277924	0.0022050114277861518	-0.0022190116556734625	0.003831937190202826	0.0010842732538597086	5.634018395871664e-05	-0.0	0.0	0.0

Biplot	0	0

Site constraints	0	0
