Eigvals	11
0.0259676574848117	0.0005770540450550029	0.00033469536456745465	0.00012648548858347163	5.728379856804683e-05	2.8122654673737882e-05	1.682150912867884e-06	0.0	0.0	0.0	0.0

Proportion explained	11
0.9584643896183521	0.021299023733424568	0.012353582085556512	0.0046685703815079905	0.0021143409281971963	0.0010380051824881553	6.20880704734681e-05	0.0	0.0	0.0	0.0

Species	0	0

Site	11	11
G1-110	-0.015499801970994	-0.007021311471285588	0.002620153384900388	0.004263143135698076	0.002497184220005469	0.0019353340933609302	-0.00029401474147904146	0.0	0.0	0.0	0.0
G1-157	-0.09097456720597996	0.014468249198488744	-0.004554348982310125	0.0005568433826833373	-0.0018979435701825071	-0.00043664489676092824	5.399723145060749e-05	0.0	0.0	0.0	0.0
G1-158	0.0444583044039893	-0.0035614296550612267	-0.0041498741424723035	0.007215618565181787	-0.0030988361903101125	-0.001255408972152019	0.0001858302743696445	0.0	0.0	0.0	0.0
G1-159	-0.006167798750623459	-0.007829983213863217	0.005675757184537399	-0.0014855573343421117	-0.0027550986073923297	0.000495016658912674	0.000633483563037134	0.0	0.0	0.0	0.0
G1-19	-0.07799494818459084	-0.010836009612218943	-0.007991002568627581	-0.0014529834396785207	0.002037412515221202	0.00011865027420687376	3.593419007854843e-05	0.0	0.0	0.0	0.0
G2-41	-0.0033517566462535906	0.0009853185219322036	0.004735862472143955	-0.0014199709992101658	-0.0031552145453615783	0.001869949015759063	-0.0008073182513366662	0.0	0.0	0.0	0.0
G3-42	0.002781620979037716	0.00570184544904699	0.008305360233364176	0.0006488636450810733	0.0019074989764763474	-0.0008006163635664635	8.790944448035414e-05	0.0	0.0	0.0	0.0
G3-43	0.008787122517910388	-0.003329352455537577	0.002636314062228214	-0.0020161829427422146	0.00101069091939945	-0.004074516526064256	-0.00043005280463252223	0.0	0.0	0.0	0.0
G3-44	0.002532700082021399	0.003508816820587037	0.0045038705484856285	-0.0024885054594583535	0.0013580670276189632	0.0006224651095348118	0.000557025288941447	0.0	0.0	0.0	0.0
G3-45	0.07404399888199949	-0.00044878590486404187	-0.007585893752968137	-0.005886925919622588	-0.0008811798636286746	0.0005889983793211244	-2.999491729905682e-05	0.0	0.0	0.0	0.0
G3-46	0.06138512589348355	0.008362642322775825	-0.004196198439281876	0.002065657366409343	0.0029774191181538403	0.0009367732274486695	7.200722389352711e-06	0.0	0.0	0.0	0.0

Biplot	0	0

Site constraints	0	0
