Eigvals	106
0.9405440084246373	0.7720530922078843	0.49850006914688655	0.37285497899421133	0.28583167165387346	0.2424555990125266	0.18449067529719526	0.11082827412832533	0.10333347749868962	0.0792094474371719	0.06783353304136147	0.04847636292157048	0.03355793717694952	0.02834856926392676	0.02194618387538852	0.017465218980164815	0.012039660690350062	0.01166393202733304	0.007565083057416433	0.004680531626772455	0.00347469438047851	0.0024772390625567853	0.0021008157492602986	0.0007094619480081388	0.00031976186074528234	0.00012318650328805333	0.0	0.0	0.0	0.0	0.0	0.0	0.0	0.0	0.0	0.0	0.0	0.0	0.0	0.0	0.0	0.0	0.0	0.0	0.0	0.0	0.0	0.0	0.0	0.0	0.0	0.0	0.0	0.0	0.0	0.0	0.0	0.0	0.0	0.0	0.0	0.0	0.0	0.0	0.0	0.0	0.0	0.0	0.0	0.0	0.0	0.0	0.0	0.0	0.0	0.0	0.0	0.0	0.0	0.0	0.0	0.0	0.0	0.0	0.0	0.0	0.0	0.0	0.0	0.0	0.0	0.0	0.0	0.0	0.0	0.0	0.0	0.0	0.0	0.0	0.0	0.0	0.0	0.0	0.0	0.0

Proportion explained	106
0.2441143150922125	0.20038319327006154	0.12938363528256264	0.09677297076013032	0.07418643054705971	0.06292834993691579	0.04788379324908883	0.028765021082855502	0.02681977755399245	0.020558485128563946	0.017605913503625018	0.01258183989984867	0.008709824076791111	0.007357754137734352	0.005696041437339608	0.004533025494915016	0.003124844235933418	0.003027325412346906	0.001963486081071439	0.0012148126638441593	0.0009018425839169402	0.0006429571733582302	0.0005452580561589992	0.00018413792015120877	8.299287107170021e-05	3.1972548450057205e-05	0.0	0.0	0.0	0.0	0.0	0.0	0.0	0.0	0.0	0.0	0.0	0.0	0.0	0.0	0.0	0.0	0.0	0.0	0.0	0.0	0.0	0.0	0.0	0.0	0.0	0.0	0.0	0.0	0.0	0.0	0.0	0.0	0.0	0.0	0.0	0.0	0.0	0.0	0.0	0.0	0.0	0.0	0.0	0.0	0.0	0.0	0.0	0.0	0.0	0.0	0.0	0.0	0.0	0.0	0.0	0.0	0.0	0.0	0.0	0.0	0.0	0.0	0.0	0.0	0.0	0.0	0.0	0.0	0.0	0.0	0.0	0.0	0.0	0.0	0.0	0.0	0.0	0.0	0.0	0.0

Species	0	0

Site	106	106
G1-11	-0.06548977513467664	0.054726831072112715	-0.01683791069468289	-0.07289979746554447	-0.025511438339874036	-0.0012951024327255598	-0.03543432325697063	0.02863307519180905	-0.009923846047960693	0.003710047150177505	0.0011452390744298333	0.0035383942970733115	-0.009115170422555902	-0.004058105674456989	-0.004184205491294792	0.004827028877575319	0.00034536399866537767	-0.004093236536961095	-0.0016375248285892686	-0.006677137176165503	-0.006367509628235961	-0.00553745969617674	0.0019825744596766487	0.0017908712372693987	4.3621381160607906e-05	9.597609650039793e-05	0.0	0.0	0.0	0.0	0.0	0.0	0.0	0.0	0.0	0.0	0.0	0.0	0.0	0.0	0.0	0.0	0.0	0.0	0.0	-0.0	0.0	0.0	0.0	0.0	0.0	0.0	0.0	0.0	0.0	0.0	0.0	0.0	0.0	0.0	0.0	0.0	0.0	0.0	0.0	0.0	0.0	0.0	0.0	0.0	0.0	0.0	0.0	0.0	0.0	0.0	0.0	0.0	0.0	0.0	0.0	0.0	0.0	0.0	0.0	0.0	0.0	0.0	0.0	0.0	0.0	0.0	0.0	0.0	0.0	0.0	0.0	0.0	0.0	0.0	0.0	0.0	0.0	0.0	0.0	0.0
G1-12	-0.026034081156930202	0.04701087627639008	-0.026012335417038623	-0.06512370619042644	-0.03438312765301406	0.0015827899319274523	-0.06291820877365346	0.020988478825957738	-0.004396063593734591	0.0037001438995297974	-0.006560094799028977	-0.003255080005559129	5.170293615128549e-05	0.02025064076185266	0.0026555684385964015	-0.02248043517347127	0.0007823601709881433	0.010745639275919391	-0.011791546445243503	0.008376350165351529	9.455279785151471e-05	-0.006924695204732271	0.0010329752454986136	-0.0016978880866434327	0.003737065445424246	-0.002167507276326482	-0.0	-0.0	0.0	-0.0	-0.0	0.0	0.0	-0.0	0.0	0.0	0.0	0.0	0.0	-0.0	-0.0	0.0	-0.0	0.0	-0.0	-0.0	-0.0	-0.0	-0.0	-0.0	0.0	0.0	-0.0	-0.0	-0.0	-0.0	0.0	0.0	0.0	0.0	0.0	0.0	0.0	0.0	0.0	0.0	0.0	0.0	0.0	0.0	0.0	0.0	0.0	0.0	0.0	0.0	0.0	0.0	0.0	0.0	0.0	0.0	0.0	0.0	0.0	0.0	0.0	0.0	0.0	0.0	0.0	0.0	0.0	0.0	0.0	0.0	0.0	0.0	0.0	0.0	0.0	0.0	0.0	0.0	0.0	0.0
G1-13	-0.05504620741886553	-0.006844673906162226	-0.08148138795974492	-0.0011943030958215103	0.0016643066478554893	0.012924323297682377	-0.05288721905560177	0.009496024105655653	-0.0023965080216643672	-0.019521467597857275	-0.0001487797497090599	-0.005308883244181234	0.00032950998373982047	0.010810539309805956	-0.0034177624507481926	-0.006787874830582411	-0.00034347917357443835	0.010108495707112995	-0.006226306886184238	0.003710773553847333	0.0011121140370524277	-0.0024455980052879257	-0.0026608792064343532	0.0010083319574106797	-0.005640485225040971	-0.00027741970387582855	-0.0	0.0	-0.0	-0.0	-0.0	-0.0	-0.0	-0.0	0.0	-0.0	0.0	0.0	0.0	-0.0	0.0	-0.0	0.0	0.0	-0.0	0.0	0.0	0.0	0.0	0.0	0.0	-0.0	-0.0	0.0	-0.0	-0.0	-0.0	0.0	0.0	0.0	0.0	0.0	0.0	0.0	0.0	0.0	0.0	0.0	0.0	0.0	0.0	0.0	0.0	0.0	0.0	0.0	0.0	0.0	0.0	0.0	0.0	0.0	0.0	0.0	0.0	0.0	0.0	0.0	0.0	0.0	0.0	0.0	0.0	0.0	0.0	0.0	0.0	0.0	0.0	0.0	0.0	0.0	0.0	0.0	0.0	0.0
G1-130	-0.05707683648422433	-0.011627361153001184	-0.08336600505047112	0.001437461317926857	0.0033470506162544037	0.013328606960072526	-0.055727661351277685	0.016248611487988982	-0.023071445687950286	-0.016284086934509452	-0.01758215998343027	-0.0020077013090744355	0.020359172788760278	0.03714255086155377	-0.0019410008205103582	-0.004988720144907842	0.010610052268365214	-0.031036523549304314	0.00819150794710525	-0.011106792564219713	0.018629802235592983	0.006657741751562708	-0.000956910293498393	-0.009429563195295892	-0.0007873605592452566	-0.0014583801278654144	-0.0	-0.0	0.0	-0.0	-0.0	0.0	0.0	-0.0	0.0	0.0	0.0	0.0	0.0	-0.0	-0.0	0.0	-0.0	0.0	-0.0	-0.0	-0.0	-0.0	-0.0	-0.0	0.0	0.0	-0.0	-0.0	-0.0	-0.0	0.0	0.0	0.0	0.0	0.0	0.0	0.0	0.0	0.0	0.0	0.0	0.0	0.0	0.0	0.0	0.0	0.0	0.0	0.0	0.0	0.0	0.0	0.0	0.0	0.0	0.0	0.0	0.0	0.0	0.0	0.0	0.0	0.0	0.0	0.0	0.0	0.0	0.0	0.0	0.0	0.0	0.0	0.0	0.0	0.0	0.0	0.0	0.0	0.0	0.0
G1-131	-0.05574582821970306	-0.007501378155746597	-0.08164179957440486	-0.0016811193680669344	0.0021755126769583246	0.013230601743207634	-0.054864114038435705	0.012528405319984247	-0.0018881833939290397	-0.01985491780880347	0.0011418375672575171	-0.004321773574145533	-0.008013570164203251	0.0024558129516030073	-0.007410873259476518	0.00010979320826607894	-0.0005066685652498691	0.0029577619627762218	4.604696795238041e-05	0.001367227051322754	0.0007118371906380583	0.004419499792289126	0.002888997547174606	-0.0008547916158582416	0.002100787143310042	0.0002261324069849161	0.0	0.0	-0.0	0.0	0.0	-0.0	-0.0	0.0	0.0	-0.0	-0.0	0.0	-0.0	-0.0	-0.0	0.0	0.0	-0.0	0.0	-0.0	0.0	0.0	0.0	-0.0	-0.0	-0.0	-0.0	-0.0	-0.0	-0.0	0.0	-0.0	-0.0	0.0	0.0	0.0	0.0	0.0	0.0	0.0	0.0	0.0	0.0	0.0	0.0	0.0	0.0	0.0	0.0	0.0	0.0	0.0	0.0	0.0	0.0	0.0	0.0	0.0	0.0	0.0	0.0	0.0	0.0	0.0	0.0	0.0	0.0	0.0	0.0	0.0	0.0	0.0	0.0	0.0	0.0	0.0	0.0	0.0	0.0	0.0
G1-132	-0.055745828219702996	-0.007501378155746567	-0.0816417995744049	-0.0016811193680668962	0.0021755126769584395	0.013230601743207586	-0.054864114038435705	0.012528405319984393	-0.001888183393928983	-0.019854917808803378	0.0011418375672576679	-0.004321773574145449	-0.008013570164203293	0.0024558129516029747	-0.007410873259476614	0.00010979320826610714	-0.0005066685652497733	0.002957761962775411	4.604696795261367e-05	0.0013672270513221923	0.0007118371906384099	0.0044194997922893985	0.002888997547174574	-0.0008547916158602145	0.002100787143309508	0.0002261324069820021	-0.0	0.0	0.0	-0.0	0.0	0.0	0.0	-0.0	-0.0	0.0	0.0	-0.0	0.0	-0.0	0.0	-0.0	0.0	0.0	0.0	-0.0	0.0	0.0	0.0	-0.0	0.0	-0.0	0.0	0.0	0.0	0.0	0.0	0.0	-0.0	0.0	0.0	0.0	0.0	0.0	0.0	0.0	0.0	0.0	0.0	0.0	0.0	0.0	0.0	0.0	0.0	0.0	0.0	0.0	0.0	0.0	0.0	0.0	0.0	0.0	0.0	0.0	0.0	0.0	0.0	0.0	0.0	0.0	0.0	0.0	0.0	0.0	0.0	0.0	0.0	0.0	0.0	0.0	0.0	0.0	0.0	0.0
G1-135	-0.06060537606880264	-0.010806207251794517	-0.03232384560375857	0.0020480223070955083	0.027865329227010727	0.00019744595680915323	0.03466304141258756	0.0030344552016444205	-0.009078123868700843	-0.019284741102153814	0.016967128333318555	-0.009408157424680836	0.015002882203426304	-0.012607905940367627	-0.003489056316691907	-0.002708798847328456	0.005938316066763736	-0.016243515850490307	0.005699438091404269	0.006486137240328321	-0.0005709760611778856	0.0004456155167692413	0.005662185881420788	-0.0008988470131298013	0.008685792100081252	0.001463201906718642	-0.0	-0.0	0.0	-0.0	-0.0	0.0	0.0	-0.0	0.0	0.0	0.0	0.0	0.0	-0.0	-0.0	0.0	-0.0	0.0	-0.0	-0.0	-0.0	-0.0	-0.0	-0.0	0.0	0.0	-0.0	-0.0	-0.0	-0.0	0.0	0.0	0.0	0.0	0.0	0.0	0.0	0.0	0.0	0.0	0.0	0.0	0.0	0.0	0.0	0.0	0.0	0.0	0.0	0.0	0.0	0.0	0.0	0.0	0.0	0.0	0.0	0.0	0.0	0.0	0.0	0.0	0.0	0.0	0.0	0.0	0.0	0.0	0.0	0.0	0.0	0.0	0.0	0.0	0.0	0.0	0.0	0.0	0.0	0.0
G1-136	-0.09566291081549701	0.003052710777894257	-0.07607551805344114	-0.010033270026303115	0.01171944687612533	0.012838618666971094	-0.027359469298710644	0.020016020755431987	-0.009202407811976569	-0.02231191651151392	0.006390322837136557	0.0007598749338876108	-0.0006519925508276367	-0.0031847900695844444	-0.015990636696751933	0.014192782406243401	-0.0038913155955748848	-0.0037581766707105633	-0.008363071186123769	-0.010532934290622277	-0.00911643907756845	-0.008375758044760845	-0.018917299626211536	-0.0008550089384881956	0.0024852233813993136	0.0003265852695602959	-0.0	-0.0	0.0	-0.0	-0.0	0.0	0.0	-0.0	0.0	0.0	0.0	0.0	0.0	-0.0	-0.0	0.0	-0.0	0.0	-0.0	-0.0	-0.0	-0.0	-0.0	-0.0	0.0	0.0	-0.0	-0.0	-0.0	-0.0	0.0	0.0	0.0	0.0	0.0	0.0	0.0	0.0	0.0	0.0	0.0	0.0	0.0	0.0	0.0	0.0	0.0	0.0	0.0	0.0	0.0	0.0	0.0	0.0	0.0	0.0	0.0	0.0	0.0	0.0	0.0	0.0	0.0	0.0	0.0	0.0	0.0	0.0	0.0	0.0	0.0	0.0	0.0	0.0	0.0	0.0	0.0	0.0	0.0	0.0
G1-138	-0.05585482382257489	-0.010161620656303818	-0.08069867530376389	-0.0017297536981329517	-9.840026322372051e-05	0.010280801597663942	-0.055162841728415374	0.012998354753464067	-0.004152585674253333	-0.021273055490545634	0.0023600474613800033	-0.0052927307685747185	-0.0009265138013396254	0.008013451739114105	0.00839628812127002	0.010126999010292516	0.00030233236000082184	-0.008763477456630225	0.01431037520682832	0.01633222586771244	-0.0009543995400935481	-0.003511620941587884	-0.0024263508928616304	0.006153729444045783	0.0027679743355392725	0.0008424584293655248	-0.0	-0.0	0.0	-0.0	-0.0	0.0	0.0	-0.0	0.0	0.0	0.0	0.0	0.0	-0.0	-0.0	0.0	-0.0	0.0	-0.0	-0.0	-0.0	-0.0	-0.0	-0.0	0.0	0.0	-0.0	-0.0	-0.0	-0.0	0.0	0.0	0.0	0.0	0.0	0.0	0.0	0.0	0.0	0.0	0.0	0.0	0.0	0.0	0.0	0.0	0.0	0.0	0.0	0.0	0.0	0.0	0.0	0.0	0.0	0.0	0.0	0.0	0.0	0.0	0.0	0.0	0.0	0.0	0.0	0.0	0.0	0.0	0.0	0.0	0.0	0.0	0.0	0.0	0.0	0.0	0.0	0.0	0.0	0.0
G1-139	0.09445012619822844	0.0088276077772451	0.014125585903647365	-0.017403092828171464	-0.01417008824130102	-0.0015978948335510258	-0.0008708450684756646	-0.004675809207506204	0.01402122214745972	-0.0019956466912762834	-0.004101798216863441	4.7254759599510514e-05	-0.014959969436987467	-0.013908802590680221	-0.0019252163102564516	-0.0033220648007953814	-0.00419138113258312	0.011165969018598353	-0.007164741294952656	0.007008321832973689	0.003665700813482518	-0.008754295322944397	0.0012327328184043595	-0.0033879848434417727	-0.0006600116885874188	0.0010397392706176462	0.0	0.0	-0.0	0.0	0.0	0.0	0.0	-0.0	-0.0	0.0	0.0	0.0	0.0	0.0	-0.0	-0.0	0.0	0.0	0.0	-0.0	0.0	-0.0	-0.0	-0.0	0.0	-0.0	-0.0	0.0	0.0	-0.0	-0.0	-0.0	0.0	0.0	0.0	0.0	0.0	0.0	0.0	0.0	0.0	0.0	0.0	0.0	0.0	0.0	0.0	0.0	0.0	0.0	0.0	0.0	0.0	0.0	0.0	0.0	0.0	0.0	0.0	0.0	0.0	0.0	0.0	0.0	0.0	0.0	0.0	0.0	0.0	0.0	0.0	0.0	0.0	0.0	0.0	0.0	0.0	0.0	0.0	0.0
G1-14	-0.05574582821970301	-0.007501378155746616	-0.0816417995744049	-0.001681119368066803	0.002175512676958419	0.013230601743207527	-0.054864114038435725	0.012528405319984316	-0.0018881833939289802	-0.01985491780880343	0.0011418375672576444	-0.0043217735741453815	-0.008013570164203357	0.002455812951602935	-0.007410873259476612	0.00010979320826606657	-0.0005066685652498446	0.0029577619627756805	4.60469679524901e-05	0.001367227051322386	0.0007118371906382688	0.004419499792289323	0.0028889975471747455	-0.0008547916158596047	0.0021007871433091157	0.00022613240698289702	0.0	-0.0	0.0	-0.0	-0.0	-0.0	-0.0	-0.0	0.0	0.0	-0.0	0.0	0.0	-0.0	0.0	0.0	-0.0	0.0	0.0	-0.0	0.0	-0.0	-0.0	-0.0	0.0	-0.0	0.0	-0.0	0.0	0.0	0.0	0.0	0.0	0.0	0.0	0.0	0.0	0.0	0.0	0.0	0.0	0.0	0.0	0.0	0.0	0.0	0.0	0.0	0.0	0.0	0.0	0.0	0.0	0.0	0.0	0.0	0.0	0.0	0.0	0.0	0.0	0.0	0.0	0.0	0.0	0.0	0.0	0.0	0.0	0.0	0.0	0.0	0.0	0.0	0.0	0.0	0.0	0.0	0.0	0.0
G1-140	0.09445012619822844	0.008827607777245111	0.01412558590364736	-0.017403092828171447	-0.014170088241301	-0.0015978948335510557	-0.0008708450684756736	-0.004675809207506158	0.014021222147459753	-0.001995646691276273	-0.004101798216863169	4.725475959960106e-05	-0.014959969436987373	-0.013908802590680263	-0.0019252163102565125	-0.0033220648007953467	-0.004191381132583071	0.01116596901859818	-0.00716474129495256	0.007008321832973533	0.0036657008134822386	-0.008754295322944462	0.001232732818404357	-0.00338798484344169	-0.0006600116885874684	0.0010397392706180493	-0.0	-0.0	0.0	-0.0	-0.0	-0.0	0.0	0.0	0.0	0.0	-0.0	-0.0	-0.0	-0.0	-0.0	0.0	-0.0	-0.0	0.0	-0.0	0.0	-0.0	0.0	-0.0	-0.0	0.0	0.0	-0.0	0.0	-0.0	-0.0	-0.0	0.0	-0.0	0.0	0.0	0.0	0.0	0.0	0.0	0.0	0.0	0.0	0.0	0.0	0.0	0.0	0.0	0.0	0.0	0.0	0.0	0.0	0.0	0.0	0.0	0.0	0.0	0.0	0.0	0.0	0.0	0.0	0.0	0.0	0.0	0.0	0.0	0.0	0.0	0.0	0.0	0.0	0.0	0.0	0.0	0.0	0.0	0.0	0.0
G1-141	-0.025122407208750003	0.04725819340171693	-0.025639473558983383	-0.06705456732044345	-0.043743561800623644	-0.001030985548177278	-0.06522840699773931	0.022261267259890857	-0.012820568381162092	0.0005399998921613954	0.0020040474880376282	-0.012244288187318009	0.01622501925610559	0.026474122655765694	0.023964614966773188	0.0006603927392635543	0.004660446192870337	0.027363500129126285	0.02222629231403404	0.0026005193731768995	0.0015786154917999573	0.001234448025781225	-0.003181529168089952	-0.000842048322432578	5.658732599793394e-05	0.0007224470438991634	-0.0	-0.0	0.0	-0.0	-0.0	0.0	0.0	-0.0	0.0	0.0	0.0	0.0	0.0	-0.0	-0.0	0.0	-0.0	0.0	-0.0	-0.0	-0.0	-0.0	-0.0	-0.0	0.0	0.0	-0.0	-0.0	-0.0	-0.0	0.0	0.0	0.0	0.0	0.0	0.0	0.0	0.0	0.0	0.0	0.0	0.0	0.0	0.0	0.0	0.0	0.0	0.0	0.0	0.0	0.0	0.0	0.0	0.0	0.0	0.0	0.0	0.0	0.0	0.0	0.0	0.0	0.0	0.0	0.0	0.0	0.0	0.0	0.0	0.0	0.0	0.0	0.0	0.0	0.0	0.0	0.0	0.0	0.0	0.0
G1-142	0.09721924968220996	0.006986008175356111	0.012077954879011244	-0.021180183577418337	-0.028672135654804736	-0.01057789714419866	-0.012493567394664194	0.0005531008973151617	-0.007098132533639374	0.0017808314755015811	0.017724303423583308	-0.01409995544046298	0.01953643603753229	-0.014266101473795126	0.008566169724621766	-0.00477390786528076	0.007159137088706257	0.004418797074759359	0.007856403398641536	-0.0015434736901267492	-0.003782952653977731	-0.00040822338252620313	0.00017109258667239447	0.0005472753264942684	-1.5999205924231203e-05	0.00011721298684640554	-0.0	0.0	0.0	-0.0	-0.0	-0.0	-0.0	-0.0	0.0	-0.0	0.0	-0.0	-0.0	0.0	0.0	-0.0	-0.0	0.0	-0.0	-0.0	-0.0	-0.0	0.0	0.0	0.0	0.0	-0.0	0.0	-0.0	0.0	0.0	-0.0	-0.0	-0.0	0.0	0.0	0.0	0.0	0.0	0.0	0.0	0.0	0.0	0.0	0.0	0.0	0.0	0.0	0.0	0.0	0.0	0.0	0.0	0.0	0.0	0.0	0.0	0.0	0.0	0.0	0.0	0.0	0.0	0.0	0.0	0.0	0.0	0.0	0.0	0.0	0.0	0.0	0.0	0.0	0.0	0.0	0.0	0.0	0.0	0.0
G1-143	0.09721924968220996	0.006986008175356111	0.012077954879011244	-0.021180183577418337	-0.028672135654804736	-0.010577897144198474	-0.012493567394664189	0.0005531008973151652	-0.007098132533639378	0.0017808314755015553	0.01772430342358328	-0.014099955440463037	0.019536436037532218	-0.014266101473795208	0.008566169724621658	-0.004773907865280632	0.007159137088706199	0.004418797074759193	0.007856403398641515	-0.001543473690126958	-0.0037829526539778346	-0.00040822338252600006	0.00017109258667232576	0.0005472753264940352	-1.5999205923538584e-05	0.00011721298684628374	0.0	-0.0	-0.0	-0.0	-0.0	-0.0	0.0	-0.0	0.0	-0.0	-0.0	-0.0	0.0	0.0	0.0	0.0	0.0	-0.0	-0.0	-0.0	0.0	0.0	-0.0	-0.0	-0.0	0.0	-0.0	-0.0	-0.0	-0.0	-0.0	0.0	0.0	0.0	0.0	0.0	0.0	0.0	0.0	0.0	0.0	0.0	0.0	0.0	0.0	0.0	0.0	0.0	0.0	0.0	0.0	0.0	0.0	0.0	0.0	0.0	0.0	0.0	0.0	0.0	0.0	0.0	0.0	0.0	0.0	0.0	0.0	0.0	0.0	0.0	0.0	0.0	0.0	0.0	0.0	0.0	0.0	0.0	0.0	0.0
G1-144	0.09721924968220996	0.006986008175356111	0.012077954879011239	-0.021180183577418337	-0.028672135654804736	-0.010577897144198548	-0.012493567394664194	0.000553100897315179	-0.007098132533639425	0.0017808314755015603	0.017724303423583356	-0.014099955440463012	0.019536436037532263	-0.014266101473795078	0.008566169724621693	-0.004773907865280691	0.007159137088706257	0.00441879707475919	0.007856403398641732	-0.0015434736901268366	-0.0037829526539778125	-0.00040822338252606094	0.00017109258667214115	0.0005472753264937245	-1.5999205922182135e-05	0.00011721298684613041	0.0	0.0	-0.0	0.0	0.0	0.0	-0.0	0.0	-0.0	0.0	0.0	-0.0	-0.0	-0.0	-0.0	0.0	-0.0	0.0	0.0	-0.0	-0.0	0.0	-0.0	-0.0	-0.0	0.0	-0.0	0.0	-0.0	0.0	0.0	-0.0	-0.0	-0.0	0.0	0.0	0.0	0.0	0.0	0.0	0.0	0.0	0.0	0.0	0.0	0.0	0.0	0.0	0.0	0.0	0.0	0.0	0.0	0.0	0.0	0.0	0.0	0.0	0.0	0.0	0.0	0.0	0.0	0.0	0.0	0.0	0.0	0.0	0.0	0.0	0.0	0.0	0.0	0.0	0.0	0.0	0.0	0.0	0.0	0.0
G1-15	-0.056626108146575545	-0.0011387597602357513	-0.11893894157241178	0.028634171980943722	0.038685199468972926	0.05173035378282416	-0.055806037670467705	0.06632514240145577	-0.0017005617468201797	0.07007260215775293	0.012634080538306499	-0.014389608733201591	-0.013612949091346353	0.026097888361849186	0.006766612016155693	-0.010656292207418955	-0.0051267103823763645	0.014473610123722943	0.0012628468630200376	0.010009767057047836	0.002564911539511024	0.0012170615696035084	-0.0006427079098540271	-0.00027823447282327747	0.00041185310897244907	0.0002326117501635471	-0.0	-0.0	0.0	-0.0	-0.0	0.0	0.0	-0.0	0.0	0.0	0.0	0.0	0.0	-0.0	-0.0	0.0	-0.0	0.0	-0.0	-0.0	-0.0	-0.0	-0.0	-0.0	0.0	0.0	-0.0	-0.0	-0.0	-0.0	0.0	0.0	0.0	0.0	0.0	0.0	0.0	0.0	0.0	0.0	0.0	0.0	0.0	0.0	0.0	0.0	0.0	0.0	0.0	0.0	0.0	0.0	0.0	0.0	0.0	0.0	0.0	0.0	0.0	0.0	0.0	0.0	0.0	0.0	0.0	0.0	0.0	0.0	0.0	0.0	0.0	0.0	0.0	0.0	0.0	0.0	0.0	0.0	0.0	0.0
G1-175	-0.2476819668521909	0.07477489188010616	-0.10329099705942506	0.1442961058905415	-0.2747737172058859	0.02470367202042402	0.013362435265435138	-0.062106288137438403	-0.11268738674732066	0.05688479394397715	-0.11239690340647725	-0.024247795303754923	0.027544952285793105	-0.04149666492326148	0.006672103258579918	0.027300299885976324	-0.00516964411343322	-0.0029902664357799374	-0.008891507712722232	-0.0003796292057962217	-0.0006891392920381745	-0.0022864735970886557	0.0017429882679005407	-0.000652391260878689	6.076211240959421e-06	-5.347145906739329e-05	-0.0	-0.0	0.0	-0.0	-0.0	0.0	0.0	-0.0	0.0	0.0	0.0	0.0	0.0	-0.0	-0.0	0.0	-0.0	0.0	-0.0	-0.0	-0.0	-0.0	-0.0	-0.0	0.0	0.0	-0.0	-0.0	-0.0	-0.0	0.0	0.0	0.0	0.0	0.0	0.0	0.0	0.0	0.0	0.0	0.0	0.0	0.0	0.0	0.0	0.0	0.0	0.0	0.0	0.0	0.0	0.0	0.0	0.0	0.0	0.0	0.0	0.0	0.0	0.0	0.0	0.0	0.0	0.0	0.0	0.0	0.0	0.0	0.0	0.0	0.0	0.0	0.0	0.0	0.0	0.0	0.0	0.0	0.0	0.0
G1-176	-0.21759900972885954	-0.22039118498021143	0.3144691691217868	-0.05677705169139095	-0.09239251983607337	0.1833376527459624	0.015502305246260258	0.0804117264102537	-0.0010029527850775218	0.007840635939219789	-0.002633194197794804	0.008600157197945777	0.02400054442996278	0.017316078262720216	0.002756881872587704	-0.014166447632239294	0.003955640282793576	-0.0005637572615379926	-0.001966595185908078	-0.0020294678744572667	0.0008024693081962884	-0.0001655393246467751	-5.232575108224968e-05	-0.00014033315510336881	-1.3397080231300967e-06	-2.4416288651909105e-05	-0.0	-0.0	0.0	-0.0	-0.0	0.0	0.0	-0.0	0.0	0.0	0.0	0.0	0.0	-0.0	-0.0	0.0	-0.0	0.0	-0.0	-0.0	-0.0	-0.0	-0.0	-0.0	0.0	0.0	-0.0	-0.0	-0.0	-0.0	0.0	0.0	0.0	0.0	0.0	0.0	0.0	0.0	0.0	0.0	0.0	0.0	0.0	0.0	0.0	0.0	0.0	0.0	0.0	0.0	0.0	0.0	0.0	0.0	0.0	0.0	0.0	0.0	0.0	0.0	0.0	0.0	0.0	0.0	0.0	0.0	0.0	0.0	0.0	0.0	0.0	0.0	0.0	0.0	0.0	0.0	0.0	0.0	0.0	0.0
G1-177	0.0640005498152363	-0.04532050027801587	-0.04645069051956869	0.03927192959853993	0.00901836207434815	0.00038891198949289477	-0.010964549140224709	-0.014874107666844542	0.0012516689059778982	-0.029113582346889003	0.017734305855636515	-0.011178485882011903	0.01537887876045481	-0.016013028428336396	-0.010228817873646073	-0.015537254477756616	0.007519180398102814	0.006757978564877231	-0.007043008200447024	0.004854404420105555	0.00017677931451208286	-0.0027746938813489773	0.008632737241304637	0.002933495601331482	0.0012533521463493277	-0.00022683887581842883	-0.0	-0.0	0.0	-0.0	-0.0	0.0	0.0	-0.0	0.0	0.0	0.0	0.0	0.0	-0.0	-0.0	0.0	-0.0	0.0	-0.0	-0.0	-0.0	-0.0	-0.0	-0.0	0.0	0.0	-0.0	-0.0	-0.0	-0.0	0.0	0.0	0.0	0.0	0.0	0.0	0.0	0.0	0.0	0.0	0.0	0.0	0.0	0.0	0.0	0.0	0.0	0.0	0.0	0.0	0.0	0.0	0.0	0.0	0.0	0.0	0.0	0.0	0.0	0.0	0.0	0.0	0.0	0.0	0.0	0.0	0.0	0.0	0.0	0.0	0.0	0.0	0.0	0.0	0.0	0.0	0.0	0.0	0.0	0.0
G1-178	-0.05993160787395495	-0.00771783424521484	-0.03326981133692155	0.002590590578161898	0.029592301912933352	0.002618047013265618	0.035902817843559316	-0.0003240471595991512	-0.007539047127938123	-0.01800834066712361	0.014832150464519337	-0.009620848229964687	0.015217157483242096	-0.009476959704679358	-0.014183828220176817	-0.017493524857284466	0.005744064430184727	0.0015841194283991852	-0.011629117387067104	-0.0015561305795746229	0.00011703371504890919	-0.0008837640647160801	0.0057545316039416105	-0.0007918577506603544	-0.00267722587475056	-0.0005887734515885699	-0.0	-0.0	0.0	-0.0	-0.0	0.0	0.0	-0.0	0.0	0.0	0.0	0.0	0.0	-0.0	-0.0	0.0	-0.0	0.0	-0.0	-0.0	-0.0	-0.0	-0.0	-0.0	0.0	0.0	-0.0	-0.0	-0.0	-0.0	0.0	0.0	0.0	0.0	0.0	0.0	0.0	0.0	0.0	0.0	0.0	0.0	0.0	0.0	0.0	0.0	0.0	0.0	0.0	0.0	0.0	0.0	0.0	0.0	0.0	0.0	0.0	0.0	0.0	0.0	0.0	0.0	0.0	0.0	0.0	0.0	0.0	0.0	0.0	0.0	0.0	0.0	0.0	0.0	0.0	0.0	0.0	0.0	0.0	0.0
G1-180	-0.3528866214048558	-0.11990808262468436	-0.017267565042322595	0.10791274569950886	-0.08831165383365246	-0.19886567379959655	-0.08484103173929201	-0.048903647080976796	0.1438299941889635	0.0627553293487992	0.031117631891543346	0.02155076984655858	0.0018669074710856344	0.018695870068814794	0.0054329524631722735	-0.0052671015027886195	-0.009648211104098785	0.0036391476619266083	-0.0009913538540942872	-0.0010426593643888447	-0.0013122502720188342	0.0024658252354659706	-0.0016266916765188292	0.0006562113459152938	-2.7722692256595346e-05	0.0001294912992943677	-0.0	-0.0	0.0	-0.0	-0.0	0.0	0.0	-0.0	0.0	0.0	0.0	0.0	0.0	-0.0	-0.0	0.0	-0.0	0.0	-0.0	-0.0	-0.0	-0.0	-0.0	-0.0	0.0	0.0	-0.0	-0.0	-0.0	-0.0	0.0	0.0	0.0	0.0	0.0	0.0	0.0	0.0	0.0	0.0	0.0	0.0	0.0	0.0	0.0	0.0	0.0	0.0	0.0	0.0	0.0	0.0	0.0	0.0	0.0	0.0	0.0	0.0	0.0	0.0	0.0	0.0	0.0	0.0	0.0	0.0	0.0	0.0	0.0	0.0	0.0	0.0	0.0	0.0	0.0	0.0	0.0	0.0	0.0	0.0
G1-182	-0.11392635675949464	0.24639086423316314	0.17179674172466095	0.13934456894494815	0.148223050488864	0.04809852467407051	-0.03557441474845901	-0.028531600652299975	-0.04299999056733648	0.10235065022905973	0.027452948446119254	-0.0079340697453594	0.010349220645849302	-0.009082138287776868	-0.004699297204898557	-0.01809182247708692	1.5336774586728844e-05	-0.010538118216441142	0.012274254506285442	-0.004900095963752824	0.0006202307229370006	-5.7680043651082637e-05	-0.0021855621993167656	-0.002995437521588723	-0.00039947432665675826	-0.0004437865413735736	-0.0	-0.0	0.0	-0.0	-0.0	0.0	0.0	-0.0	0.0	0.0	0.0	0.0	0.0	-0.0	-0.0	0.0	-0.0	0.0	-0.0	-0.0	-0.0	-0.0	-0.0	-0.0	0.0	0.0	-0.0	-0.0	-0.0	-0.0	0.0	0.0	0.0	0.0	0.0	0.0	0.0	0.0	0.0	0.0	0.0	0.0	0.0	0.0	0.0	0.0	0.0	0.0	0.0	0.0	0.0	0.0	0.0	0.0	0.0	0.0	0.0	0.0	0.0	0.0	0.0	0.0	0.0	0.0	0.0	0.0	0.0	0.0	0.0	0.0	0.0	0.0	0.0	0.0	0.0	0.0	0.0	0.0	0.0	0.0
G1-187	0.09445012619822843	0.0088276077772451	0.014125585903647384	-0.01740309282817144	-0.014170088241301053	-0.0015978948335509736	-0.0008708450684756467	-0.004675809207506195	0.01402122214745959	-0.0019956466912762452	-0.004101798216863429	4.7254759599569664e-05	-0.014959969436987427	-0.013908802590680263	-0.0019252163102564223	-0.0033220648007953675	-0.004191381132583065	0.011165969018598084	-0.007164741294952563	0.00700832183297342	0.003665700813482241	-0.008754295322944432	0.0012327328184044964	-0.003387984843441687	-0.0006600116885872568	0.0010397392706177257	-0.0	0.0	0.0	0.0	-0.0	-0.0	-0.0	0.0	-0.0	-0.0	-0.0	0.0	0.0	0.0	0.0	-0.0	-0.0	-0.0	-0.0	-0.0	-0.0	0.0	-0.0	0.0	-0.0	-0.0	0.0	-0.0	-0.0	0.0	0.0	0.0	-0.0	0.0	0.0	0.0	0.0	0.0	0.0	0.0	0.0	0.0	0.0	0.0	0.0	0.0	0.0	0.0	0.0	0.0	0.0	0.0	0.0	0.0	0.0	0.0	0.0	0.0	0.0	0.0	0.0	0.0	0.0	0.0	0.0	0.0	0.0	0.0	0.0	0.0	0.0	0.0	0.0	0.0	0.0	0.0	0.0	0.0	0.0	0.0
G1-188	-0.049596692298958404	0.11676759977963283	0.04680479459650744	-0.07153342305625657	0.06742207219828997	0.0675967343912167	0.01920467235002822	-0.10631012920944607	0.019082946311815445	0.008446906997502772	-0.00011754656326146834	0.038531384446630915	-0.0011375382463881703	-0.03814421238877357	0.03515610532770557	-0.020384475814053477	0.009154867026146528	0.006035975130134995	-0.0016100816355574133	0.006249093380828223	0.008143376519557172	0.0059875144042029595	-0.002094767250046114	-0.002268563566447155	-0.00013893470707644967	0.00017530053712268203	-0.0	-0.0	0.0	-0.0	-0.0	0.0	0.0	-0.0	0.0	0.0	0.0	0.0	0.0	-0.0	-0.0	0.0	-0.0	0.0	-0.0	-0.0	-0.0	-0.0	-0.0	-0.0	0.0	0.0	-0.0	-0.0	-0.0	-0.0	0.0	0.0	0.0	0.0	0.0	0.0	0.0	0.0	0.0	0.0	0.0	0.0	0.0	0.0	0.0	0.0	0.0	0.0	0.0	0.0	0.0	0.0	0.0	0.0	0.0	0.0	0.0	0.0	0.0	0.0	0.0	0.0	0.0	0.0	0.0	0.0	0.0	0.0	0.0	0.0	0.0	0.0	0.0	0.0	0.0	0.0	0.0	0.0	0.0	0.0
G1-189	-0.02801558520422221	0.04325221669571088	0.02312910748157069	-0.051941682102210444	0.002583762159564041	-0.00370011681553307	0.042122167133697035	0.00960507823469542	0.003150564674342075	-0.0024583235010825063	-0.0005728320664251263	-0.000564098422814734	-0.011655292687552728	-0.008073498742669643	-0.0019812392521298666	0.0008520971784838736	0.0018296960975597268	0.01582010452139482	-0.006493486791668094	0.0074467153264480964	0.00044044206370587015	-0.01526665909721692	0.0032157973533696294	-0.0082730522957888	-5.286392046322243e-05	-0.0023268477486859057	-0.0	-0.0	0.0	-0.0	-0.0	0.0	0.0	-0.0	0.0	0.0	0.0	0.0	0.0	-0.0	-0.0	0.0	-0.0	0.0	-0.0	-0.0	-0.0	-0.0	-0.0	-0.0	0.0	0.0	-0.0	-0.0	-0.0	-0.0	0.0	0.0	0.0	0.0	0.0	0.0	0.0	0.0	0.0	0.0	0.0	0.0	0.0	0.0	0.0	0.0	0.0	0.0	0.0	0.0	0.0	0.0	0.0	0.0	0.0	0.0	0.0	0.0	0.0	0.0	0.0	0.0	0.0	0.0	0.0	0.0	0.0	0.0	0.0	0.0	0.0	0.0	0.0	0.0	0.0	0.0	0.0	0.0	0.0	0.0
G1-190	-0.06306742553694274	0.11195537246874981	0.030278783295805304	-0.09625808869113163	0.017260622726950635	0.05280777074546216	0.06038261111882732	-0.08812883130548724	0.16533736256190465	0.014300405793318824	-0.05098792056443154	-0.1452714724231923	-0.0019490828786165877	0.01689345150890153	-0.02216118764213447	0.0038425449919038874	0.0009406483704264539	-0.008524500524792264	0.0051876892577608765	-0.002549055469900992	-0.002023557685341229	-0.0018015183331510465	0.0006445777192164245	0.00023892001367395907	5.3187232862497e-05	-8.110380480448733e-05	-0.0	-0.0	0.0	-0.0	-0.0	0.0	0.0	-0.0	0.0	0.0	0.0	0.0	0.0	-0.0	-0.0	0.0	-0.0	0.0	-0.0	-0.0	-0.0	-0.0	-0.0	-0.0	0.0	0.0	-0.0	-0.0	-0.0	-0.0	0.0	0.0	0.0	0.0	0.0	0.0	0.0	0.0	0.0	0.0	0.0	0.0	0.0	0.0	0.0	0.0	0.0	0.0	0.0	0.0	0.0	0.0	0.0	0.0	0.0	0.0	0.0	0.0	0.0	0.0	0.0	0.0	0.0	0.0	0.0	0.0	0.0	0.0	0.0	0.0	0.0	0.0	0.0	0.0	0.0	0.0	0.0	0.0	0.0	0.0
G1-192	0.12550261385504144	0.03414328901633862	0.015148322770145725	0.013535265455665722	-0.20181031594366436	0.046953468710150756	0.04326610773412804	-0.0870821931579359	-0.045907087629851726	0.029033025043548585	0.18372175700716883	-0.022622823062725436	-0.014443898167227784	0.041700202808765685	-0.001749368560305432	0.023745934014823836	-0.01333089265889195	-0.009799862359071224	-0.014754759699837375	-0.001819256428590225	0.005417982360124774	0.0005556922857376488	0.0006303908606046749	-0.0007134210224820131	-3.009402073819204e-05	1.6074212360048348e-05	-0.0	-0.0	0.0	-0.0	-0.0	0.0	0.0	-0.0	0.0	0.0	0.0	0.0	0.0	-0.0	-0.0	0.0	-0.0	0.0	-0.0	-0.0	-0.0	-0.0	-0.0	-0.0	0.0	0.0	-0.0	-0.0	-0.0	-0.0	0.0	0.0	0.0	0.0	0.0	0.0	0.0	0.0	0.0	0.0	0.0	0.0	0.0	0.0	0.0	0.0	0.0	0.0	0.0	0.0	0.0	0.0	0.0	0.0	0.0	0.0	0.0	0.0	0.0	0.0	0.0	0.0	0.0	0.0	0.0	0.0	0.0	0.0	0.0	0.0	0.0	0.0	0.0	0.0	0.0	0.0	0.0	0.0	0.0	0.0
G1-193	-0.026931683489952816	0.04559068691972181	-0.02667018296474232	-0.06578377636230516	-0.03335796655005731	0.0025896814093828227	-0.06691347460288027	0.027275696291551476	-0.0030391891768899804	0.0024255974182187147	-0.00483903289831316	-0.001157597742476507	-0.017145930359145595	0.004310426845692342	-0.005431163112970824	-0.006629498377369955	0.0011950040980369186	-0.004339163460249209	0.0013259495255529025	0.002869729039734714	0.004554341785104527	0.005002458266427102	-0.0007784397529861246	-0.0007810678074742975	-0.001186367343530957	0.00044588669792581474	-0.0	-0.0	-0.0	0.0	0.0	0.0	-0.0	0.0	-0.0	-0.0	0.0	-0.0	-0.0	-0.0	-0.0	0.0	0.0	0.0	-0.0	-0.0	0.0	-0.0	0.0	0.0	0.0	0.0	0.0	-0.0	-0.0	-0.0	-0.0	-0.0	0.0	0.0	0.0	0.0	0.0	0.0	0.0	0.0	0.0	0.0	0.0	0.0	0.0	0.0	0.0	0.0	0.0	0.0	0.0	0.0	0.0	0.0	0.0	0.0	0.0	0.0	0.0	0.0	0.0	0.0	0.0	0.0	0.0	0.0	0.0	0.0	0.0	0.0	0.0	0.0	0.0	0.0	0.0	0.0	0.0	0.0	0.0	0.0
G2-1100	0.0989108475149369	0.008962606549722854	0.015697434994929184	-0.013467920262259398	-0.013613051293082651	-0.0025248843179700915	0.00441217956681641	-0.003948087235519294	0.002216205825432242	0.001355052801370947	-0.01362754447979483	0.006985928138461988	-0.005780672477657461	0.006919835780925245	-0.004924503292051113	-0.008214222566846468	0.0002088991903466053	0.0008224665672232303	-0.008119394777471884	-0.0056136035525903094	-0.004922169668706358	0.0038407189707805596	0.0002820673322600884	0.00039280228102439737	-0.0008401158959569006	4.1683808486249025e-05	0.0	0.0	0.0	-0.0	0.0	-0.0	-0.0	0.0	-0.0	-0.0	0.0	-0.0	0.0	-0.0	-0.0	-0.0	-0.0	-0.0	0.0	-0.0	-0.0	-0.0	0.0	-0.0	-0.0	-0.0	0.0	-0.0	0.0	-0.0	-0.0	0.0	0.0	-0.0	0.0	0.0	0.0	0.0	0.0	0.0	0.0	0.0	0.0	0.0	0.0	0.0	0.0	0.0	0.0	0.0	0.0	0.0	0.0	0.0	0.0	0.0	0.0	0.0	0.0	0.0	0.0	0.0	0.0	0.0	0.0	0.0	0.0	0.0	0.0	0.0	0.0	0.0	0.0	0.0	0.0	0.0	0.0	0.0	0.0	0.0
G2-1101	-0.023983700686254394	0.043790086481289014	0.02402113379726787	-0.04854296257215495	0.0037286607082337962	-0.004295220067683077	0.04726342282097212	0.010841346480742281	-0.007360817761097404	0.0009395197875162314	-0.011132654125100734	0.006904481270011399	-0.0022079026013354206	0.014495925797579195	-0.0024569542327097208	-0.0036540419133775097	0.003975786199656008	0.0002197162276838783	-0.008955823281921526	-0.005412363941830153	-0.010952996103463323	0.006625491463419246	0.0016787676211673808	0.00019770728603209862	-0.00014690452921641968	-0.002057151883672148	-0.0	-0.0	0.0	-0.0	-0.0	0.0	-0.0	-0.0	0.0	0.0	-0.0	0.0	-0.0	-0.0	-0.0	-0.0	0.0	-0.0	-0.0	-0.0	0.0	0.0	-0.0	-0.0	0.0	-0.0	-0.0	-0.0	-0.0	-0.0	0.0	0.0	0.0	-0.0	0.0	0.0	0.0	0.0	0.0	0.0	0.0	0.0	0.0	0.0	0.0	0.0	0.0	0.0	0.0	0.0	0.0	0.0	0.0	0.0	0.0	0.0	0.0	0.0	0.0	0.0	0.0	0.0	0.0	0.0	0.0	0.0	0.0	0.0	0.0	0.0	0.0	0.0	0.0	0.0	0.0	0.0	0.0	0.0	0.0	0.0
G2-1102	0.0989108475149369	0.008962606549722854	0.015697434994929184	-0.013467920262259398	-0.013613051293082648	-0.002524884317970092	0.00441217956681641	-0.003948087235519291	0.002216205825432242	0.001355052801370949	-0.013627544479794819	0.006985928138461982	-0.005780672477657458	0.006919835780925214	-0.004924503292051115	-0.00821422256684645	0.00020889919034662577	0.0008224665672232342	-0.008119394777471891	-0.005613603552590283	-0.004922169668706331	0.0038407189707805483	0.0002820673322600453	0.0003928022810243564	-0.0008401158959567996	4.168380848646174e-05	0.0	-0.0	-0.0	0.0	0.0	0.0	-0.0	-0.0	0.0	-0.0	-0.0	-0.0	0.0	0.0	0.0	0.0	0.0	0.0	-0.0	-0.0	0.0	0.0	0.0	-0.0	0.0	-0.0	0.0	0.0	0.0	0.0	-0.0	-0.0	-0.0	-0.0	0.0	0.0	0.0	0.0	0.0	0.0	0.0	0.0	0.0	0.0	0.0	0.0	0.0	0.0	0.0	0.0	0.0	0.0	0.0	0.0	0.0	0.0	0.0	0.0	0.0	0.0	0.0	0.0	0.0	0.0	0.0	0.0	0.0	0.0	0.0	0.0	0.0	0.0	0.0	0.0	0.0	0.0	0.0	0.0	0.0	0.0
G2-1103	-0.10699970735236268	0.2500755773664659	0.19308294699521208	0.09952243370573466	0.11465261306442634	0.018962791912257217	-0.027372997392931923	-0.07618599384757184	-0.026992112772760708	-0.038970193028736166	-0.007087266773657743	0.02421043437418236	-0.002336462022537395	0.01510771882341503	-0.014050930447013084	0.023359111085832808	-0.007969300045611654	0.010963394758652004	-0.011417783157216659	0.008520008474566007	0.0015331648772468035	0.002004202814944805	0.001162152961658177	0.002444359578603635	0.00039455943739079855	0.0004010360764140166	-0.0	-0.0	0.0	-0.0	-0.0	0.0	0.0	-0.0	0.0	0.0	0.0	0.0	0.0	-0.0	-0.0	0.0	-0.0	0.0	-0.0	-0.0	-0.0	-0.0	-0.0	-0.0	0.0	0.0	-0.0	-0.0	-0.0	-0.0	0.0	0.0	0.0	0.0	0.0	0.0	0.0	0.0	0.0	0.0	0.0	0.0	0.0	0.0	0.0	0.0	0.0	0.0	0.0	0.0	0.0	0.0	0.0	0.0	0.0	0.0	0.0	0.0	0.0	0.0	0.0	0.0	0.0	0.0	0.0	0.0	0.0	0.0	0.0	0.0	0.0	0.0	0.0	0.0	0.0	0.0	0.0	0.0	0.0	0.0
G2-1104	-0.11427913382534506	0.01878069655270841	-0.04539746194658125	0.0757481089659571	-0.014820729929878491	-0.05728227525023277	0.07934537947358826	0.030205975100596073	0.05611256105655209	-0.05511883658192514	0.006001349947529592	0.011772939296562559	-0.008439369766143724	-0.025645408800410593	0.07890102166912456	-0.0106149517308302	0.007995739905200883	-0.009703472081747587	-0.016392476700138603	-0.01476672018790822	0.004349788543408706	-0.0004827836504339015	0.001822377424630667	-0.0018013276297237397	-0.0001431077339500058	-0.00033084217151784125	-0.0	-0.0	0.0	-0.0	-0.0	0.0	0.0	-0.0	0.0	0.0	0.0	0.0	0.0	-0.0	-0.0	0.0	-0.0	0.0	-0.0	-0.0	-0.0	-0.0	-0.0	-0.0	0.0	0.0	-0.0	-0.0	-0.0	-0.0	0.0	0.0	0.0	0.0	0.0	0.0	0.0	0.0	0.0	0.0	0.0	0.0	0.0	0.0	0.0	0.0	0.0	0.0	0.0	0.0	0.0	0.0	0.0	0.0	0.0	0.0	0.0	0.0	0.0	0.0	0.0	0.0	0.0	0.0	0.0	0.0	0.0	0.0	0.0	0.0	0.0	0.0	0.0	0.0	0.0	0.0	0.0	0.0	0.0	0.0
G2-1105	0.11500472019740175	0.1391366745218817	0.15722877706071886	0.15303556168336885	0.011323506846035756	-0.06426965953670491	-0.05028548683940771	0.02793408522449924	-0.020407752816037898	-0.02533166564104134	-0.02744824383106644	-0.010250713628166503	0.003304998533162588	0.02443354853358368	-0.010327273211346135	0.002722647326777073	0.0007335090090084118	-0.02083546745567568	-0.004510744114960422	0.019433312110144776	-0.009867957262273217	-0.00282668437288179	-7.177168239692067e-05	-0.00018315254726965387	-0.0002789241682619566	-0.00024602435250884624	-0.0	-0.0	0.0	-0.0	-0.0	0.0	0.0	-0.0	0.0	0.0	0.0	0.0	0.0	-0.0	-0.0	0.0	-0.0	0.0	-0.0	-0.0	-0.0	-0.0	-0.0	-0.0	0.0	0.0	-0.0	-0.0	-0.0	-0.0	0.0	0.0	0.0	0.0	0.0	0.0	0.0	0.0	0.0	0.0	0.0	0.0	0.0	0.0	0.0	0.0	0.0	0.0	0.0	0.0	0.0	0.0	0.0	0.0	0.0	0.0	0.0	0.0	0.0	0.0	0.0	0.0	0.0	0.0	0.0	0.0	0.0	0.0	0.0	0.0	0.0	0.0	0.0	0.0	0.0	0.0	0.0	0.0	0.0	0.0
G2-1106	0.09659526009065504	0.005012613938400437	0.017961932817487144	-0.012259993264734016	-0.014466850054167188	-0.005889227791245582	0.004828725741871227	-0.004621620606217362	0.0005009561469994807	0.00046524224250313117	-0.014227093464179896	0.00520555890830258	-0.0011642558379095648	0.007005932135639315	0.006039821798625454	-0.0008077605835837143	-0.0008919287755146653	-0.006854452817466811	0.00431659162718049	-0.0005102453976207136	0.013279728995761362	-0.005195878070278783	-0.0006335495369612341	0.0033146979139643913	0.002469186291503731	-5.341415378138136e-05	-0.0	0.0	0.0	0.0	0.0	-0.0	-0.0	-0.0	-0.0	-0.0	-0.0	-0.0	0.0	-0.0	-0.0	0.0	0.0	0.0	-0.0	-0.0	0.0	0.0	-0.0	-0.0	0.0	0.0	-0.0	0.0	0.0	0.0	0.0	0.0	0.0	-0.0	0.0	0.0	0.0	0.0	0.0	0.0	0.0	0.0	0.0	0.0	0.0	0.0	0.0	0.0	0.0	0.0	0.0	0.0	0.0	0.0	0.0	0.0	0.0	0.0	0.0	0.0	0.0	0.0	0.0	0.0	0.0	0.0	0.0	0.0	0.0	0.0	0.0	0.0	0.0	0.0	0.0	0.0	0.0	0.0	0.0	0.0
G2-1107	0.0962482274095554	0.008021978090287029	0.016042286497301588	-0.012661407962748115	-0.012370912149715776	-0.0023412206135108907	0.003220211953066928	-0.00445586584594214	0.0025829518454068296	0.0018996261116437179	-0.014562927320433785	0.006385768637195564	-0.006686856966113543	0.003413921545273028	-0.007517010945515147	-0.009394298271976334	-0.0015977360808799028	0.0038940001977938034	-0.004539462384474489	-0.00963877334742073	0.009516000106244281	-0.0011302689941725978	2.9096640684654496e-05	0.005191178012344999	0.0015178725289853273	-0.0010039241706013946	-0.0	-0.0	0.0	-0.0	-0.0	0.0	0.0	-0.0	0.0	0.0	0.0	0.0	0.0	-0.0	-0.0	0.0	-0.0	0.0	-0.0	-0.0	-0.0	-0.0	-0.0	-0.0	0.0	0.0	-0.0	-0.0	-0.0	-0.0	0.0	0.0	0.0	0.0	0.0	0.0	0.0	0.0	0.0	0.0	0.0	0.0	0.0	0.0	0.0	0.0	0.0	0.0	0.0	0.0	0.0	0.0	0.0	0.0	0.0	0.0	0.0	0.0	0.0	0.0	0.0	0.0	0.0	0.0	0.0	0.0	0.0	0.0	0.0	0.0	0.0	0.0	0.0	0.0	0.0	0.0	0.0	0.0	0.0	0.0
G2-1108	-0.025892740867874228	0.04006518050445205	0.026108225967225486	-0.04713830206412233	0.0026255664300415395	-0.00722524678227617	0.0466915842670327	0.009548373728451083	-0.008300910712119294	0.0010668968957568564	-0.01206139767703411	0.006220030137157929	0.0035067818694839905	0.014660936841037189	0.007545640222500727	0.0025922357277216707	0.0005397078283279255	-0.007403422938429695	0.003542349434971843	0.00043551075648095135	0.008504806331556624	-0.0062265604096745746	-0.0014135856054788625	0.00472935592959619	0.001673321635912182	-0.0021860593077265645	-0.0	-0.0	-0.0	0.0	-0.0	-0.0	-0.0	-0.0	-0.0	-0.0	-0.0	0.0	0.0	0.0	-0.0	-0.0	-0.0	0.0	0.0	-0.0	0.0	-0.0	-0.0	-0.0	0.0	0.0	-0.0	-0.0	0.0	-0.0	0.0	0.0	-0.0	-0.0	0.0	0.0	0.0	0.0	0.0	0.0	0.0	0.0	0.0	0.0	0.0	0.0	0.0	0.0	0.0	0.0	0.0	0.0	0.0	0.0	0.0	0.0	0.0	0.0	0.0	0.0	0.0	0.0	0.0	0.0	0.0	0.0	0.0	0.0	0.0	0.0	0.0	0.0	0.0	0.0	0.0	0.0	0.0	0.0	0.0	0.0
G2-1109	0.09924987627144392	0.00593400079708909	0.017636131672670707	-0.013063414956888219	-0.01570766845843857	-0.006103150211456857	0.006053454197973115	-0.004140505586404808	0.00011571077065261403	-9.245112438184578e-05	-0.013329064049588722	0.005840479245777397	-0.00020683334272382663	0.010643196040048092	0.008704811139544879	0.00040427209065269955	0.0008816406312035075	-0.010061330351281875	0.00082860013073902	0.0033993224085876097	-0.0010387131160441456	-0.00013893345279187663	-0.0003991528859205319	-0.0008318558999229167	-3.986480354658879e-05	1.4855434752837108e-05	-0.0	-0.0	0.0	0.0	-0.0	-0.0	-0.0	-0.0	-0.0	-0.0	0.0	-0.0	-0.0	-0.0	-0.0	-0.0	-0.0	-0.0	-0.0	-0.0	-0.0	0.0	-0.0	-0.0	0.0	0.0	0.0	-0.0	-0.0	-0.0	-0.0	-0.0	-0.0	0.0	0.0	0.0	0.0	0.0	0.0	0.0	0.0	0.0	0.0	0.0	0.0	0.0	0.0	0.0	0.0	0.0	0.0	0.0	0.0	0.0	0.0	0.0	0.0	0.0	0.0	0.0	0.0	0.0	0.0	0.0	0.0	0.0	0.0	0.0	0.0	0.0	0.0	0.0	0.0	0.0	0.0	0.0	0.0	0.0	0.0	0.0
G2-1110	0.07276375935149279	-0.04616841142879905	-0.040294720187396826	0.04723285203079669	0.011991203332452743	0.001405329758439526	0.010945351118447653	-0.021503905044095602	0.0014825228757726322	-0.037693024263713425	-0.010429302666990962	0.004586431732225103	0.011948766869797333	0.02356389666466813	0.007368898379759183	0.009595744799380938	0.013688401611127485	-0.003610506764662569	-0.004690010870272474	0.0016354562625179223	-0.009126742863555002	0.004514050127970931	0.0018307449463187534	-0.0020521227169819343	0.0022274088214355356	0.0007945509920147919	-0.0	-0.0	0.0	-0.0	-0.0	0.0	0.0	-0.0	0.0	0.0	0.0	0.0	0.0	-0.0	-0.0	0.0	-0.0	0.0	-0.0	-0.0	-0.0	-0.0	-0.0	-0.0	0.0	0.0	-0.0	-0.0	-0.0	-0.0	0.0	0.0	0.0	0.0	0.0	0.0	0.0	0.0	0.0	0.0	0.0	0.0	0.0	0.0	0.0	0.0	0.0	0.0	0.0	0.0	0.0	0.0	0.0	0.0	0.0	0.0	0.0	0.0	0.0	0.0	0.0	0.0	0.0	0.0	0.0	0.0	0.0	0.0	0.0	0.0	0.0	0.0	0.0	0.0	0.0	0.0	0.0	0.0	0.0	0.0
G2-1111	0.09924987627144392	0.00593400079708909	0.017636131672670707	-0.013063414956888219	-0.015707668458438566	-0.006103150211456859	0.006053454197973119	-0.004140505586404801	0.00011571077065260678	-9.245112438185237e-05	-0.01332906404958871	0.005840479245777397	-0.00020683334272381676	0.01064319604004809	0.008704811139544872	0.00040427209065272167	0.0008816406312035284	-0.01006133035128188	0.0008286001307389811	0.0033993224085875897	-0.0010387131160441386	-0.00013893345279179754	-0.0003991528859205221	-0.0008318558999229342	-3.986480354642773e-05	1.4855434752763155e-05	-0.0	0.0	-0.0	0.0	0.0	-0.0	-0.0	0.0	0.0	0.0	0.0	0.0	-0.0	0.0	0.0	0.0	-0.0	0.0	-0.0	-0.0	-0.0	0.0	0.0	-0.0	-0.0	-0.0	0.0	0.0	0.0	-0.0	0.0	0.0	0.0	-0.0	0.0	0.0	0.0	0.0	0.0	0.0	0.0	0.0	0.0	0.0	0.0	0.0	0.0	0.0	0.0	0.0	0.0	0.0	0.0	0.0	0.0	0.0	0.0	0.0	0.0	0.0	0.0	0.0	0.0	0.0	0.0	0.0	0.0	0.0	0.0	0.0	0.0	0.0	0.0	0.0	0.0	0.0	0.0	0.0	0.0	0.0
G2-1113	0.09924987627144392	0.00593400079708909	0.017636131672670707	-0.013063414956888219	-0.015707668458438566	-0.006103150211456859	0.006053454197973119	-0.004140505586404801	0.00011571077065260232	-9.245112438185261e-05	-0.013329064049588717	0.005840479245777392	-0.0002068333427238085	0.010643196040048073	0.00870481113954487	0.00040427209065273896	0.0008816406312035467	-0.010061330351281894	0.0008286001307389677	0.003399322408587592	-0.0010387131160441644	-0.00013893345279180057	-0.0003991528859204754	-0.0008318558999229526	-3.9864803546394974e-05	1.4855434752788128e-05	-0.0	-0.0	-0.0	-0.0	0.0	0.0	-0.0	-0.0	0.0	0.0	0.0	-0.0	0.0	0.0	0.0	0.0	-0.0	-0.0	0.0	-0.0	-0.0	0.0	0.0	0.0	0.0	0.0	0.0	-0.0	-0.0	0.0	0.0	0.0	0.0	0.0	0.0	0.0	0.0	0.0	0.0	0.0	0.0	0.0	0.0	0.0	0.0	0.0	0.0	0.0	0.0	0.0	0.0	0.0	0.0	0.0	0.0	0.0	0.0	0.0	0.0	0.0	0.0	0.0	0.0	0.0	0.0	0.0	0.0	0.0	0.0	0.0	0.0	0.0	0.0	0.0	0.0	0.0	0.0	0.0	0.0	0.0
G2-194	-0.10362224972174396	0.13093086074867	0.003998266794453437	-0.08766778622167613	0.04100250266366295	0.07687849852282357	-0.07379376161070453	-0.07277678748122701	0.0077890512343308975	0.008817996391068257	-0.010804835075353429	0.04968343032168571	-0.03945934063719983	-0.001004820409784916	0.019730928065556874	0.0069861913839285375	-0.008569226800945594	-0.00681412390445712	0.007629237391818535	-0.009837179152456469	-0.0020761176969603546	0.0009100356368436434	-0.0019605299400082877	-0.000710691721238004	-0.0002137139952801738	-0.0004036803809891137	-0.0	-0.0	0.0	-0.0	-0.0	0.0	0.0	-0.0	0.0	0.0	0.0	0.0	0.0	-0.0	-0.0	0.0	-0.0	0.0	-0.0	-0.0	-0.0	-0.0	-0.0	-0.0	0.0	0.0	-0.0	-0.0	-0.0	-0.0	0.0	0.0	0.0	0.0	0.0	0.0	0.0	0.0	0.0	0.0	0.0	0.0	0.0	0.0	0.0	0.0	0.0	0.0	0.0	0.0	0.0	0.0	0.0	0.0	0.0	0.0	0.0	0.0	0.0	0.0	0.0	0.0	0.0	0.0	0.0	0.0	0.0	0.0	0.0	0.0	0.0	0.0	0.0	0.0	0.0	0.0	0.0	0.0	0.0	0.0
G2-197	-0.05627140826155813	-0.00987964193864949	-0.03029772164225274	0.005996323126656019	0.03192529957894643	0.00566881811683491	0.04272892870607575	0.0024589508098298235	0.003009184081164907	-0.026573792172242826	-0.0008566363647766676	0.003795793451773667	-0.010034266932969606	-0.004331883223351465	-0.00293653138604417	0.020342321383853043	-0.0038670715570544092	-0.013689351752673147	0.005251544904842451	0.007764560672727208	0.004524076448547257	0.0035078208283137674	0.0060468870639106605	0.0024756887304759954	-0.004111408647447759	-0.00019471493635124165	-0.0	-0.0	0.0	-0.0	-0.0	0.0	0.0	-0.0	0.0	0.0	0.0	0.0	0.0	-0.0	-0.0	0.0	-0.0	0.0	-0.0	-0.0	-0.0	-0.0	-0.0	-0.0	0.0	0.0	-0.0	-0.0	-0.0	-0.0	0.0	0.0	0.0	0.0	0.0	0.0	0.0	0.0	0.0	0.0	0.0	0.0	0.0	0.0	0.0	0.0	0.0	0.0	0.0	0.0	0.0	0.0	0.0	0.0	0.0	0.0	0.0	0.0	0.0	0.0	0.0	0.0	0.0	0.0	0.0	0.0	0.0	0.0	0.0	0.0	0.0	0.0	0.0	0.0	0.0	0.0	0.0	0.0	0.0	0.0
G2-198	0.08341495547429677	-0.18133236799357125	0.12212958632862762	-0.07704223123180683	-0.009718557187545135	-0.11395117073454449	-0.0570639065075402	-0.04826790541553283	-0.024116389835109876	0.048868332304734266	-0.014663342553399189	0.0021979683129856775	-0.041430927939371386	-0.028713430030265528	0.006963438857132229	-0.008453366848782702	-0.0042328144962342365	0.0008150040212479121	0.004699918678884743	0.000770136202915229	-0.0046865495778420085	-0.001954720120047018	-0.0002093835604306265	0.001465860682306841	0.00012169122191182797	0.00013104451261362792	-0.0	-0.0	0.0	-0.0	-0.0	0.0	0.0	-0.0	0.0	0.0	0.0	0.0	0.0	-0.0	-0.0	0.0	-0.0	0.0	-0.0	-0.0	-0.0	-0.0	-0.0	-0.0	0.0	0.0	-0.0	-0.0	-0.0	-0.0	0.0	0.0	0.0	0.0	0.0	0.0	0.0	0.0	0.0	0.0	0.0	0.0	0.0	0.0	0.0	0.0	0.0	0.0	0.0	0.0	0.0	0.0	0.0	0.0	0.0	0.0	0.0	0.0	0.0	0.0	0.0	0.0	0.0	0.0	0.0	0.0	0.0	0.0	0.0	0.0	0.0	0.0	0.0	0.0	0.0	0.0	0.0	0.0	0.0	0.0
G2-199	0.09891084751493691	0.008962606549722849	0.015697434994929177	-0.013467920262259432	-0.01361305129308264	-0.0025248843179700806	0.004412179566816392	-0.003948087235519299	0.0022162058254322314	0.001355052801370969	-0.013627544479794841	0.006985928138462005	-0.005780672477657505	0.00691983578092519	-0.004924503292051174	-0.00821422256684648	0.0002088991903465835	0.0008224665672234179	-0.00811939477747187	-0.005613603552590377	-0.004922169668706292	0.003840718970780497	0.0002820673322600928	0.00039280228102470967	-0.0008401158959574646	4.168380848661984e-05	0.0	0.0	-0.0	-0.0	-0.0	-0.0	0.0	-0.0	-0.0	0.0	-0.0	0.0	0.0	0.0	-0.0	-0.0	-0.0	0.0	0.0	-0.0	-0.0	-0.0	0.0	0.0	0.0	0.0	0.0	0.0	-0.0	-0.0	-0.0	0.0	0.0	0.0	0.0	0.0	0.0	0.0	0.0	0.0	0.0	0.0	0.0	0.0	0.0	0.0	0.0	0.0	0.0	0.0	0.0	0.0	0.0	0.0	0.0	0.0	0.0	0.0	0.0	0.0	0.0	0.0	0.0	0.0	0.0	0.0	0.0	0.0	0.0	0.0	0.0	0.0	0.0	0.0	0.0	0.0	0.0	0.0	0.0	0.0
G2-21	-0.13562773611724505	-0.16961753203254418	0.028997080023905702	-0.02824401548720718	0.08820938760645258	-0.05799397607229418	0.05256596112390582	-0.017969793074473397	-0.03233242646790809	-0.007100859645080085	-0.01685759002653455	0.007546419377219643	-0.007193734989253056	0.03840631188066599	0.006008922172217511	0.013371873367669857	-0.011261928075992236	0.011676832191656127	-0.014958458095602591	-0.0013746320062158768	-0.0021911805709643748	-0.0026589708551498907	0.00012077968816138212	0.007588609128895268	0.001475095303276445	0.0014733297822853058	-0.0	-0.0	0.0	-0.0	-0.0	0.0	0.0	-0.0	0.0	0.0	0.0	0.0	0.0	-0.0	-0.0	0.0	-0.0	0.0	-0.0	-0.0	-0.0	-0.0	-0.0	-0.0	0.0	0.0	-0.0	-0.0	-0.0	-0.0	0.0	0.0	0.0	0.0	0.0	0.0	0.0	0.0	0.0	0.0	0.0	0.0	0.0	0.0	0.0	0.0	0.0	0.0	0.0	0.0	0.0	0.0	0.0	0.0	0.0	0.0	0.0	0.0	0.0	0.0	0.0	0.0	0.0	0.0	0.0	0.0	0.0	0.0	0.0	0.0	0.0	0.0	0.0	0.0	0.0	0.0	0.0	0.0	0.0	0.0
G2-210	-0.1413434928590778	-0.17043879503409048	0.02336446643448997	-0.03422472697909371	0.08701593646645259	-0.05588533319500814	0.035135080352980484	-0.008167480206308135	-0.024459333522918694	-0.016946227700824473	0.0073911651180285365	-0.0036651603471785465	-0.03554800118261545	-0.012638627336993195	-0.008077267914496804	0.03892559696626147	-0.00923516791212165	0.004280157893839074	0.006605904330499822	0.010277657979744424	0.0004439272890441078	0.002266883518317956	0.0012682980469917642	-0.004360994066980279	-0.0009696055562234401	-0.0007819908173327683	-0.0	-0.0	0.0	-0.0	-0.0	0.0	0.0	-0.0	0.0	0.0	0.0	0.0	0.0	-0.0	-0.0	0.0	-0.0	0.0	-0.0	-0.0	-0.0	-0.0	-0.0	-0.0	0.0	0.0	-0.0	-0.0	-0.0	-0.0	0.0	0.0	0.0	0.0	0.0	0.0	0.0	0.0	0.0	0.0	0.0	0.0	0.0	0.0	0.0	0.0	0.0	0.0	0.0	0.0	0.0	0.0	0.0	0.0	0.0	0.0	0.0	0.0	0.0	0.0	0.0	0.0	0.0	0.0	0.0	0.0	0.0	0.0	0.0	0.0	0.0	0.0	0.0	0.0	0.0	0.0	0.0	0.0	0.0	0.0
G2-211	-0.1349675862936617	0.19494148295209535	0.1522340534950464	0.14987160210394088	-0.02252239776390726	-0.1392090438026842	-0.010063402896112203	0.10453449052633748	0.029166175453654967	-0.04754340224676258	0.0437379745892664	-0.027290766385965257	-0.015132030884000763	-0.018823712566913137	0.0232853635375698	-0.001518000119445979	0.002986073157722189	-0.011360283178468211	-0.003289447606124336	-0.0031280382803761868	0.0014669949820886828	-0.0008862776989191592	0.000882263569921146	0.00011878881675205744	3.690035779696591e-05	0.00012334476654822383	-0.0	-0.0	0.0	-0.0	-0.0	0.0	0.0	-0.0	0.0	0.0	0.0	0.0	0.0	-0.0	-0.0	0.0	-0.0	0.0	-0.0	-0.0	-0.0	-0.0	-0.0	-0.0	0.0	0.0	-0.0	-0.0	-0.0	-0.0	0.0	0.0	0.0	0.0	0.0	0.0	0.0	0.0	0.0	0.0	0.0	0.0	0.0	0.0	0.0	0.0	0.0	0.0	0.0	0.0	0.0	0.0	0.0	0.0	0.0	0.0	0.0	0.0	0.0	0.0	0.0	0.0	0.0	0.0	0.0	0.0	0.0	0.0	0.0	0.0	0.0	0.0	0.0	0.0	0.0	0.0	0.0	0.0	0.0	0.0
G2-212	-0.04763836605577691	0.04911765553466895	0.01256488761889987	-0.07301213729659227	-0.01787144697218328	-0.03334947225917936	0.02732970986850377	0.03357288481468072	0.05565963734895637	0.023017025515131875	0.02790402853727632	0.06069253584743989	0.05255434746798289	-0.026069789138127058	-0.05015357501214351	0.026672293288547956	0.009959490822357139	-0.002196900809606831	0.003533775162218031	0.004040792171547731	-8.059272132265749e-05	0.00030526465563998547	0.0022448263634187358	-0.0009932953498479132	-0.00011375122713864581	-0.0004629331348364061	-0.0	-0.0	0.0	-0.0	-0.0	0.0	0.0	-0.0	0.0	0.0	0.0	0.0	0.0	-0.0	-0.0	0.0	-0.0	0.0	-0.0	-0.0	-0.0	-0.0	-0.0	-0.0	0.0	0.0	-0.0	-0.0	-0.0	-0.0	0.0	0.0	0.0	0.0	0.0	0.0	0.0	0.0	0.0	0.0	0.0	0.0	0.0	0.0	0.0	0.0	0.0	0.0	0.0	0.0	0.0	0.0	0.0	0.0	0.0	0.0	0.0	0.0	0.0	0.0	0.0	0.0	0.0	0.0	0.0	0.0	0.0	0.0	0.0	0.0	0.0	0.0	0.0	0.0	0.0	0.0	0.0	0.0	0.0	0.0
G2-213	-0.05376727618901681	-0.006693774239082264	-0.030594293531537156	0.007134363560132885	0.025692377703646505	0.005207783600565836	0.04807637509253113	-0.0035940129138403226	-0.003870443403923826	-0.02668878943200656	0.006518392518903997	-0.006764169209703394	0.016879029271781098	0.008094057673970659	0.01068278854463681	0.023900168084926707	-0.0007008696118435027	0.02738542175319205	0.01298769578868768	-0.0017445482582838009	0.0005696545888428555	0.002935826726634169	0.0004657272488146369	-0.002565895902870648	0.001556039496132791	-8.718112167676216e-05	-0.0	-0.0	0.0	-0.0	-0.0	0.0	0.0	-0.0	0.0	0.0	0.0	0.0	0.0	-0.0	-0.0	0.0	-0.0	0.0	-0.0	-0.0	-0.0	-0.0	-0.0	-0.0	0.0	0.0	-0.0	-0.0	-0.0	-0.0	0.0	0.0	0.0	0.0	0.0	0.0	0.0	0.0	0.0	0.0	0.0	0.0	0.0	0.0	0.0	0.0	0.0	0.0	0.0	0.0	0.0	0.0	0.0	0.0	0.0	0.0	0.0	0.0	0.0	0.0	0.0	0.0	0.0	0.0	0.0	0.0	0.0	0.0	0.0	0.0	0.0	0.0	0.0	0.0	0.0	0.0	0.0	0.0	0.0	0.0
G2-214	0.09998492802041029	0.008169609013027	0.015512622705265917	-0.01639313990771897	-0.02390020131854764	-0.005612409245345951	0.002253419135220563	-0.004772368541823031	0.004535539469915622	-0.004729352112945644	0.0020279722479237894	-0.0037495404724880734	-0.0017246979661789796	-0.0038922806899828735	0.01893171517148235	0.019634114250929115	-0.0017606412473569959	0.019410414519273583	0.01119804377241263	-0.000425318169205486	-0.002974501695627798	0.004844472754388748	-0.0021161137814376778	-0.0011646698289050853	-0.0003421262449860148	-0.0005755770994770216	-0.0	-0.0	-0.0	0.0	0.0	0.0	-0.0	0.0	0.0	0.0	-0.0	0.0	0.0	-0.0	-0.0	-0.0	-0.0	-0.0	-0.0	-0.0	0.0	0.0	-0.0	-0.0	-0.0	0.0	-0.0	0.0	-0.0	-0.0	0.0	-0.0	0.0	0.0	0.0	0.0	0.0	0.0	0.0	0.0	0.0	0.0	0.0	0.0	0.0	0.0	0.0	0.0	0.0	0.0	0.0	0.0	0.0	0.0	0.0	0.0	0.0	0.0	0.0	0.0	0.0	0.0	0.0	0.0	0.0	0.0	0.0	0.0	0.0	0.0	0.0	0.0	0.0	0.0	0.0	0.0	0.0	0.0	0.0	0.0
G2-215	0.09721924968220994	0.0069860081753561195	0.01207795487901127	-0.021180183577418344	-0.028672135654804802	-0.01057789714419844	-0.012493567394664161	0.0005531008973151082	-0.007098132533639489	0.0017808314755016015	0.017724303423583103	-0.014099955440463116	0.019536436037532266	-0.014266101473795196	0.008566169724621743	-0.004773907865280692	0.007159137088706219	0.004418797074759217	0.007856403398641555	-0.0015434736901268568	-0.0037829526539778034	-0.0004082233825262848	0.00017109258667234687	0.0005472753264937094	-1.599920592304797e-05	0.00011721298684582423	-0.0	0.0	0.0	0.0	0.0	0.0	-0.0	-0.0	0.0	-0.0	-0.0	0.0	-0.0	0.0	-0.0	-0.0	0.0	0.0	-0.0	-0.0	-0.0	0.0	-0.0	-0.0	0.0	0.0	0.0	-0.0	0.0	0.0	-0.0	0.0	0.0	-0.0	0.0	0.0	0.0	0.0	0.0	0.0	0.0	0.0	0.0	0.0	0.0	0.0	0.0	0.0	0.0	0.0	0.0	0.0	0.0	0.0	0.0	0.0	0.0	0.0	0.0	0.0	0.0	0.0	0.0	0.0	0.0	0.0	0.0	0.0	0.0	0.0	0.0	0.0	0.0	0.0	0.0	0.0	0.0	0.0	0.0	0.0
G2-216	0.09721924968220994	0.0069860081753561195	0.01207795487901127	-0.021180183577418344	-0.028672135654804802	-0.010577897144198446	-0.012493567394664161	0.0005531008973151094	-0.007098132533639486	0.0017808314755016097	0.017724303423583096	-0.014099955440463113	0.01953643603753227	-0.014266101473795199	0.008566169724621734	-0.004773907865280706	0.007159137088706251	0.004418797074759204	0.007856403398641578	-0.0015434736901268613	-0.0037829526539778255	-0.0004082233825262927	0.00017109258667234004	0.0005472753264937019	-1.5999205922951434e-05	0.00011721298684568896	-0.0	0.0	-0.0	-0.0	-0.0	-0.0	-0.0	0.0	-0.0	0.0	-0.0	0.0	0.0	0.0	-0.0	-0.0	0.0	-0.0	0.0	-0.0	0.0	0.0	0.0	0.0	-0.0	-0.0	0.0	0.0	0.0	0.0	-0.0	-0.0	0.0	-0.0	0.0	0.0	0.0	0.0	0.0	0.0	0.0	0.0	0.0	0.0	0.0	0.0	0.0	0.0	0.0	0.0	0.0	0.0	0.0	0.0	0.0	0.0	0.0	0.0	0.0	0.0	0.0	0.0	0.0	0.0	0.0	0.0	0.0	0.0	0.0	0.0	0.0	0.0	0.0	0.0	0.0	0.0	0.0	0.0	0.0	0.0
G2-217	0.0999849280204103	0.008169609013026997	0.015512622705265924	-0.016393139907718953	-0.023900201318547636	-0.005612409245345946	0.0022534191352205774	-0.004772368541823041	0.00453553946991563	-0.004729352112945647	0.0020279722479238063	-0.0037495404724880756	-0.0017246979661789676	-0.0038922806899829164	0.018931715171482337	0.019634114250929098	-0.0017606412473569687	0.019410414519273566	0.011198043772412658	-0.0004253181692054646	-0.0029745016956278557	0.0048444727543887605	-0.002116113781437672	-0.0011646698289050302	-0.0003421262449862372	-0.0005755770994768631	0.0	0.0	0.0	-0.0	-0.0	-0.0	0.0	-0.0	-0.0	-0.0	0.0	-0.0	0.0	-0.0	-0.0	0.0	0.0	0.0	0.0	-0.0	-0.0	-0.0	0.0	0.0	0.0	-0.0	0.0	-0.0	0.0	0.0	-0.0	0.0	-0.0	-0.0	0.0	0.0	0.0	0.0	0.0	0.0	0.0	0.0	0.0	0.0	0.0	0.0	0.0	0.0	0.0	0.0	0.0	0.0	0.0	0.0	0.0	0.0	0.0	0.0	0.0	0.0	0.0	0.0	0.0	0.0	0.0	0.0	0.0	0.0	0.0	0.0	0.0	0.0	0.0	0.0	0.0	0.0	0.0	0.0	0.0	0.0
G2-218	-0.05887040173298206	-0.008248351188554943	-0.03336761040563166	0.002683343736405134	0.022196066116251165	0.00021083662437994794	0.0375297870243075	0.0004124149152969878	-0.01569349340790924	-0.020642713880477528	0.025459505257514302	-0.019330475052919363	0.03455782518829769	-0.0073935573841196305	0.006063086125898084	0.006867159959371689	0.010084694600998485	0.017793515930116348	0.019030083752463258	-0.006555068932155941	-0.0020177373265318037	0.0027413419774626143	-0.0024958218881210525	0.0008380592404696834	-0.001897046807689032	0.0006678145460838635	-0.0	-0.0	0.0	-0.0	-0.0	0.0	0.0	-0.0	0.0	0.0	0.0	0.0	0.0	-0.0	-0.0	0.0	-0.0	0.0	-0.0	-0.0	-0.0	-0.0	-0.0	-0.0	0.0	0.0	-0.0	-0.0	-0.0	-0.0	0.0	0.0	0.0	0.0	0.0	0.0	0.0	0.0	0.0	0.0	0.0	0.0	0.0	0.0	0.0	0.0	0.0	0.0	0.0	0.0	0.0	0.0	0.0	0.0	0.0	0.0	0.0	0.0	0.0	0.0	0.0	0.0	0.0	0.0	0.0	0.0	0.0	0.0	0.0	0.0	0.0	0.0	0.0	0.0	0.0	0.0	0.0	0.0	0.0	0.0
G2-219	-0.025892740867874218	0.04006518050445205	0.026108225967225496	-0.04713830206412233	0.002625566430041546	-0.007225246782276165	0.04669158426703271	0.009548373728451076	-0.008300910712119289	0.001066896895756896	-0.012061397677034123	0.006220030137157917	0.003506781869483959	0.014660936841037107	0.0075456402225006595	0.002592235727721618	0.0005397078283279083	-0.007403422938429734	0.003542349434971877	0.00043551075648092067	0.008504806331556744	-0.006226560409674596	-0.0014135856054787936	0.004729355929596117	0.001673321635911579	-0.002186059307726786	0.0	0.0	0.0	-0.0	0.0	0.0	0.0	0.0	0.0	0.0	0.0	-0.0	-0.0	-0.0	-0.0	0.0	0.0	-0.0	-0.0	-0.0	-0.0	0.0	0.0	0.0	-0.0	-0.0	0.0	0.0	-0.0	0.0	-0.0	-0.0	0.0	0.0	0.0	0.0	0.0	0.0	0.0	0.0	0.0	0.0	0.0	0.0	0.0	0.0	0.0	0.0	0.0	0.0	0.0	0.0	0.0	0.0	0.0	0.0	0.0	0.0	0.0	0.0	0.0	0.0	0.0	0.0	0.0	0.0	0.0	0.0	0.0	0.0	0.0	0.0	0.0	0.0	0.0	0.0	0.0	0.0	0.0	0.0
G2-22	0.041664510139581994	-0.24728712714596027	0.025988236298857624	0.04013118322904269	0.05155941437492686	-0.07829313502875544	-0.0337174077568566	-0.06144730687280232	-0.03791701781123432	0.008123385076556433	-0.008598853866004194	-0.014331020005357334	0.012805279283004376	0.0036720774521819756	-0.0009028378200417937	-0.009707103194307894	0.0042175604618702	-0.002923077297393259	-0.00014086690253188675	-0.0027287579768036007	0.0014644945614600514	-0.00027119713336611187	0.00022751835048384953	-0.0009089658491978354	-2.5663838493261435e-05	-0.0001204335957137462	-0.0	0.0	0.0	0.0	-0.0	0.0	-0.0	0.0	-0.0	0.0	-0.0	-0.0	0.0	0.0	0.0	0.0	0.0	0.0	0.0	-0.0	-0.0	-0.0	0.0	-0.0	-0.0	-0.0	-0.0	0.0	-0.0	0.0	-0.0	0.0	-0.0	0.0	0.0	0.0	0.0	0.0	0.0	0.0	0.0	0.0	0.0	0.0	0.0	0.0	0.0	0.0	0.0	0.0	0.0	0.0	0.0	0.0	0.0	0.0	0.0	0.0	0.0	0.0	0.0	0.0	0.0	0.0	0.0	0.0	0.0	0.0	0.0	0.0	0.0	0.0	0.0	0.0	0.0	0.0	0.0	0.0	0.0	0.0
G2-220	-0.025146000824251582	0.044538963640898994	0.02418256026898089	-0.04784705023704477	-4.500750425413876e-05	-0.003962354054992673	0.04724670109941415	0.009733817773742132	-0.011034980812560522	0.002027465069085698	-0.009159496831829029	0.0021022569856545934	0.003220198666499428	0.008673456097199059	-0.0017437438541932423	0.005285749671880297	0.002931471829191896	0.01929721519264014	0.003558938405414064	-0.021255337355488672	0.006420097893871414	0.003649869575065803	0.0014865375978495084	0.0035329301801878426	0.0008235507775468642	-0.0003638387108596593	-0.0	-0.0	0.0	-0.0	-0.0	0.0	0.0	-0.0	0.0	0.0	0.0	0.0	0.0	-0.0	-0.0	0.0	-0.0	0.0	-0.0	-0.0	-0.0	-0.0	-0.0	-0.0	0.0	0.0	-0.0	-0.0	-0.0	-0.0	0.0	0.0	0.0	0.0	0.0	0.0	0.0	0.0	0.0	0.0	0.0	0.0	0.0	0.0	0.0	0.0	0.0	0.0	0.0	0.0	0.0	0.0	0.0	0.0	0.0	0.0	0.0	0.0	0.0	0.0	0.0	0.0	0.0	0.0	0.0	0.0	0.0	0.0	0.0	0.0	0.0	0.0	0.0	0.0	0.0	0.0	0.0	0.0	0.0	0.0
G2-221	0.11309482891902868	0.14257013680577635	0.15419350188405329	0.1531629733021161	0.007921355445435303	-0.05943472802628446	-0.053713703422248814	0.02728737316517078	-0.02220023944122956	-0.02337986447335409	-0.017781281697865286	-0.020008609292521237	0.005199447230133857	0.007358357003161396	-0.02438886735365172	0.0055040864209154475	0.0006383701457106277	0.034919818158567734	0.007671106218636566	-0.014851731879394718	0.006738937340102072	0.0012539438631428215	0.0004785984341567495	0.0003865380650367605	0.00025458183452960203	0.00019623682812331956	-0.0	-0.0	0.0	-0.0	-0.0	0.0	0.0	-0.0	0.0	0.0	0.0	0.0	0.0	-0.0	-0.0	0.0	-0.0	0.0	-0.0	-0.0	-0.0	-0.0	-0.0	-0.0	0.0	0.0	-0.0	-0.0	-0.0	-0.0	0.0	0.0	0.0	0.0	0.0	0.0	0.0	0.0	0.0	0.0	0.0	0.0	0.0	0.0	0.0	0.0	0.0	0.0	0.0	0.0	0.0	0.0	0.0	0.0	0.0	0.0	0.0	0.0	0.0	0.0	0.0	0.0	0.0	0.0	0.0	0.0	0.0	0.0	0.0	0.0	0.0	0.0	0.0	0.0	0.0	0.0	0.0	0.0	0.0	0.0
G2-222	-0.025790494268571367	0.04336402266075332	0.024249497167652078	-0.048463980500710435	0.004786761394305837	-0.0036718283315419127	0.04700399143186324	0.009472190729865859	-0.0037583737664144906	0.001841965246730981	-0.014170896104027013	0.006677569163864932	-0.003108663053807208	0.009375881283018367	-0.007189776028320548	-0.0051768743774444235	0.0015876215020087247	0.004127814555734347	-0.008470010927151507	-0.006172789925556133	0.011265732271631997	-0.008637920210740923	0.0034292212229566628	-0.0043028686795915025	-0.0002484089059597423	0.007229230220765256	-0.0	-0.0	0.0	-0.0	-0.0	0.0	0.0	-0.0	0.0	0.0	0.0	0.0	0.0	-0.0	-0.0	0.0	-0.0	0.0	-0.0	-0.0	-0.0	-0.0	-0.0	-0.0	0.0	0.0	-0.0	-0.0	-0.0	-0.0	0.0	0.0	0.0	0.0	0.0	0.0	0.0	0.0	0.0	0.0	0.0	0.0	0.0	0.0	0.0	0.0	0.0	0.0	0.0	0.0	0.0	0.0	0.0	0.0	0.0	0.0	0.0	0.0	0.0	0.0	0.0	0.0	0.0	0.0	0.0	0.0	0.0	0.0	0.0	0.0	0.0	0.0	0.0	0.0	0.0	0.0	0.0	0.0	0.0	0.0
G2-223	0.11006677433582807	0.00970328858830186	0.016092803917310543	-0.01363521254013142	-0.047638216750575654	-0.0397207979436743	-0.002358666605912907	-0.012581970687815717	0.0959494983992172	0.036438920944382704	-0.01914853386637747	0.09053952317097719	0.0629902930826043	0.006669345353535374	-0.0191534213891373	0.015988374811210532	0.0018784720713020755	-0.00014602591029220718	0.002048064330031888	0.0014866247735169818	0.0021263898947893405	-0.00339948067416002	0.0008445913826227906	-0.001181631504903596	0.00010565593802330874	1.6753888844698975e-05	-0.0	-0.0	0.0	-0.0	-0.0	0.0	0.0	-0.0	0.0	0.0	0.0	0.0	0.0	-0.0	-0.0	0.0	-0.0	0.0	-0.0	-0.0	-0.0	-0.0	-0.0	-0.0	0.0	0.0	-0.0	-0.0	-0.0	-0.0	0.0	0.0	0.0	0.0	0.0	0.0	0.0	0.0	0.0	0.0	0.0	0.0	0.0	0.0	0.0	0.0	0.0	0.0	0.0	0.0	0.0	0.0	0.0	0.0	0.0	0.0	0.0	0.0	0.0	0.0	0.0	0.0	0.0	0.0	0.0	0.0	0.0	0.0	0.0	0.0	0.0	0.0	0.0	0.0	0.0	0.0	0.0	0.0	0.0	0.0
G2-224	0.09659526009065503	0.005012613938400431	0.017961932817487147	-0.012259993264734016	-0.014466850054167181	-0.005889227791245594	0.0048287257418712145	-0.0046216206062173765	0.0005009561469994603	0.0004652422425031346	-0.01422709346417989	0.0052055589083025286	-0.0011642558379096198	0.0070059321356392736	0.006039821798625388	-0.0008077605835837594	-0.0008919287755146445	-0.006854452817466807	0.004316591627180487	-0.0005102453976207387	0.01327972899576148	-0.005195878070278832	-0.0006335495369611282	0.003314697913964267	0.002469186291503732	-5.341415378092356e-05	0.0	-0.0	-0.0	-0.0	-0.0	0.0	0.0	0.0	0.0	0.0	0.0	0.0	0.0	-0.0	0.0	-0.0	-0.0	-0.0	0.0	-0.0	-0.0	-0.0	0.0	0.0	-0.0	-0.0	0.0	-0.0	-0.0	-0.0	-0.0	-0.0	-0.0	0.0	0.0	0.0	0.0	0.0	0.0	0.0	0.0	0.0	0.0	0.0	0.0	0.0	0.0	0.0	0.0	0.0	0.0	0.0	0.0	0.0	0.0	0.0	0.0	0.0	0.0	0.0	0.0	0.0	0.0	0.0	0.0	0.0	0.0	0.0	0.0	0.0	0.0	0.0	0.0	0.0	0.0	0.0	0.0	0.0	0.0	0.0
G2-23	0.04166451013958201	-0.2472871271459602	0.025988236298857624	0.04013118322904268	0.05155941437492686	-0.07829313502875543	-0.03371740775685657	-0.061447306872802386	-0.03791701781123429	0.008123385076556449	-0.008598853866004222	-0.01433102000535729	0.012805279283004348	0.0036720774521820094	-0.0009028378200417843	-0.009707103194307955	0.004217560461870134	-0.0029230772973931497	-0.0001408669025319296	-0.0027287579768034403	0.0014644945614599514	-0.00027119713336618093	0.00022751835048393334	-0.0009089658491973311	-2.5663838493844735e-05	-0.00012043359571339162	0.0	-0.0	-0.0	-0.0	0.0	-0.0	0.0	-0.0	0.0	-0.0	0.0	0.0	-0.0	-0.0	-0.0	0.0	-0.0	-0.0	-0.0	-0.0	0.0	0.0	-0.0	0.0	0.0	0.0	0.0	-0.0	0.0	-0.0	0.0	-0.0	0.0	-0.0	0.0	0.0	0.0	0.0	0.0	0.0	0.0	0.0	0.0	0.0	0.0	0.0	0.0	0.0	0.0	0.0	0.0	0.0	0.0	0.0	0.0	0.0	0.0	0.0	0.0	0.0	0.0	0.0	0.0	0.0	0.0	0.0	0.0	0.0	0.0	0.0	0.0	0.0	0.0	0.0	0.0	0.0	0.0	0.0	0.0	0.0
G2-24	-0.15115580130282938	-0.17611297339179444	0.024543503737096448	-0.0338997325571866	0.08695906388128317	-0.06300251502537017	0.03420595184977008	-0.010712179563541839	-0.06367220148522884	0.001328032251219178	0.009442305022762873	-0.020389132137033108	0.03444879902291471	0.013845420637248973	-0.014253766920050997	-0.011485618079303598	0.00858546869691741	-0.011902848338193005	-0.0011839463580774429	-0.004260811905410603	0.006073741032229544	0.0013030691340915046	0.00012147763430329294	-0.004772532050364268	-0.0007360675184393378	-0.0008171289688004026	-0.0	-0.0	0.0	-0.0	-0.0	0.0	0.0	-0.0	0.0	0.0	0.0	0.0	0.0	-0.0	-0.0	0.0	-0.0	0.0	-0.0	-0.0	-0.0	-0.0	-0.0	-0.0	0.0	0.0	-0.0	-0.0	-0.0	-0.0	0.0	0.0	0.0	0.0	0.0	0.0	0.0	0.0	0.0	0.0	0.0	0.0	0.0	0.0	0.0	0.0	0.0	0.0	0.0	0.0	0.0	0.0	0.0	0.0	0.0	0.0	0.0	0.0	0.0	0.0	0.0	0.0	0.0	0.0	0.0	0.0	0.0	0.0	0.0	0.0	0.0	0.0	0.0	0.0	0.0	0.0	0.0	0.0	0.0	0.0
G2-25	-0.1600096029233759	0.0316902148279795	-0.07149604934290471	0.13702188790915942	-0.12497164917681564	-0.0012776448948783052	0.16710732298241968	-0.040486380815470596	-0.009354315875412352	-0.03303166437015687	-0.0014429075155062846	0.045937414744156364	-0.058734726157774524	0.019189545745847376	-0.03894611184011282	-0.05591447765720795	0.016380665158289856	0.011518298667151794	0.031232213584957678	0.007163582749578181	-0.004098378841713762	0.00037767483582980873	-0.002501369254066444	0.000911824067412252	6.807746563914387e-05	2.7028644331224243e-05	-0.0	-0.0	0.0	-0.0	-0.0	0.0	0.0	-0.0	0.0	0.0	0.0	0.0	0.0	-0.0	-0.0	0.0	-0.0	0.0	-0.0	-0.0	-0.0	-0.0	-0.0	-0.0	0.0	0.0	-0.0	-0.0	-0.0	-0.0	0.0	0.0	0.0	0.0	0.0	0.0	0.0	0.0	0.0	0.0	0.0	0.0	0.0	0.0	0.0	0.0	0.0	0.0	0.0	0.0	0.0	0.0	0.0	0.0	0.0	0.0	0.0	0.0	0.0	0.0	0.0	0.0	0.0	0.0	0.0	0.0	0.0	0.0	0.0	0.0	0.0	0.0	0.0	0.0	0.0	0.0	0.0	0.0	0.0	0.0
G2-26	0.080224062621239	-0.04618662026086306	-0.04830217194317339	0.05075454825415342	0.013055368509427826	0.0058707905247509665	0.016401139519543605	-0.015269718607042793	0.0068263788443054425	-0.051247146094384896	-0.016716247529895763	0.006830141630640768	0.03264842309895361	0.003809446211693207	0.0056397723010818196	-0.015409771038661708	-0.06873800109760554	-0.007438883760683697	0.008952284765348723	-0.0008108322052020528	0.0017428940430921653	0.003947568655891078	-0.0008077742451598766	-0.0003209220456973746	2.896374420855196e-05	0.0001966597304649011	-0.0	-0.0	0.0	-0.0	-0.0	0.0	0.0	-0.0	0.0	0.0	0.0	0.0	0.0	-0.0	-0.0	0.0	-0.0	0.0	-0.0	-0.0	-0.0	-0.0	-0.0	-0.0	0.0	0.0	-0.0	-0.0	-0.0	-0.0	0.0	0.0	0.0	0.0	0.0	0.0	0.0	0.0	0.0	0.0	0.0	0.0	0.0	0.0	0.0	0.0	0.0	0.0	0.0	0.0	0.0	0.0	0.0	0.0	0.0	0.0	0.0	0.0	0.0	0.0	0.0	0.0	0.0	0.0	0.0	0.0	0.0	0.0	0.0	0.0	0.0	0.0	0.0	0.0	0.0	0.0	0.0	0.0	0.0	0.0
G2-27	-0.05711253038022461	-0.3471379485810769	0.21797463039625395	0.13287840184876115	-0.06641726243752097	0.21079719282314582	-0.05718962904268965	0.01339308561117821	0.06215213681416667	-0.04054471338557257	-0.001795761978189676	0.0028759623040553214	-0.014323331572055353	-0.01967206983960987	0.002037132020687586	0.008267965673480494	-0.0008692505566854469	0.0013188556807600248	0.001901801759227543	0.0017918084241269046	-0.0011220096532950246	0.0007042487788700107	-0.00011503201184587794	0.0003922422820728244	-5.560859333171464e-06	3.9737502785633286e-05	-0.0	-0.0	0.0	-0.0	-0.0	0.0	0.0	-0.0	0.0	0.0	0.0	0.0	0.0	-0.0	-0.0	0.0	-0.0	0.0	-0.0	-0.0	-0.0	-0.0	-0.0	-0.0	0.0	0.0	-0.0	-0.0	-0.0	-0.0	0.0	0.0	0.0	0.0	0.0	0.0	0.0	0.0	0.0	0.0	0.0	0.0	0.0	0.0	0.0	0.0	0.0	0.0	0.0	0.0	0.0	0.0	0.0	0.0	0.0	0.0	0.0	0.0	0.0	0.0	0.0	0.0	0.0	0.0	0.0	0.0	0.0	0.0	0.0	0.0	0.0	0.0	0.0	0.0	0.0	0.0	0.0	0.0	0.0	0.0
G2-28	-0.11249081795758169	-0.11302289521317145	0.11451231319008759	-0.14468257090235997	0.027700340056745862	-0.09857548241115538	0.014495772590631933	0.0018823184993639508	-0.050450439294701346	0.03253123522778505	0.010269932202015266	-0.0077328958224565396	-0.021454134601292682	-0.017621864212878067	-0.0011652586792095594	-0.0006270221442343262	0.003919512823058998	0.0018186444542002678	0.006124818833374678	0.0008202284419236371	-0.0019089040264726315	-0.0015360648992398848	-0.00017375500997834152	0.0004884072108553562	0.00014786844749011346	0.00014714323613439662	-0.0	-0.0	0.0	-0.0	-0.0	0.0	0.0	-0.0	0.0	0.0	0.0	0.0	0.0	-0.0	-0.0	0.0	-0.0	0.0	-0.0	-0.0	-0.0	-0.0	-0.0	-0.0	0.0	0.0	-0.0	-0.0	-0.0	-0.0	0.0	0.0	0.0	0.0	0.0	0.0	0.0	0.0	0.0	0.0	0.0	0.0	0.0	0.0	0.0	0.0	0.0	0.0	0.0	0.0	0.0	0.0	0.0	0.0	0.0	0.0	0.0	0.0	0.0	0.0	0.0	0.0	0.0	0.0	0.0	0.0	0.0	0.0	0.0	0.0	0.0	0.0	0.0	0.0	0.0	0.0	0.0	0.0	0.0	0.0
G2-29	-0.02908259671648083	0.03891974807895766	0.023942595634968665	-0.05198382497807025	0.0012920066572327201	-0.005995292164543657	0.037924466121333246	0.01639713914685403	-0.0003258953050216615	-0.005405755128508335	0.002115519302131754	0.0011254050753533014	-0.02135078576650114	-0.015824531750718372	0.005625163620748582	0.021773298629888204	0.001060392754473368	-0.011503389150595667	0.015339449428428263	0.005908208422100681	0.0030802665867290494	0.0006304954537057359	-0.0005495402413872884	-0.00044967529778949794	-0.00031376013365949445	6.834520831994357e-05	-0.0	-0.0	0.0	-0.0	-0.0	0.0	0.0	-0.0	0.0	0.0	0.0	0.0	0.0	-0.0	-0.0	0.0	-0.0	0.0	-0.0	-0.0	-0.0	-0.0	-0.0	-0.0	0.0	0.0	-0.0	-0.0	-0.0	-0.0	0.0	0.0	0.0	0.0	0.0	0.0	0.0	0.0	0.0	0.0	0.0	0.0	0.0	0.0	0.0	0.0	0.0	0.0	0.0	0.0	0.0	0.0	0.0	0.0	0.0	0.0	0.0	0.0	0.0	0.0	0.0	0.0	0.0	0.0	0.0	0.0	0.0	0.0	0.0	0.0	0.0	0.0	0.0	0.0	0.0	0.0	0.0	0.0	0.0	0.0
G2-313	0.06704946242989555	-0.04352642079505957	-0.04252278179047525	0.04267028954029485	0.013207149847197619	0.004772848998303232	0.002591065010356607	-0.021037508213486687	0.012239832584013571	-0.03740740596503446	0.0003650041963522567	-0.00045984880992708016	-0.005013875769196253	-0.0027977451895584305	-0.0031077977925225903	0.00567883643991644	0.0027424569751332826	0.01869740253304568	-0.008381342437248146	0.0062314434346391265	0.0014559572305650422	-0.0024211739243868323	0.00497352590153155	-0.0041925697370830415	0.0012532376183565371	-0.0026455820449609187	-0.0	-0.0	0.0	-0.0	-0.0	0.0	0.0	-0.0	0.0	0.0	0.0	0.0	0.0	-0.0	-0.0	0.0	-0.0	0.0	-0.0	-0.0	-0.0	-0.0	-0.0	-0.0	0.0	0.0	-0.0	-0.0	-0.0	-0.0	0.0	0.0	0.0	0.0	0.0	0.0	0.0	0.0	0.0	0.0	0.0	0.0	0.0	0.0	0.0	0.0	0.0	0.0	0.0	0.0	0.0	0.0	0.0	0.0	0.0	0.0	0.0	0.0	0.0	0.0	0.0	0.0	0.0	0.0	0.0	0.0	0.0	0.0	0.0	0.0	0.0	0.0	0.0	0.0	0.0	0.0	0.0	0.0	0.0	0.0
G2-314	0.09891084751493692	0.008962606549722888	0.01569743499492914	-0.013467920262259445	-0.013613051293082618	-0.002524884317970144	0.004412179566816385	-0.003948087235519308	0.0022162058254321724	0.0013550528013710024	-0.013627544479794815	0.006985928138461933	-0.005780672477657458	0.006919835780925252	-0.00492450329205116	-0.008214222566846516	0.00020889919034648293	0.0008224665672232339	-0.008119394777472002	-0.005613603552590497	-0.004922169668706036	0.003840718970780547	0.0002820673322600497	0.0003928022810242037	-0.0008401158959575534	4.16838084861378e-05	-0.0	0.0	0.0	0.0	-0.0	0.0	0.0	0.0	-0.0	0.0	-0.0	0.0	-0.0	-0.0	-0.0	0.0	0.0	-0.0	-0.0	-0.0	-0.0	0.0	-0.0	0.0	0.0	0.0	-0.0	-0.0	0.0	-0.0	0.0	-0.0	-0.0	-0.0	0.0	0.0	0.0	0.0	0.0	0.0	0.0	0.0	0.0	0.0	0.0	0.0	0.0	0.0	0.0	0.0	0.0	0.0	0.0	0.0	0.0	0.0	0.0	0.0	0.0	0.0	0.0	0.0	0.0	0.0	0.0	0.0	0.0	0.0	0.0	0.0	0.0	0.0	0.0	0.0	0.0	0.0	0.0	0.0	0.0	0.0
G2-315	0.09924987627144392	0.005934000797089112	0.017636131672670686	-0.013063414956888253	-0.01570766845843854	-0.006103150211456948	0.006053454197973119	-0.00414050558640482	0.00011571077065254334	-9.245112438184505e-05	-0.013329064049588809	0.005840479245777415	-0.00020683334272381034	0.010643196040048127	0.00870481113954492	0.00040427209065269125	0.0008816406312033715	-0.01006133035128186	0.0008286001307390412	0.0033993224085874423	-0.0010387131160441063	-0.00013893345279189032	-0.000399152885920537	-0.0008318558999233069	-3.986480354650459e-05	1.4855434753378355e-05	-0.0	-0.0	-0.0	-0.0	-0.0	-0.0	0.0	-0.0	-0.0	0.0	0.0	-0.0	-0.0	-0.0	-0.0	-0.0	0.0	0.0	-0.0	-0.0	-0.0	-0.0	-0.0	0.0	-0.0	-0.0	-0.0	0.0	-0.0	0.0	-0.0	0.0	-0.0	-0.0	0.0	0.0	0.0	0.0	0.0	0.0	0.0	0.0	0.0	0.0	0.0	0.0	0.0	0.0	0.0	0.0	0.0	0.0	0.0	0.0	0.0	0.0	0.0	0.0	0.0	0.0	0.0	0.0	0.0	0.0	0.0	0.0	0.0	0.0	0.0	0.0	0.0	0.0	0.0	0.0	0.0	0.0	0.0	0.0	0.0	0.0
G2-316	0.09891084751493692	0.008962606549722888	0.01569743499492914	-0.013467920262259445	-0.013613051293082618	-0.0025248843179701435	0.004412179566816385	-0.003948087235519306	0.0022162058254321707	0.0013550528013710004	-0.013627544479794813	0.006985928138461928	-0.005780672477657462	0.00691983578092524	-0.004924503292051154	-0.008214222566846525	0.00020889919034647715	0.0008224665672232689	-0.008119394777472016	-0.005613603552590489	-0.0049221696687060685	0.0038407189707805414	0.0002820673322600734	0.0003928022810242896	-0.0008401158959576188	4.168380848611265e-05	-0.0	0.0	-0.0	0.0	0.0	0.0	0.0	-0.0	-0.0	0.0	0.0	-0.0	-0.0	0.0	0.0	0.0	-0.0	0.0	-0.0	-0.0	0.0	0.0	-0.0	0.0	-0.0	0.0	-0.0	-0.0	-0.0	0.0	-0.0	-0.0	0.0	0.0	0.0	0.0	0.0	0.0	0.0	0.0	0.0	0.0	0.0	0.0	0.0	0.0	0.0	0.0	0.0	0.0	0.0	0.0	0.0	0.0	0.0	0.0	0.0	0.0	0.0	0.0	0.0	0.0	0.0	0.0	0.0	0.0	0.0	0.0	0.0	0.0	0.0	0.0	0.0	0.0	0.0	0.0	0.0	0.0	0.0	0.0
G2-317	0.09891084751493692	0.008962606549722888	0.01569743499492914	-0.013467920262259445	-0.013613051293082615	-0.0025248843179701435	0.004412179566816385	-0.003948087235519304	0.002216205825432176	0.001355052801371005	-0.013627544479794829	0.006985928138461946	-0.005780672477657455	0.00691983578092524	-0.004924503292051146	-0.008214222566846549	0.0002088991903464767	0.0008224665672232691	-0.008119394777472012	-0.005613603552590485	-0.004922169668706089	0.0038407189707805223	0.00028206733226009487	0.000392802281024349	-0.0008401158959576223	4.168380848608806e-05	-0.0	-0.0	0.0	-0.0	-0.0	0.0	0.0	0.0	0.0	-0.0	0.0	0.0	-0.0	-0.0	-0.0	0.0	-0.0	-0.0	0.0	-0.0	0.0	-0.0	-0.0	0.0	0.0	-0.0	-0.0	0.0	0.0	0.0	-0.0	0.0	0.0	0.0	0.0	0.0	0.0	0.0	0.0	0.0	0.0	0.0	0.0	0.0	0.0	0.0	0.0	0.0	0.0	0.0	0.0	0.0	0.0	0.0	0.0	0.0	0.0	0.0	0.0	0.0	0.0	0.0	0.0	0.0	0.0	0.0	0.0	0.0	0.0	0.0	0.0	0.0	0.0	0.0	0.0	0.0	0.0	0.0	0.0	0.0
G2-318	-0.02398370068625438	0.04379008648128906	0.024021133797267835	-0.048542962572154985	0.0037286607082338353	-0.004295220067683168	0.04726342282097214	0.010841346480742248	-0.007360817761097455	0.0009395197875162551	-0.011132654125100746	0.006904481270011388	-0.0022079026013353915	0.01449592579757919	-0.0024569542327097485	-0.0036540419133775496	0.003975786199655858	0.0002197162276839376	-0.008955823281921628	-0.005412363941830364	-0.010952996103463182	0.006625491463419151	0.0016787676211674645	0.00019770728603204132	-0.00014690452921647937	-0.0020571518836712886	-0.0	0.0	-0.0	0.0	0.0	-0.0	0.0	0.0	0.0	-0.0	0.0	-0.0	0.0	0.0	0.0	0.0	-0.0	0.0	0.0	-0.0	-0.0	-0.0	0.0	0.0	-0.0	0.0	0.0	0.0	0.0	0.0	-0.0	-0.0	-0.0	0.0	0.0	0.0	0.0	0.0	0.0	0.0	0.0	0.0	0.0	0.0	0.0	0.0	0.0	0.0	0.0	0.0	0.0	0.0	0.0	0.0	0.0	0.0	0.0	0.0	0.0	0.0	0.0	0.0	0.0	0.0	0.0	0.0	0.0	0.0	0.0	0.0	0.0	0.0	0.0	0.0	0.0	0.0	0.0	0.0	0.0	0.0
G2-319	-0.023941934059393658	0.04132085742379538	0.025836631585551047	-0.04879182764053724	0.0014161799563793282	-0.007491989149138109	0.04833524462341118	0.01052548813751684	-0.00929304732804963	0.00010790342053149396	-0.010625661389340084	0.006343743700451133	0.005544654665215014	0.01909184249621749	0.011768835877667725	0.004543787437700292	0.003346649256265612	-0.009884777234118373	0.0012867914975615883	0.004294713769684281	-0.010160073223464856	0.0024063432196122117	-0.0017241750780789336	-0.0016333582356927473	-0.0015409619099158525	0.001880899687141682	-0.0	-0.0	0.0	-0.0	-0.0	0.0	-0.0	0.0	0.0	-0.0	0.0	0.0	0.0	0.0	-0.0	-0.0	-0.0	0.0	0.0	-0.0	-0.0	0.0	-0.0	-0.0	-0.0	0.0	-0.0	0.0	0.0	-0.0	-0.0	-0.0	0.0	-0.0	0.0	0.0	0.0	0.0	0.0	0.0	0.0	0.0	0.0	0.0	0.0	0.0	0.0	0.0	0.0	0.0	0.0	0.0	0.0	0.0	0.0	0.0	0.0	0.0	0.0	0.0	0.0	0.0	0.0	0.0	0.0	0.0	0.0	0.0	0.0	0.0	0.0	0.0	0.0	0.0	0.0	0.0	0.0	0.0	0.0	0.0
G2-320	0.09924987627144392	0.005934000797089112	0.017636131672670686	-0.013063414956888253	-0.015707668458438545	-0.0061031502114569525	0.006053454197973127	-0.004140505586404823	0.0001157107706525492	-9.245112438183967e-05	-0.013329064049588783	0.0058404792457774175	-0.0002068333427238089	0.010643196040048148	0.008704811139544898	0.00040427209065267326	0.000881640631203371	-0.010061330351281858	0.0008286001307389701	0.0033993224085873946	-0.001038713116044133	-0.00013893345279181133	-0.0003991528859204972	-0.0008318558999232918	-3.9864803546529774e-05	1.4855434753068384e-05	0.0	-0.0	0.0	0.0	-0.0	0.0	0.0	-0.0	-0.0	-0.0	-0.0	-0.0	0.0	-0.0	-0.0	-0.0	-0.0	0.0	0.0	-0.0	0.0	-0.0	0.0	0.0	-0.0	0.0	0.0	-0.0	0.0	-0.0	0.0	0.0	-0.0	0.0	0.0	0.0	0.0	0.0	0.0	0.0	0.0	0.0	0.0	0.0	0.0	0.0	0.0	0.0	0.0	0.0	0.0	0.0	0.0	0.0	0.0	0.0	0.0	0.0	0.0	0.0	0.0	0.0	0.0	0.0	0.0	0.0	0.0	0.0	0.0	0.0	0.0	0.0	0.0	0.0	0.0	0.0	0.0	0.0	0.0	0.0
G2-321	0.09924987627144392	0.005934000797089112	0.01763613167267069	-0.013063414956888253	-0.01570766845843855	-0.00610315021145695	0.006053454197973125	-0.004140505586404827	0.00011571077065255757	-9.245112438183552e-05	-0.013329064049588795	0.005840479245777422	-0.00020683334272382639	0.010643196040048153	0.008704811139544914	0.00040427209065268263	0.0008816406312033375	-0.010061330351281853	0.0008286001307389747	0.0033993224085873967	-0.0010387131160441835	-0.0001389334527917936	-0.0003991528859205108	-0.0008318558999232489	-3.9864803546630774e-05	1.485543475312959e-05	0.0	0.0	-0.0	-0.0	0.0	0.0	0.0	0.0	0.0	-0.0	-0.0	0.0	0.0	0.0	-0.0	-0.0	0.0	-0.0	-0.0	-0.0	-0.0	-0.0	-0.0	-0.0	0.0	-0.0	0.0	-0.0	-0.0	-0.0	0.0	-0.0	0.0	-0.0	0.0	0.0	0.0	0.0	0.0	0.0	0.0	0.0	0.0	0.0	0.0	0.0	0.0	0.0	0.0	0.0	0.0	0.0	0.0	0.0	0.0	0.0	0.0	0.0	0.0	0.0	0.0	0.0	0.0	0.0	0.0	0.0	0.0	0.0	0.0	0.0	0.0	0.0	0.0	0.0	0.0	0.0	0.0	0.0	0.0	0.0
G2-322	-0.023941934059393658	0.041320857423795376	0.025836631585551047	-0.04879182764053724	0.00141617995637933	-0.007491989149138119	0.04833524462341118	0.010525488137516833	-0.009293047328049628	0.00010790342053149494	-0.010625661389340091	0.0063437437004511404	0.005544654665215011	0.019091842496217502	0.011768835877667734	0.00454378743770031	0.0033466492562656083	-0.00988477723411837	0.0012867914975615972	0.004294713769684274	-0.010160073223464891	0.00240634321961219	-0.0017241750780789171	-0.0016333582356927495	-0.001540961909915729	0.0018808996871418227	0.0	0.0	-0.0	0.0	0.0	-0.0	0.0	-0.0	-0.0	0.0	-0.0	-0.0	0.0	-0.0	-0.0	0.0	-0.0	-0.0	-0.0	-0.0	0.0	-0.0	0.0	0.0	0.0	-0.0	0.0	-0.0	-0.0	0.0	0.0	0.0	-0.0	0.0	0.0	0.0	0.0	0.0	0.0	0.0	0.0	0.0	0.0	0.0	0.0	0.0	0.0	0.0	0.0	0.0	0.0	0.0	0.0	0.0	0.0	0.0	0.0	0.0	0.0	0.0	0.0	0.0	0.0	0.0	0.0	0.0	0.0	0.0	0.0	0.0	0.0	0.0	0.0	0.0	0.0	0.0	0.0	0.0	0.0	0.0
G2-323	0.06969090045628913	-0.04728759180783654	-0.04004995111837346	0.04656811466335874	0.012900184978939529	0.001686950299295933	0.00618025290297521	-0.01856265738310135	0.0027397517321575185	-0.038312827347658084	-0.011157208027145503	0.006260222208511578	0.001536347094083982	0.012588293373315709	0.00030292823401969294	0.016215411403831356	0.0111481325070177	-0.007787153594347321	0.004332538735837479	-0.0035013831106485605	0.00977158701215595	-0.003217056108106053	-1.7867251457869396e-05	0.004385171729624828	-0.003582347227589988	0.0011144498921789494	-0.0	-0.0	0.0	-0.0	-0.0	0.0	0.0	-0.0	0.0	0.0	0.0	0.0	0.0	-0.0	-0.0	0.0	-0.0	0.0	-0.0	-0.0	-0.0	-0.0	-0.0	-0.0	0.0	0.0	-0.0	-0.0	-0.0	-0.0	0.0	0.0	0.0	0.0	0.0	0.0	0.0	0.0	0.0	0.0	0.0	0.0	0.0	0.0	0.0	0.0	0.0	0.0	0.0	0.0	0.0	0.0	0.0	0.0	0.0	0.0	0.0	0.0	0.0	0.0	0.0	0.0	0.0	0.0	0.0	0.0	0.0	0.0	0.0	0.0	0.0	0.0	0.0	0.0	0.0	0.0	0.0	0.0	0.0	0.0
G2-324	0.08398306274990334	-0.044070563765542414	-0.06251568296485989	0.0784963198363031	0.04269728693529741	0.029739545516881023	0.018029364339334664	0.016783965006792675	0.008934658914095889	0.041189714150174424	-0.003183930256037712	0.001565495695491391	0.00024318558020039214	0.004104663639285058	0.016981138352695855	0.007517223941726756	0.0010802988631829172	-0.006076533334885119	0.010649359838079379	0.007197368620114474	0.007517399039973647	-0.008834893079036125	-0.006099751453051636	0.004751223657441263	-0.004702673353246438	-0.0010371967170942527	-0.0	-0.0	0.0	-0.0	-0.0	0.0	0.0	-0.0	0.0	0.0	0.0	0.0	0.0	-0.0	-0.0	0.0	-0.0	0.0	-0.0	-0.0	-0.0	-0.0	-0.0	-0.0	0.0	0.0	-0.0	-0.0	-0.0	-0.0	0.0	0.0	0.0	0.0	0.0	0.0	0.0	0.0	0.0	0.0	0.0	0.0	0.0	0.0	0.0	0.0	0.0	0.0	0.0	0.0	0.0	0.0	0.0	0.0	0.0	0.0	0.0	0.0	0.0	0.0	0.0	0.0	0.0	0.0	0.0	0.0	0.0	0.0	0.0	0.0	0.0	0.0	0.0	0.0	0.0	0.0	0.0	0.0	0.0	0.0
G2-325	0.08251905269522736	-0.04140313948940929	-0.06443732846629398	0.07627708604438813	0.04461406110994748	0.03319146762775958	0.01282483416384204	0.020133672024488014	0.011449617517206948	0.03977216949918305	-0.0032722659802126752	0.00456550190533635	-0.016338286316232468	-0.008232134037105593	-0.0049955453170458354	0.004994211704184956	-0.0012762874739477188	-0.004401339018565551	0.0006059799307012066	-0.005912633527654751	0.0009363709393503136	0.0028860826319160385	0.0015472586598950454	-0.0001859316200969241	0.0005969345811163501	0.0004090315468105546	-0.0	0.0	-0.0	-0.0	-0.0	0.0	-0.0	-0.0	-0.0	-0.0	0.0	-0.0	-0.0	-0.0	-0.0	-0.0	0.0	-0.0	-0.0	-0.0	-0.0	-0.0	-0.0	0.0	-0.0	0.0	0.0	0.0	0.0	-0.0	-0.0	0.0	-0.0	-0.0	0.0	0.0	0.0	0.0	0.0	0.0	0.0	0.0	0.0	0.0	0.0	0.0	0.0	0.0	0.0	0.0	0.0	0.0	0.0	0.0	0.0	0.0	0.0	0.0	0.0	0.0	0.0	0.0	0.0	0.0	0.0	0.0	0.0	0.0	0.0	0.0	0.0	0.0	0.0	0.0	0.0	0.0	0.0	0.0	0.0	0.0
G2-326	0.08842695137153933	-0.042947077462016134	-0.06322585341911575	0.08036555894379757	0.04206326136714651	0.030310926685278333	0.024162182403326928	0.014518156750171315	0.008445346326455322	0.044391206990949915	-0.003365033861511485	0.00030493837474212875	0.011473721350725389	0.01650834691808575	0.027564294617252495	0.0003025759754103029	0.0041972244302362	-0.0011766830454592921	0.0006839017734466926	0.00988012680724035	-0.018144361493817037	0.0028930900631054103	-0.0012472941940574937	-0.001632867915680792	0.001172135037237415	0.0004493930989395757	-0.0	-0.0	0.0	-0.0	-0.0	0.0	0.0	-0.0	0.0	0.0	0.0	0.0	0.0	-0.0	-0.0	0.0	-0.0	0.0	-0.0	-0.0	-0.0	-0.0	-0.0	-0.0	0.0	0.0	-0.0	-0.0	-0.0	-0.0	0.0	0.0	0.0	0.0	0.0	0.0	0.0	0.0	0.0	0.0	0.0	0.0	0.0	0.0	0.0	0.0	0.0	0.0	0.0	0.0	0.0	0.0	0.0	0.0	0.0	0.0	0.0	0.0	0.0	0.0	0.0	0.0	0.0	0.0	0.0	0.0	0.0	0.0	0.0	0.0	0.0	0.0	0.0	0.0	0.0	0.0	0.0	0.0	0.0	0.0
G2-327	0.08251905269522736	-0.04140313948940929	-0.06443732846629399	0.07627708604438813	0.044614061109947485	0.033191467627759576	0.012824834163842036	0.02013367202448802	0.011449617517206976	0.03977216949918306	-0.0032722659802126852	0.004565501905336339	-0.016338286316232475	-0.008232134037105593	-0.004995545317045835	0.004994211704184965	-0.0012762874739477158	-0.004401339018565584	0.0006059799307011902	-0.005912633527654819	0.0009363709393503287	0.0028860826319159604	0.001547258659895034	-0.0001859316200969361	0.0005969345811165725	0.00040903154681093764	-0.0	-0.0	0.0	0.0	0.0	-0.0	-0.0	0.0	0.0	0.0	-0.0	-0.0	-0.0	-0.0	-0.0	0.0	-0.0	0.0	0.0	-0.0	-0.0	0.0	-0.0	0.0	0.0	-0.0	-0.0	-0.0	-0.0	-0.0	-0.0	-0.0	0.0	0.0	0.0	0.0	0.0	0.0	0.0	0.0	0.0	0.0	0.0	0.0	0.0	0.0	0.0	0.0	0.0	0.0	0.0	0.0	0.0	0.0	0.0	0.0	0.0	0.0	0.0	0.0	0.0	0.0	0.0	0.0	0.0	0.0	0.0	0.0	0.0	0.0	0.0	0.0	0.0	0.0	0.0	0.0	0.0	0.0	0.0	0.0
G2-328	0.08251905269522736	-0.04140313948940929	-0.06443732846629399	0.07627708604438813	0.04461406110994748	0.033191467627759576	0.012824834163842029	0.020133672024488018	0.01144961751720696	0.03977216949918305	-0.003272265980212671	0.004565501905336363	-0.01633828631623245	-0.008232134037105616	-0.004995545317045846	0.004994211704184982	-0.001276287473947699	-0.0044013390185655655	0.0006059799307011502	-0.0059126335276548534	0.0009363709393503566	0.0028860826319158576	0.0015472586598949884	-0.0001859316200970287	0.0005969345811166019	0.0004090315468109613	0.0	-0.0	-0.0	0.0	-0.0	0.0	-0.0	-0.0	-0.0	-0.0	0.0	0.0	0.0	0.0	0.0	0.0	0.0	0.0	0.0	-0.0	-0.0	0.0	0.0	-0.0	0.0	-0.0	-0.0	-0.0	0.0	0.0	0.0	0.0	0.0	-0.0	0.0	0.0	0.0	0.0	0.0	0.0	0.0	0.0	0.0	0.0	0.0	0.0	0.0	0.0	0.0	0.0	0.0	0.0	0.0	0.0	0.0	0.0	0.0	0.0	0.0	0.0	0.0	0.0	0.0	0.0	0.0	0.0	0.0	0.0	0.0	0.0	0.0	0.0	0.0	0.0	0.0	0.0	0.0	0.0	0.0	0.0
G2-329	0.08251905269522736	-0.04140313948940929	-0.06443732846629399	0.07627708604438813	0.04461406110994748	0.033191467627759576	0.012824834163842029	0.020133672024488018	0.011449617517206955	0.03977216949918305	-0.0032722659802126818	0.0045655019053363576	-0.016338286316232464	-0.008232134037105614	-0.004995545317045798	0.0049942117041849345	-0.0012762874739476928	-0.00440133901856556	0.000605979930701177	-0.005912633527654829	0.0009363709393503238	0.0028860826319158693	0.0015472586598949509	-0.0001859316200969902	0.0005969345811166004	0.0004090315468111207	-0.0	0.0	0.0	-0.0	0.0	-0.0	0.0	0.0	0.0	-0.0	0.0	0.0	0.0	0.0	0.0	-0.0	0.0	-0.0	0.0	-0.0	0.0	-0.0	0.0	-0.0	-0.0	0.0	0.0	-0.0	-0.0	0.0	0.0	-0.0	-0.0	-0.0	0.0	0.0	0.0	0.0	0.0	0.0	0.0	0.0	0.0	0.0	0.0	0.0	0.0	0.0	0.0	0.0	0.0	0.0	0.0	0.0	0.0	0.0	0.0	0.0	0.0	0.0	0.0	0.0	0.0	0.0	0.0	0.0	0.0	0.0	0.0	0.0	0.0	0.0	0.0	0.0	0.0	0.0	0.0	0.0	0.0	0.0
G2-330	0.08420035143628163	-0.04019341350781852	-0.06317375133640225	0.07817404446701187	0.04422250201156017	0.03271515468425555	0.020074673051922686	0.012859781980874578	0.010748158440005276	0.04297886590013806	-0.00526562358848742	0.0015394547698988404	0.0026708292337745223	0.006756817509090965	0.00519295260498134	-0.013050956312852188	-0.0012217163353321454	0.01566743747392437	-0.012628655279268772	-0.0023888979649023894	0.003452628379600451	-0.005701389444840408	0.0013528051056434956	0.00046676114443387756	0.001382913289744972	-0.0006764136069165634	-0.0	-0.0	0.0	-0.0	-0.0	0.0	0.0	-0.0	0.0	0.0	0.0	0.0	0.0	-0.0	-0.0	0.0	-0.0	0.0	-0.0	-0.0	-0.0	-0.0	-0.0	-0.0	0.0	0.0	-0.0	-0.0	-0.0	-0.0	0.0	0.0	0.0	0.0	0.0	0.0	0.0	0.0	0.0	0.0	0.0	0.0	0.0	0.0	0.0	0.0	0.0	0.0	0.0	0.0	0.0	0.0	0.0	0.0	0.0	0.0	0.0	0.0	0.0	0.0	0.0	0.0	0.0	0.0	0.0	0.0	0.0	0.0	0.0	0.0	0.0	0.0	0.0	0.0	0.0	0.0	0.0	0.0	0.0	0.0
G2-413	0.0932492923500692	0.00707022225328993	0.013088763456978287	-0.018191671711192056	-0.01394924277181902	-0.0014457651212744966	-0.007992164706586966	0.003469405084529142	0.012335109637091814	-0.005878388578569191	-0.0018532041436929308	0.004587091517183391	-0.0331547543635152	-0.025658572347343915	-0.009993216695332494	0.014835086980021518	-0.005516570159181421	-0.00673008390741801	0.005322536669402879	-0.0011193019085331277	0.0007703099858515557	0.006090533846469036	-0.0005187235655870028	0.0008077964915386744	0.0011203145181962997	-0.001725021980969003	-0.0	-0.0	0.0	-0.0	-0.0	0.0	0.0	-0.0	0.0	0.0	0.0	0.0	0.0	-0.0	-0.0	0.0	-0.0	0.0	-0.0	-0.0	-0.0	-0.0	-0.0	-0.0	0.0	0.0	-0.0	-0.0	-0.0	-0.0	0.0	0.0	0.0	0.0	0.0	0.0	0.0	0.0	0.0	0.0	0.0	0.0	0.0	0.0	0.0	0.0	0.0	0.0	0.0	0.0	0.0	0.0	0.0	0.0	0.0	0.0	0.0	0.0	0.0	0.0	0.0	0.0	0.0	0.0	0.0	0.0	0.0	0.0	0.0	0.0	0.0	0.0	0.0	0.0	0.0	0.0	0.0	0.0	0.0	0.0
G2-414	-0.05730561273328118	-0.006763874415863128	-0.03442348183387749	0.004864489573759622	0.035515648901465594	0.009633333791245516	0.04412056923109012	0.0059072724736265875	0.004417934109772386	-0.03069329486814094	-0.0008534887715946113	0.0042286251610122415	-0.015389662718783084	-0.011177217117068696	-0.020751778154935032	0.016285675217592402	-0.0025745087322138244	-0.0038607396662921657	-0.011491417441058015	-0.005354950893235295	0.002445203429849451	0.004135582531800753	-0.016103322478291368	-0.002096532321677942	0.001215563900520619	0.00015483837760187202	-0.0	-0.0	0.0	-0.0	-0.0	0.0	0.0	-0.0	0.0	0.0	0.0	0.0	0.0	-0.0	-0.0	0.0	-0.0	0.0	-0.0	-0.0	-0.0	-0.0	-0.0	-0.0	0.0	0.0	-0.0	-0.0	-0.0	-0.0	0.0	0.0	0.0	0.0	0.0	0.0	0.0	0.0	0.0	0.0	0.0	0.0	0.0	0.0	0.0	0.0	0.0	0.0	0.0	0.0	0.0	0.0	0.0	0.0	0.0	0.0	0.0	0.0	0.0	0.0	0.0	0.0	0.0	0.0	0.0	0.0	0.0	0.0	0.0	0.0	0.0	0.0	0.0	0.0	0.0	0.0	0.0	0.0	0.0	0.0
G2-415	-0.05574582821970299	-0.007501378155746579	-0.08164179957440493	-0.0016811193680668452	0.0021755126769584117	0.0132306017432076	-0.05486411403843564	0.012528405319984325	-0.001888183393929078	-0.019854917808803284	0.0011418375672574926	-0.004321773574145604	-0.008013570164203305	0.002455812951602901	-0.007410873259476666	0.00010979320826601841	-0.000506668565249995	0.0029577619627757304	4.604696795237664e-05	0.0013672270513221598	0.0007118371906385586	0.004419499792289263	0.0028889975471750326	-0.000854791615860076	0.0021007871433089136	0.00022613240698312774	-0.0	-0.0	-0.0	0.0	0.0	0.0	-0.0	0.0	-0.0	-0.0	0.0	0.0	0.0	0.0	0.0	0.0	-0.0	-0.0	-0.0	-0.0	-0.0	-0.0	-0.0	0.0	-0.0	0.0	0.0	0.0	-0.0	-0.0	-0.0	0.0	-0.0	-0.0	0.0	0.0	0.0	0.0	0.0	0.0	0.0	0.0	0.0	0.0	0.0	0.0	0.0	0.0	0.0	0.0	0.0	0.0	0.0	0.0	0.0	0.0	0.0	0.0	0.0	0.0	0.0	0.0	0.0	0.0	0.0	0.0	0.0	0.0	0.0	0.0	0.0	0.0	0.0	0.0	0.0	0.0	0.0	0.0	0.0	0.0
G2-416	-0.05504620741886548	-0.006844673906162268	-0.08148138795974502	-0.0011943030958218282	0.0016643066478553928	0.012924323297682344	-0.05288721905560177	0.00949602410565572	-0.002396508021664492	-0.019521467597857063	-0.00014877974970947883	-0.0053088832441812546	0.0003295099837399263	0.010810539309806124	-0.003417762450748104	-0.006787874830582166	-0.0003434791735746928	0.010108495707112952	-0.006226306886184127	0.0037107735538464263	0.0011121140370527777	-0.002445598005287954	-0.002660879206434049	0.0010083319574101064	-0.00564048522504381	-0.000277419703875836	0.0	-0.0	0.0	0.0	0.0	0.0	0.0	0.0	-0.0	0.0	-0.0	-0.0	-0.0	0.0	-0.0	0.0	-0.0	-0.0	0.0	-0.0	-0.0	-0.0	-0.0	-0.0	-0.0	0.0	0.0	-0.0	0.0	0.0	0.0	-0.0	-0.0	-0.0	0.0	0.0	0.0	0.0	0.0	0.0	0.0	0.0	0.0	0.0	0.0	0.0	0.0	0.0	0.0	0.0	0.0	0.0	0.0	0.0	0.0	0.0	0.0	0.0	0.0	0.0	0.0	0.0	0.0	0.0	0.0	0.0	0.0	0.0	0.0	0.0	0.0	0.0	0.0	0.0	0.0	0.0	0.0	0.0	0.0	0.0
G3-417	-0.05985358690726955	-0.010247709133973654	-0.031976915718624634	0.002738775371765098	0.02736169267748376	-0.00020482341466894613	0.036555845529194865	-0.00018960518261335537	-0.009387361059450573	-0.018622563240989213	0.015937754320604156	-0.010281440151860012	0.022809718012214347	-0.0051109740832338555	-5.0814625406066905e-05	-0.008709231404671001	0.006008310123662489	-0.008949331884737368	-0.00011205789127973864	0.010637919202558258	-0.0005853124314064216	-0.00795737432985456	-0.001023887296019134	0.0013146845566101215	-0.0021187489554888445	-0.0012356658522391895	-0.0	-0.0	0.0	-0.0	-0.0	0.0	0.0	-0.0	0.0	0.0	0.0	0.0	0.0	-0.0	-0.0	0.0	-0.0	0.0	-0.0	-0.0	-0.0	-0.0	-0.0	-0.0	0.0	0.0	-0.0	-0.0	-0.0	-0.0	0.0	0.0	0.0	0.0	0.0	0.0	0.0	0.0	0.0	0.0	0.0	0.0	0.0	0.0	0.0	0.0	0.0	0.0	0.0	0.0	0.0	0.0	0.0	0.0	0.0	0.0	0.0	0.0	0.0	0.0	0.0	0.0	0.0	0.0	0.0	0.0	0.0	0.0	0.0	0.0	0.0	0.0	0.0	0.0	0.0	0.0	0.0	0.0	0.0	0.0
G3-418	0.06548660421025804	-0.04606484512536972	-0.04982830506378269	0.03943963761576694	0.009538427756158704	0.0018599531049259517	-0.01401865470767285	-0.009975407983373534	0.002685035542873107	-0.03486248713761192	0.018098528930639145	-0.009615263277633065	0.008225417270290056	-0.027291838480201988	-0.01805334128485407	-0.004792719173397761	0.008877390876834286	-0.002305079977263551	-0.0075549498124762296	-0.004064417702158293	-0.004530868915352922	-0.0056745284952810695	-0.026087656528936045	-0.0006945810282737201	0.0001577734498244075	-2.7523842474819776e-05	-0.0	-0.0	0.0	-0.0	-0.0	0.0	0.0	-0.0	0.0	0.0	0.0	0.0	0.0	-0.0	-0.0	0.0	-0.0	0.0	-0.0	-0.0	-0.0	-0.0	-0.0	-0.0	0.0	0.0	-0.0	-0.0	-0.0	-0.0	0.0	0.0	0.0	0.0	0.0	0.0	0.0	0.0	0.0	0.0	0.0	0.0	0.0	0.0	0.0	0.0	0.0	0.0	0.0	0.0	0.0	0.0	0.0	0.0	0.0	0.0	0.0	0.0	0.0	0.0	0.0	0.0	0.0	0.0	0.0	0.0	0.0	0.0	0.0	0.0	0.0	0.0	0.0	0.0	0.0	0.0	0.0	0.0	0.0	0.0
G3-419	-0.03356592794953666	0.04852993378276642	0.015703057696874648	-0.06882079193329131	-0.00282886605292052	-0.006658670666392159	0.04180936914416136	0.028068462283330552	-0.011855919392239149	-0.014619000457024647	0.013291996635343853	-0.006389160737861802	0.027846637881675913	-0.025275063674470497	-0.005964592145750254	-0.031902654608713166	-0.06529924922143529	-0.0009801344931240062	0.0076845592112751064	0.0009412399088026616	-0.003356679420506945	0.0010476618906002386	-0.0007901146801928681	-0.0007059519695530713	-0.00044316578682333617	-3.428703035021507e-05	-0.0	-0.0	0.0	-0.0	-0.0	0.0	0.0	-0.0	0.0	0.0	0.0	0.0	0.0	-0.0	-0.0	0.0	-0.0	0.0	-0.0	-0.0	-0.0	-0.0	-0.0	-0.0	0.0	0.0	-0.0	-0.0	-0.0	-0.0	0.0	0.0	0.0	0.0	0.0	0.0	0.0	0.0	0.0	0.0	0.0	0.0	0.0	0.0	0.0	0.0	0.0	0.0	0.0	0.0	0.0	0.0	0.0	0.0	0.0	0.0	0.0	0.0	0.0	0.0	0.0	0.0	0.0	0.0	0.0	0.0	0.0	0.0	0.0	0.0	0.0	0.0	0.0	0.0	0.0	0.0	0.0	0.0	0.0	0.0
G3-420	0.0631784856894944	-0.046589629165306894	-0.04741416483872214	0.03768368018913832	0.009312290519265229	0.0007835205074548529	-0.017086165127230834	-0.00852265380253273	0.0021694717334257976	-0.03241161610883613	0.019259673731993894	-0.008248903157962872	-0.0012749967824136595	-0.030592488483394503	-0.01801923879885214	0.0003066023556653184	0.00757588427152343	-0.009669016071044728	0.005333445451732074	-0.0007001098463059112	-0.001415045993341743	0.004435102228124831	0.010144507967916463	-0.00021420098570345064	-0.0015776152867557666	0.0006200886976145446	-0.0	-0.0	0.0	-0.0	-0.0	0.0	0.0	-0.0	0.0	0.0	0.0	0.0	0.0	-0.0	-0.0	0.0	-0.0	0.0	-0.0	-0.0	-0.0	-0.0	-0.0	-0.0	0.0	0.0	-0.0	-0.0	-0.0	-0.0	0.0	0.0	0.0	0.0	0.0	0.0	0.0	0.0	0.0	0.0	0.0	0.0	0.0	0.0	0.0	0.0	0.0	0.0	0.0	0.0	0.0	0.0	0.0	0.0	0.0	0.0	0.0	0.0	0.0	0.0	0.0	0.0	0.0	0.0	0.0	0.0	0.0	0.0	0.0	0.0	0.0	0.0	0.0	0.0	0.0	0.0	0.0	0.0	0.0	0.0
G3-421	-0.15522324337420412	0.07494485604759128	-0.0823152691420017	-0.012733891750057976	0.09160790087289927	0.10705171192183748	-0.08612492475474486	-0.09564669984874663	-0.003680690604121971	-0.041476014227940415	0.03668587586601462	0.02156517195944162	0.02436329372630201	-0.009765431418218099	0.012212528619176617	-0.012260592415912892	0.009102513817896266	-0.002674253460105414	-0.0031356625327847104	-0.003340238092556304	-0.007728052701412546	-0.006155554597396913	0.0034875875977894676	0.003312835792012004	0.0003124804906591439	0.0003141034855017241	-0.0	-0.0	0.0	-0.0	-0.0	0.0	0.0	-0.0	0.0	0.0	0.0	0.0	0.0	-0.0	-0.0	0.0	-0.0	0.0	-0.0	-0.0	-0.0	-0.0	-0.0	-0.0	0.0	0.0	-0.0	-0.0	-0.0	-0.0	0.0	0.0	0.0	0.0	0.0	0.0	0.0	0.0	0.0	0.0	0.0	0.0	0.0	0.0	0.0	0.0	0.0	0.0	0.0	0.0	0.0	0.0	0.0	0.0	0.0	0.0	0.0	0.0	0.0	0.0	0.0	0.0	0.0	0.0	0.0	0.0	0.0	0.0	0.0	0.0	0.0	0.0	0.0	0.0	0.0	0.0	0.0	0.0	0.0	0.0
G3-422	-0.03197824491117338	0.04435039805760588	0.011915353466938356	-0.057973531323449644	-0.019871516276902677	-0.01571494218746106	0.024403369950933805	0.011021452186093364	-0.000964071705373506	0.015392038729423586	-0.00010560383175032707	-0.01735683436354534	0.02104969490990581	-0.02894359433340601	-0.001341011611499139	-0.010997892494380244	0.009588111184313563	0.011260442695521206	-0.02779026441293754	0.023178404175450584	0.014222827536894984	0.02355414937874052	-0.006726151757277857	0.0056286632050622605	3.9320060867884825e-05	0.0005029116430603425	-0.0	-0.0	0.0	-0.0	-0.0	0.0	0.0	-0.0	0.0	0.0	0.0	0.0	0.0	-0.0	-0.0	0.0	-0.0	0.0	-0.0	-0.0	-0.0	-0.0	-0.0	-0.0	0.0	0.0	-0.0	-0.0	-0.0	-0.0	0.0	0.0	0.0	0.0	0.0	0.0	0.0	0.0	0.0	0.0	0.0	0.0	0.0	0.0	0.0	0.0	0.0	0.0	0.0	0.0	0.0	0.0	0.0	0.0	0.0	0.0	0.0	0.0	0.0	0.0	0.0	0.0	0.0	0.0	0.0	0.0	0.0	0.0	0.0	0.0	0.0	0.0	0.0	0.0	0.0	0.0	0.0	0.0	0.0	0.0
G3-423	-0.0615387259396037	-0.003106701585835962	-0.0645106496771565	0.028948581042973293	0.0699748757661681	0.035307240283968234	0.057588022262223613	0.05260129112824126	-0.0066432429367166675	0.06284514246614248	0.02977815791176463	-0.014422240678195627	0.00967745926312785	-0.017245086700898634	-0.003299088257242082	-0.0036253174267818562	0.0024303454894011502	-0.00031364174016478425	-0.0014728522569398893	0.0005866570161780466	-0.004056180911626494	-0.0015918099063454677	0.00048784282533738215	0.004838466152509586	-8.609939773538853e-05	0.0009502968117019497	-0.0	-0.0	0.0	-0.0	-0.0	0.0	0.0	-0.0	0.0	0.0	0.0	0.0	0.0	-0.0	-0.0	0.0	-0.0	0.0	-0.0	-0.0	-0.0	-0.0	-0.0	-0.0	0.0	0.0	-0.0	-0.0	-0.0	-0.0	0.0	0.0	0.0	0.0	0.0	0.0	0.0	0.0	0.0	0.0	0.0	0.0	0.0	0.0	0.0	0.0	0.0	0.0	0.0	0.0	0.0	0.0	0.0	0.0	0.0	0.0	0.0	0.0	0.0	0.0	0.0	0.0	0.0	0.0	0.0	0.0	0.0	0.0	0.0	0.0	0.0	0.0	0.0	0.0	0.0	0.0	0.0	0.0	0.0	0.0
G3-424	-0.055903301464577435	-0.0013196882583807407	-0.05955224366211555	0.032477721891087566	0.07237814891066362	0.038940077349803696	0.06947257446033975	0.04565121451733714	0.005665091005050799	0.05441586037093596	0.007960471082031951	0.0005361205031338855	-0.010672801194698144	0.0020719496218500884	0.00425607694880591	0.016315807704102313	-0.010568580527290098	0.009763852036186474	-0.008462700159276275	0.003267253432511122	0.0013710888976587545	-0.0008551260664458008	0.0016360375914306728	-0.0030942749609298528	-2.553138359044389e-05	-0.0009072282401205051	-0.0	-0.0	0.0	-0.0	-0.0	0.0	0.0	-0.0	0.0	0.0	0.0	0.0	0.0	-0.0	-0.0	0.0	-0.0	0.0	-0.0	-0.0	-0.0	-0.0	-0.0	-0.0	0.0	0.0	-0.0	-0.0	-0.0	-0.0	0.0	0.0	0.0	0.0	0.0	0.0	0.0	0.0	0.0	0.0	0.0	0.0	0.0	0.0	0.0	0.0	0.0	0.0	0.0	0.0	0.0	0.0	0.0	0.0	0.0	0.0	0.0	0.0	0.0	0.0	0.0	0.0	0.0	0.0	0.0	0.0	0.0	0.0	0.0	0.0	0.0	0.0	0.0	0.0	0.0	0.0	0.0	0.0	0.0	0.0
G3-425	-0.09404237047138563	0.00229074712923427	-0.07265174157467008	-0.008866136472596499	0.010905252154426915	0.011147335637402712	-0.025882774348216106	0.015897319060864265	-0.0084258622338282	-0.017247882560285713	0.0048369786396887954	0.0016709402080920103	-0.0011385780444673243	-0.002087213141932711	-0.01031341094920732	0.011385510635165975	-0.00611333379651665	-0.0030445424591430737	-0.0038296668458829212	-0.008730586939414014	-0.007175103341851866	-0.003854511439659699	0.014061798961648435	0.003278639555912846	-0.002520023356997553	-0.00040081456288379365	-0.0	-0.0	0.0	-0.0	-0.0	0.0	0.0	-0.0	0.0	0.0	0.0	0.0	0.0	-0.0	-0.0	0.0	-0.0	0.0	-0.0	-0.0	-0.0	-0.0	-0.0	-0.0	0.0	0.0	-0.0	-0.0	-0.0	-0.0	0.0	0.0	0.0	0.0	0.0	0.0	0.0	0.0	0.0	0.0	0.0	0.0	0.0	0.0	0.0	0.0	0.0	0.0	0.0	0.0	0.0	0.0	0.0	0.0	0.0	0.0	0.0	0.0	0.0	0.0	0.0	0.0	0.0	0.0	0.0	0.0	0.0	0.0	0.0	0.0	0.0	0.0	0.0	0.0	0.0	0.0	0.0	0.0	0.0	0.0
G3-426	-0.02693168348995279	0.045590686919721846	-0.02667018296474237	-0.06578377636230519	-0.033357966550057266	0.00258968140938277	-0.06691347460288029	0.027275696291551466	-0.0030391891768900446	0.002425597418218823	-0.004839032898313181	-0.0011575977424765202	-0.01714593035914563	0.004310426845692299	-0.005431163112970838	-0.006629498377369929	0.0011950040980367122	-0.004339163460249179	0.001325949525552784	0.0028697290397345318	0.00455434178510469	0.005002458266427122	-0.0007784397529859863	-0.0007810678074743363	-0.001186367343530315	0.0004458866979264352	0.0	0.0	-0.0	-0.0	-0.0	-0.0	0.0	0.0	0.0	0.0	-0.0	-0.0	0.0	0.0	0.0	-0.0	-0.0	-0.0	-0.0	-0.0	0.0	0.0	0.0	-0.0	0.0	0.0	-0.0	0.0	0.0	0.0	-0.0	0.0	-0.0	0.0	0.0	0.0	0.0	0.0	0.0	0.0	0.0	0.0	0.0	0.0	0.0	0.0	0.0	0.0	0.0	0.0	0.0	0.0	0.0	0.0	0.0	0.0	0.0	0.0	0.0	0.0	0.0	0.0	0.0	0.0	0.0	0.0	0.0	0.0	0.0	0.0	0.0	0.0	0.0	0.0	0.0	0.0	0.0	0.0	0.0	0.0
G3-427	-0.06548977513467649	0.05472683107211261	-0.016837910694682993	-0.07289979746554436	-0.025511438339873876	-0.0012951024327255154	-0.03543432325697023	0.028633075191809146	-0.009923846047960684	0.0037100471501773933	0.0011452390744298114	0.003538394297072926	-0.009115170422555795	-0.004058105674457059	-0.004184205491294827	0.004827028877575662	0.00034536399866533647	-0.00409323653696095	-0.0016375248285895457	-0.006677137176166073	-0.006367509628235903	-0.005537459696176927	0.001982574459676589	0.0017908712372692423	4.36213811601283e-05	9.597609650143696e-05	-0.0	0.0	-0.0	0.0	-0.0	0.0	0.0	0.0	0.0	0.0	0.0	-0.0	-0.0	-0.0	-0.0	-0.0	0.0	0.0	0.0	-0.0	0.0	-0.0	-0.0	0.0	-0.0	0.0	0.0	0.0	-0.0	-0.0	-0.0	-0.0	0.0	-0.0	0.0	0.0	0.0	0.0	0.0	0.0	0.0	0.0	0.0	0.0	0.0	0.0	0.0	0.0	0.0	0.0	0.0	0.0	0.0	0.0	0.0	0.0	0.0	0.0	0.0	0.0	0.0	0.0	0.0	0.0	0.0	0.0	0.0	0.0	0.0	0.0	0.0	0.0	0.0	0.0	0.0	0.0	0.0	0.0	0.0	0.0
G3-428	-0.02693168348995279	0.045590686919721846	-0.02667018296474237	-0.06578377636230519	-0.033357966550057266	0.002589681409382772	-0.0669134746028803	0.027275696291551473	-0.0030391891768900376	0.002425597418218827	-0.004839032898313179	-0.001157597742476527	-0.017145930359145627	0.004310426845692306	-0.005431163112970832	-0.006629498377369953	0.001195004098036757	-0.004339163460249216	0.0013259495255528296	0.002869729039734491	0.004554341785104641	0.00500245826642711	-0.0007784397529861574	-0.0007810678074743437	-0.0011863673435302832	0.0004458866979263729	-0.0	0.0	0.0	-0.0	0.0	0.0	-0.0	-0.0	0.0	0.0	-0.0	0.0	0.0	0.0	0.0	-0.0	-0.0	0.0	0.0	-0.0	-0.0	0.0	-0.0	0.0	-0.0	-0.0	-0.0	-0.0	0.0	-0.0	0.0	-0.0	0.0	-0.0	0.0	0.0	0.0	0.0	0.0	0.0	0.0	0.0	0.0	0.0	0.0	0.0	0.0	0.0	0.0	0.0	0.0	0.0	0.0	0.0	0.0	0.0	0.0	0.0	0.0	0.0	0.0	0.0	0.0	0.0	0.0	0.0	0.0	0.0	0.0	0.0	0.0	0.0	0.0	0.0	0.0	0.0	0.0	0.0	0.0	0.0
G3-429	-0.06548977513467649	0.05472683107211261	-0.016837910694682986	-0.07289979746554434	-0.02551143833987388	-0.0012951024327255054	-0.035434323256970233	0.028633075191809146	-0.00992384604796068	0.0037100471501774054	0.0011452390744298264	0.0035383942970729073	-0.009115170422555764	-0.004058105674457075	-0.004184205491294827	0.004827028877575688	0.00034536399866535707	-0.0040932365369609775	-0.0016375248285895247	-0.006677137176166092	-0.006367509628235909	-0.005537459696176934	0.001982574459676597	0.001790871237269144	4.362138116026603e-05	9.597609650135013e-05	0.0	-0.0	0.0	-0.0	0.0	-0.0	-0.0	-0.0	-0.0	-0.0	-0.0	0.0	0.0	-0.0	-0.0	0.0	-0.0	0.0	-0.0	-0.0	-0.0	0.0	0.0	-0.0	0.0	-0.0	-0.0	-0.0	0.0	0.0	0.0	0.0	-0.0	0.0	0.0	0.0	0.0	0.0	0.0	0.0	0.0	0.0	0.0	0.0	0.0	0.0	0.0	0.0	0.0	0.0	0.0	0.0	0.0	0.0	0.0	0.0	0.0	0.0	0.0	0.0	0.0	0.0	0.0	0.0	0.0	0.0	0.0	0.0	0.0	0.0	0.0	0.0	0.0	0.0	0.0	0.0	0.0	0.0	0.0	0.0
G3-430	0.0906887010343525	0.005864820803080148	0.009754899207085834	-0.022794479177415346	-0.018595480720790043	-0.00622509546256403	-0.022175174172681687	0.008494171543153505	0.0009632210047527644	0.0011032309198411873	0.013850539943262475	-0.005703943655613339	-0.012255549726848733	-0.03645401903737995	-0.019677487044077686	-0.009357634848874523	0.003447235588205461	-0.02106453180770734	0.002362888744342487	-0.003522315537738151	0.0013721569400722508	-0.000945507182376176	0.0019654789133318014	0.0016708342676584743	0.0004179950054371423	-0.0002058404628994682	-0.0	-0.0	0.0	-0.0	-0.0	0.0	0.0	-0.0	0.0	0.0	0.0	0.0	0.0	-0.0	-0.0	0.0	-0.0	0.0	-0.0	-0.0	-0.0	-0.0	-0.0	-0.0	0.0	0.0	-0.0	-0.0	-0.0	-0.0	0.0	0.0	0.0	0.0	0.0	0.0	0.0	0.0	0.0	0.0	0.0	0.0	0.0	0.0	0.0	0.0	0.0	0.0	0.0	0.0	0.0	0.0	0.0	0.0	0.0	0.0	0.0	0.0	0.0	0.0	0.0	0.0	0.0	0.0	0.0	0.0	0.0	0.0	0.0	0.0	0.0	0.0	0.0	0.0	0.0	0.0	0.0	0.0	0.0	0.0

Biplot	0	0

Site constraints	0	0
