Eigvals	11
0.2462431690556778	0.05729294538755514	0.0018264673574456929	0.0007784484141250009	0.00028882230862155214	0.00020254952418085476	2.2486289532424458e-05	0.0	0.0	0.0	0.0

Proportion explained	11
0.8029976968277004	0.18683199768388134	0.005956100577264115	0.002538516240018876	0.0009418480500595149	0.0006605129475652462	7.332767351063023e-05	0.0	0.0	0.0	0.0

Species	0	0

Site	11	11
G1-141	-0.09217031772389592	0.028293778216540114	-0.013052180759124007	0.015190281834769875	-0.0021116956623513155	0.001877987303557219	0.0005294818470428665	-0.0	0.0	0.0	0.0
G1-142	-0.016954243066164477	0.12816664183640983	0.019372219754282584	-0.0005088546552232589	0.0005307678766314155	-0.0006594571309320313	-0.00016618535541609275	-0.0	0.0	0.0	0.0
G1-143	0.2653563692917678	-0.06666981236783025	0.0016236441180765818	-0.010725623596291534	-0.0007792855073241962	0.003917792936200763	-0.0007325319245607424	-0.0	0.0	0.0	0.0
G1-144	0.1580834376851944	0.1445751732843934	0.0006526111072020866	-0.00038760690259515896	-0.001921439513982426	-4.206789902887546e-05	-6.041314394260346e-05	-0.0	0.0	0.0	0.0
G1-192	0.27707847754460435	-0.07558204925993638	0.0008232720490553659	0.010724847688891904	0.00040189298209975324	-0.0035424928843265768	0.0006556154103799902	-0.0	0.0	0.0	0.0
G2-213	-0.11920121888852997	-0.04633264037120051	0.002508913774558557	0.0054895748858444044	-0.006397163607104209	0.008225754217909505	-0.0014835424491305923	-0.0	0.0	0.0	0.0
G2-214	-0.025047920421583977	0.0248819142549148	-0.031187501772486376	-0.003436217129784297	0.003397916804635899	-0.0017863891828926628	0.0004334257385700507	-0.0	0.0	0.0	0.0
G2-215	-0.10391895213273698	-0.05244100730527537	0.015666440485003104	0.0033350615243220344	0.0075130873797746274	0.0015881114873584226	0.0025769535499295237	-0.0	0.0	0.0	0.0
G2-216	-0.10019952173055244	-0.002002987298039471	-0.0038549696399928744	-0.011193778508592336	0.007568595076756842	0.0031922911191885534	-0.000636782948792713	-0.0	0.0	0.0	0.0
G2-217	-0.11529897288342689	-0.04649624494532297	0.005970892228780125	0.002927157619852059	0.0022144756599902214	-0.008053795082888917	-0.002919212098343065	-0.0	0.0	0.0	0.0
G2-218	-0.12772713767467594	-0.036392766044652865	0.0014766586546448516	-0.011414842761190907	-0.010417151489126192	-0.004717734884148355	0.0018031913742653318	-0.0	0.0	0.0	0.0

Biplot	0	0

Site constraints	0	0
