Eigvals	54
0.25214997176960013	0.15822899269648788	0.0463554826727344	0.026282478429920302	0.011094157069852898	0.007986158724193306	0.0042224193372638955	0.003037656942472291	0.0027067142617523653	0.0018608210598302366	0.0014147655998890257	0.0011363210137925704	0.0007881772091338154	0.0005896777964715244	0.0003960622961292138	0.0003819261993912905	0.0003449395073056305	0.0001804065451204255	0.00012311107382441936	0.0001203929686975367	6.775469099160741e-05	4.96873773496824e-05	2.6472099543654413e-05	1.4796921181354888e-05	1.2353356434382587e-05	0.0	0.0	0.0	0.0	0.0	0.0	0.0	0.0	0.0	0.0	0.0	0.0	0.0	0.0	0.0	0.0	0.0	0.0	0.0	0.0	0.0	0.0	0.0	0.0	0.0	0.0	0.0	0.0	0.0

Proportion explained	54
0.48530351619407147	0.30453735917772373	0.08921864467431835	0.05058489242263296	0.02135250461232866	0.015370657718242255	0.008126730837362168	0.005846463455170082	0.005209510591424272	0.0035814519311894214	0.0027229458540012266	0.0021870340878825827	0.0015169748713126229	0.0011349305575599695	0.0007622861251756778	0.0007350789143081619	0.0006638920266175311	0.00034722165573497157	0.0002369472286279343	0.00023171579446911312	0.00013040489176383935	9.563141637111107e-05	5.094984901015099e-05	2.8479074686233302e-05	2.377603801551294e-05	0.0	0.0	0.0	0.0	0.0	0.0	0.0	0.0	0.0	0.0	0.0	0.0	0.0	0.0	0.0	0.0	0.0	0.0	0.0	0.0	0.0	0.0	0.0	0.0	0.0	0.0	0.0	0.0	0.0

Species	0	0

Site	54	54
G1-11	-0.009387761351743074	0.022164069043746522	-0.022007599782204592	-0.019513179336395337	0.0056022180949835765	-0.0028588255635420535	-0.01091549680427787	0.010145828776053807	-0.01174733235731982	0.0014957150945700095	-0.011030630485151361	-0.003872046597217322	0.006732798312984111	-0.0034086130458894017	0.00035476863707930667	0.001383785551076808	0.004378971175634309	0.0011958002568985087	0.0002947474274218762	0.00011173237631508067	-0.00041590449708069446	-0.00019698990148409623	0.0005122377386451496	8.396988727485799e-05	-9.864685642972735e-05	0.0	0.0	0.0	0.0	0.0	0.0	0.0	0.0	0.0	0.0	0.0	0.0	0.0	0.0	0.0	0.0	0.0	0.0	0.0	0.0	0.0	0.0	0.0	0.0	0.0	0.0	0.0	0.0	0.0
G1-110	-0.0035809663416464434	-0.03343752751091314	-0.015031961244985613	-0.013012812058528441	0.004911996207162877	0.004715864136675666	0.0011693915409606262	-0.009367702282798089	-0.0005339386149084952	0.008053131056380763	-0.0001723404193764098	-0.00207206093999827	-0.0033073842715357145	-0.007695937695504809	-0.0003629496371798837	0.001780936624980594	0.004108997069333135	-0.0023997003798802764	-7.60081654884418e-05	0.002035722221029134	-0.001111828841077947	0.000377384227671007	-0.0004587872120214919	4.711683249781194e-05	0.00013564568815478011	0.0	0.0	0.0	0.0	0.0	0.0	0.0	0.0	0.0	0.0	0.0	0.0	0.0	0.0	0.0	0.0	0.0	0.0	0.0	0.0	0.0	0.0	0.0	0.0	0.0	0.0	0.0	0.0	0.0
G1-115	-0.07589956553205533	0.012711147150948161	-0.005271080808602496	0.013512272834620784	-0.00790606674554402	-0.01828539227151662	0.0011965135419212188	0.008653202750490058	0.0072395886589044995	-0.0004357750309835667	-0.006238553012177286	0.0007368743999605326	-0.009345441136822424	0.004416625249835565	-0.002607289189466969	0.00011154587997542361	0.0007902339782609049	0.0011286939438296048	-0.0010375786637458184	0.0006869831958171465	0.00047046463381188744	0.0011455396833095844	6.567938398563419e-05	0.00020972830808544302	-8.41355435023485e-05	0.0	0.0	0.0	0.0	0.0	0.0	0.0	0.0	0.0	0.0	0.0	0.0	0.0	0.0	0.0	0.0	0.0	0.0	0.0	0.0	0.0	0.0	0.0	0.0	0.0	0.0	0.0	0.0	0.0
G1-116	0.006074904206158403	-0.03935106008507565	-0.013109736093415657	-0.016221665387797735	-0.012193629077175493	-0.009961241488366124	-0.006608326468230689	0.008942601670607694	0.016080641346983927	0.0006171357133390509	-0.005307170781563535	-0.004594583820462008	-0.008546183448074719	-0.007955923655464667	0.00048694193915289804	-0.0007647115815574233	0.0009727321922311025	-0.0007163590711439657	-0.0004501900021436895	-0.0004093769837618382	0.00016006542319553486	0.00022141273274259684	9.333828096754058e-05	-0.00015700088312933504	0.0002609931624965874	0.0	0.0	0.0	0.0	0.0	0.0	0.0	0.0	0.0	0.0	0.0	0.0	0.0	0.0	0.0	0.0	0.0	0.0	0.0	0.0	0.0	0.0	0.0	0.0	0.0	0.0	0.0	0.0	0.0
G1-12	0.0830831346777911	-0.0678903555380547	-0.010297197224556045	0.03389587840653932	-0.005062517847717423	0.004980043562676368	-0.014050224260961065	0.006376578731314715	4.56538229125329e-05	0.007010762616471199	0.0050331616194605475	-0.0030656640719987044	0.004480631171621291	-0.0009417658072641566	-0.005667793446364028	-0.0030358677591112108	-0.0006747855049073453	-0.0029254236318139444	9.156837990457893e-06	-0.0003444254083043515	-0.00010237107037639358	0.0003894584125107587	0.0003217153058078332	9.029555584289114e-05	0.0001635001947033388	0.0	0.0	0.0	0.0	0.0	0.0	0.0	0.0	0.0	0.0	0.0	0.0	0.0	0.0	0.0	0.0	0.0	0.0	0.0	0.0	0.0	0.0	0.0	0.0	0.0	0.0	0.0	0.0	0.0
G1-13	-0.016397400595724674	0.1305434210340213	-0.011230088283913883	-0.0456801654880802	0.029725676372806813	0.023223835507052627	0.004632696302602134	0.002634824575026971	0.007891330050540362	0.0010261643312415329	-0.0017451832654424829	0.001405702817319146	-0.0025477106324668817	0.0007858417118857678	-0.0008931020565785331	0.0006187335648909696	-0.0004178033951499133	-0.0003690548431644052	0.0003577861234742867	-0.000494066231474148	-9.046881385523231e-05	1.7445373599378064e-05	-7.317897724130688e-05	7.671123027564832e-06	-5.2418233169141965e-06	0.0	0.0	0.0	0.0	0.0	0.0	0.0	0.0	0.0	0.0	0.0	0.0	0.0	0.0	0.0	0.0	0.0	0.0	0.0	0.0	0.0	0.0	0.0	0.0	0.0	0.0	0.0	0.0	0.0
G1-130	0.1600004684328956	0.1923311558156771	-0.010241150965007741	0.03457237520972815	-0.004676140225212657	1.8497976559270863e-05	-0.0027581395849240356	-0.002815148113949246	-0.0014480705325050293	-0.005175730564482646	-0.0007143158983266187	-0.0046395078168529795	0.0026965116452564303	-0.002182829667235148	-0.0017776312699214144	0.006875773337847786	-0.0007656649869909367	-2.0162181372398402e-06	0.0006920073508850579	0.0013600268639779652	-0.00033927075503604223	0.0007304884025442581	-0.00028268757028035956	-0.0001645892611726464	-5.0522403642467685e-05	0.0	0.0	0.0	0.0	0.0	0.0	0.0	0.0	0.0	0.0	0.0	0.0	0.0	0.0	0.0	0.0	0.0	0.0	0.0	0.0	0.0	0.0	0.0	0.0	0.0	0.0	0.0	0.0	0.0
G1-131	0.15894226647310158	-0.003090861968602846	-0.05145020365146383	-0.008990529181059746	0.003592821035052441	0.007625832493447443	0.009395007524331792	0.0014932909294082728	-0.012474284349920598	-0.005491927330179684	-0.010943509148056687	-0.002377097668711362	-0.0021750259834458214	-0.001452131714847572	-0.0022307224612503583	0.00016631176831703303	-0.0015395341525224443	4.2287995051804466e-05	-0.00016997191942565723	-0.00090944067044233	1.5383217636625364e-05	-0.00019704412680189337	-0.0002572885385726054	0.00011212374081796277	-8.351528222240577e-06	0.0	0.0	0.0	0.0	0.0	0.0	0.0	0.0	0.0	0.0	0.0	0.0	0.0	0.0	0.0	0.0	0.0	0.0	0.0	0.0	0.0	0.0	0.0	0.0	0.0	0.0	0.0	0.0	0.0
G1-132	0.16404796784223083	0.19749344676241867	-0.004158518572120063	0.029004606943860586	3.263618138938174e-05	0.005623068179887932	0.001712695754988252	0.002127778918877546	0.0037818020403834955	0.003268072542724954	-0.0006072583722870293	0.003624547481191634	-0.002441932376101035	0.001364767622904075	0.0026239106563281252	-0.007399581447219541	0.0005548909276222862	6.965591837861392e-06	-0.0009826193856632473	-0.0010844392454461553	0.0004017312545144448	-0.0007095845473341443	0.00037827973436379224	0.00012851548411361448	0.0001013893926644419	0.0	0.0	0.0	0.0	0.0	0.0	0.0	0.0	0.0	0.0	0.0	0.0	0.0	0.0	0.0	0.0	0.0	0.0	0.0	0.0	0.0	0.0	0.0	0.0	0.0	0.0	0.0	0.0	0.0
G1-135	0.09631555766876798	-0.03322978403698701	0.0887854762912628	0.03920964091228326	0.0319175411292235	-0.035617379022923834	0.004126598048530999	-0.006266286749931565	-0.0029544794247827397	-0.0001236952342773515	-0.0010882803962378913	0.0013272776417878327	0.0009401394252794355	0.0016627824740205448	-0.0014093280620306457	-4.434440181648271e-05	-0.0005118924830241055	-0.000313778311199824	0.00041473331298852537	-0.0002497047396984473	-0.00015747039223259918	4.939727209605698e-06	-2.7703723491102127e-05	4.217576698750402e-06	-1.7580873097039587e-05	0.0	0.0	0.0	0.0	0.0	0.0	0.0	0.0	0.0	0.0	0.0	0.0	0.0	0.0	0.0	0.0	0.0	0.0	0.0	0.0	0.0	0.0	0.0	0.0	0.0	0.0	0.0	0.0	0.0
G1-136	0.04269572728272437	-0.024068491127951556	0.005165101118162156	-0.02503368196230604	-0.008539463165638498	-0.0015663955976533274	-0.01078816752121609	0.008433079190589462	-0.008788816515944287	0.007648801649293626	0.016260900057825208	0.005022888436589755	4.71919943753145e-05	0.0027862090658766986	0.0027035802697882557	0.0023525380644369943	-0.0017609838623216627	0.0012289524864106402	-0.000969605693248447	-0.0007327711470030857	-0.0001076258568019843	0.00014796833609790404	0.00028086414496688385	-0.00029396067702377223	0.00011379795018233075	0.0	0.0	0.0	0.0	0.0	0.0	0.0	0.0	0.0	0.0	0.0	0.0	0.0	0.0	0.0	0.0	0.0	0.0	0.0	0.0	0.0	0.0	0.0	0.0	0.0	0.0	0.0	0.0	0.0
G1-138	0.1462230597302061	0.020872824378098308	-0.0440585578009629	-0.033219077330600415	0.024645495448869913	-0.010371708787035678	0.007365645256936026	-0.00792225014794395	0.00832020559000671	0.009189227798886321	0.011002641360661865	0.0005344713570848265	-0.00016928518066886233	0.0005073347545788358	4.938611134926774e-05	0.0004151334062544279	0.000936880591238791	0.0007235186312749213	0.00018266449595770405	0.0005829061596303499	3.635143452198077e-05	0.0002024122180602426	7.743761391742091e-05	-0.00010738164246411821	-2.5545575286256987e-05	0.0	0.0	0.0	0.0	0.0	0.0	0.0	0.0	0.0	0.0	0.0	0.0	0.0	0.0	0.0	0.0	0.0	0.0	0.0	0.0	0.0	0.0	0.0	0.0	0.0	0.0	0.0	0.0	0.0
G1-14	0.05271125432243789	-0.03988041686368361	0.006511588675385929	-0.020676965334854226	-0.004699796242903027	0.0033681299352069953	0.011365120700874575	-0.0004187036608980679	-0.009394840037838114	-0.00485089396103978	0.007516953889655641	0.0012192527069256982	-0.0073104613137170175	-0.0017823632262467016	0.002978937684285829	0.0002120611229460778	0.002008551342735452	0.0005312778713559449	0.00019103415942410123	0.002316286750994861	0.00025809639283011455	-0.0010209963944069695	0.0004410205424022806	0.0002629598289299346	5.7315829679342505e-05	0.0	0.0	0.0	0.0	0.0	0.0	0.0	0.0	0.0	0.0	0.0	0.0	0.0	0.0	0.0	0.0	0.0	0.0	0.0	0.0	0.0	0.0	0.0	0.0	0.0	0.0	0.0	0.0	0.0
G1-15	0.009217174925936066	0.0002626836584550521	0.053563562374341414	-0.030291328210843464	0.008430120306379164	-0.017009796292627912	-0.016977951628872317	-0.010108938298504185	-0.007401544843654161	0.0020638177978826618	-0.002893781994724144	-0.0050838113047416925	-0.007077395006896643	-0.008815793036899949	0.0011241770118571653	-0.0018834331406950477	-0.00222635434170716	-0.0019813884189074453	-0.0008753296536123031	-0.0006470249720765786	-0.0003521853166080454	-0.0002457680470708036	-0.000160124888108251	-0.00012125056200369443	0.0001005527285234234	0.0	0.0	0.0	0.0	0.0	0.0	0.0	0.0	0.0	0.0	0.0	0.0	0.0	0.0	0.0	0.0	0.0	0.0	0.0	0.0	0.0	0.0	0.0	0.0	0.0	0.0	0.0	0.0	0.0
G1-157	0.05810289839585275	-0.06296319550850922	-0.004519894784342604	0.012426251724566708	-0.014051936221603754	0.01184104881217355	-0.0022132422874444864	0.0037849998962406635	-0.0012355141033238617	0.0035708118390258047	-0.008072430339106467	0.007354718178608565	0.0026917797559551735	-0.0008966281726090527	0.007489236983278731	0.0032888156633030553	-0.0008784811592866032	-0.00046943392476028327	0.0008895240814376674	-0.0008802763653435613	0.00033379527091939766	0.001520553762252779	-0.00024275716811782058	0.0001641392616674842	-4.581188329346708e-05	0.0	0.0	0.0	0.0	0.0	0.0	0.0	0.0	0.0	0.0	0.0	0.0	0.0	0.0	0.0	0.0	0.0	0.0	0.0	0.0	0.0	0.0	0.0	0.0	0.0	0.0	0.0	0.0	0.0
G1-158	-0.06045729141384755	0.003094266743684843	-0.008416098970044174	0.010519152598181447	0.004346676233489185	-0.00010205323714986923	0.01050484638974014	-0.005307257002114	-0.005864121121558687	0.002824359365546163	-0.0010413782042909489	0.004774501767536667	0.0032710264636168426	-0.004646186037033096	0.00037883080795733025	-1.6913620727042495e-05	0.00020183557627353264	0.003213587323863899	0.0018359005927135526	0.0005166431051908937	0.0023120843622516864	9.404738372621952e-05	-0.0009975765360506204	-0.00040493358047626483	-0.00010238255945157477	0.0	0.0	0.0	0.0	0.0	0.0	0.0	0.0	0.0	0.0	0.0	0.0	0.0	0.0	0.0	0.0	0.0	0.0	0.0	0.0	0.0	0.0	0.0	0.0	0.0	0.0	0.0	0.0	0.0
G1-159	-0.018790713600560918	-0.0234494549778988	-0.015329166557137027	-0.008879498776995527	0.010501050754180674	0.00782469807227851	-0.001723993716864786	-0.006191194772186393	0.0017940439247823637	0.0005758501310852911	0.0010797020348854952	0.004752126814592459	0.00019549495164391693	0.00044161168912861237	-0.0017026814291559052	0.0005611279715518839	-0.00045148663083318736	0.00031353572491276587	0.0022624060268892814	0.0005887721847348693	0.0020975967649237235	0.0007383804495497732	0.0016226635130715099	-0.001204970468386873	0.0004899130251308353	0.0	0.0	0.0	0.0	0.0	0.0	0.0	0.0	0.0	0.0	0.0	0.0	0.0	0.0	0.0	0.0	0.0	0.0	0.0	0.0	0.0	0.0	0.0	0.0	0.0	0.0	0.0	0.0	0.0
G1-161	0.0965216588019335	-0.07281744979892593	-0.017163379684443043	0.04276593143483204	-0.0017501095577224439	-0.01395350741139591	-0.010711435283046454	-0.002287743326443265	0.007460324489616128	-0.009476771079766404	0.005355484312406055	0.004535911030968533	-0.0023888864056819444	-0.0006752913611055411	0.0006318689858660221	-0.0018591380416348848	0.0047697533328247286	0.002542906594259458	-0.0006372193339001585	-0.0012030202555320122	-0.00021176365105923483	0.0009803521111671804	-0.0004904222250632099	0.0002053651838717601	0.00010684054648528091	0.0	0.0	0.0	0.0	0.0	0.0	0.0	0.0	0.0	0.0	0.0	0.0	0.0	0.0	0.0	0.0	0.0	0.0	0.0	0.0	0.0	0.0	0.0	0.0	0.0	0.0	0.0	0.0	0.0
G1-162	0.09182341641126217	-0.07469302130081963	-0.01688750618319153	0.04083373531600968	-0.0012812137061738221	-0.012449786840705886	-0.003399238789168267	0.003731165704382274	0.011976445507352088	0.0025003928893397235	-0.0017082909330434143	0.0006866699544307428	0.0017075156727983226	7.532541846775311e-05	0.002656659405046127	0.0034186653469991846	-0.003503133249246335	-0.001356118635633517	-0.0002208307002220653	0.0013199776711816347	0.0004034652078167228	-0.001603539671200283	0.0003775699516841822	-0.000218467084538309	-0.00018118179414121076	0.0	0.0	0.0	0.0	0.0	0.0	0.0	0.0	0.0	0.0	0.0	0.0	0.0	0.0	0.0	0.0	0.0	0.0	0.0	0.0	0.0	0.0	0.0	0.0	0.0	0.0	0.0	0.0	0.0
G1-177	-0.09591652048060682	0.047449256302971136	0.014930220648991346	0.02567716795973135	-0.01900010984276351	0.012084345875305437	-0.004670020944022388	-0.008177378982571828	0.00577784769686166	0.0004375329452266656	0.0032944849134589785	0.005904448470847324	0.004604850570454856	-0.002384486221115294	-0.0040594182220535045	0.0008757824706874197	-0.0020379243325164163	-0.0007451773302805659	-0.0010603745079810739	0.0009423665101220809	-0.0017266184120857562	-0.0009084642197100316	0.00013236110073468142	0.00022329288441141052	0.0001999509487627801	0.0	0.0	0.0	0.0	0.0	0.0	0.0	0.0	0.0	0.0	0.0	0.0	0.0	0.0	0.0	0.0	0.0	0.0	0.0	0.0	0.0	0.0	0.0	0.0	0.0	0.0	0.0	0.0	0.0
G1-178	-0.054891393368919	0.0038460889235802215	-0.006336499273199288	0.010601004021860714	0.0021645241111484664	0.004823767274338507	0.0006235058106236339	0.007430553566072344	-0.0018385281442542514	0.003207809911961328	0.0027852909943960626	0.0011302613334820254	0.007978404264803304	-0.005105791422235214	-3.4146034694619907e-05	-0.003209923647180456	-0.0006842699591643308	-0.00021072915085733226	-0.0018281618586539431	0.0011227244482153304	-0.0021695982415931674	0.0009337568115779823	0.00034779370833585747	0.0007751446837058828	-0.0006433307867906693	0.0	0.0	0.0	0.0	0.0	0.0	0.0	0.0	0.0	0.0	0.0	0.0	0.0	0.0	0.0	0.0	0.0	0.0	0.0	0.0	0.0	0.0	0.0	0.0	0.0	0.0	0.0	0.0	0.0
G1-19	0.051278493972459045	-0.0634192571873843	-0.005083009880194753	-0.0021598760653887216	-0.016229746154426284	0.014150688934665064	0.013104544172093592	-0.003988099045461282	-0.004307785407249477	-0.0028920764585277777	-0.005877418225693636	0.008631801304950414	-0.0006734134475220147	-0.0019111929811084544	-0.00623416854744313	0.0006864787311813905	-0.0009159895871842314	0.0023954013544102027	-0.0012150891989225038	0.0033182564197595113	0.0002058606190626523	-0.0010407656930373692	-7.799272703058745e-05	0.00019601487030830277	0.00014077928346501687	0.0	0.0	0.0	0.0	0.0	0.0	0.0	0.0	0.0	0.0	0.0	0.0	0.0	0.0	0.0	0.0	0.0	0.0	0.0	0.0	0.0	0.0	0.0	0.0	0.0	0.0	0.0	0.0	0.0
G1-193	0.0600969289555636	-0.05961059299840245	-0.00325296405654468	0.01347460170750323	-0.01633700459538417	0.014738809300598402	-0.01020205623399747	0.011445710966652292	-0.004471282908136409	-0.0012493917737695088	-0.002622580006904399	-0.0036697519562077603	-0.0019447209773982427	0.003306859841628176	-0.0007094190849709608	-0.0033150592963191194	-0.00012077043387273948	0.001190243835104714	0.0017172026061226383	0.0008263864299824752	-0.0002983053986321878	-0.0004964576093512212	-0.00045329685186890523	-0.00012921267245317173	-0.0003845585319627326	0.0	0.0	0.0	0.0	0.0	0.0	0.0	0.0	0.0	0.0	0.0	0.0	0.0	0.0	0.0	0.0	0.0	0.0	0.0	0.0	0.0	0.0	0.0	0.0	0.0	0.0	0.0	0.0	0.0
G2-194	-0.015774577918167342	-0.01705839363194432	-0.012989647292522203	-0.008707849042265372	0.004766460506472976	0.008956397399626986	-0.014313219914994018	0.0020669770923156254	0.002536234413272005	-0.003726609382134291	0.007083478531399128	-0.0034297591723080195	-0.0026267849437445353	0.0027116412039167722	-0.002671658807204264	-0.000932619500493269	0.004116426773004845	0.0022956808727123694	0.002130988732823499	0.0015211385161906371	0.00025092963757092205	0.00012717859738811696	1.4983123423392177e-05	0.0005334791284418202	-0.00031264254071579947	0.0	0.0	0.0	0.0	0.0	0.0	0.0	0.0	0.0	0.0	0.0	0.0	0.0	0.0	0.0	0.0	0.0	0.0	0.0	0.0	0.0	0.0	0.0	0.0	0.0	0.0	0.0	0.0	0.0
G2-41	-0.013014474882193396	-0.024566377806158366	-0.01320103561452925	-0.008905527987165943	0.007164328816517341	0.006863329647675872	-0.00570160420026148	-0.003864761204497358	0.0037923628598555497	0.004236204832279446	-0.0003052277518737003	0.002975583710271697	0.0011890655472063599	-0.0014322655040081135	0.0015228040358465306	0.0025182547933329906	0.0028377026840712477	0.004477105533748858	-0.0014160995257324574	-0.0015443137814472175	-0.0029326718845538815	-0.0014978998612827379	0.00025194459650480273	0.00014078062625949177	-0.00041167590102486536	0.0	0.0	0.0	0.0	0.0	0.0	0.0	0.0	0.0	0.0	0.0	0.0	0.0	0.0	0.0	0.0	0.0	0.0	0.0	0.0	0.0	0.0	0.0	0.0	0.0	0.0	0.0	0.0	0.0
G2-410	-0.05847536295643262	-0.0046337715888593615	-0.01539905237083079	0.0012562449449196019	0.004269321612735061	-0.011357728068857771	0.02017993850618045	0.004565277574994481	-0.00012477785486645463	-0.00503169331517633	0.001912090750399439	-0.004949511678395976	0.0026125523354592777	-0.002655893964217786	0.00021922382973255507	-0.0021617974596816352	0.00023336293357242285	0.00016833042870590168	-0.0007995413213608558	0.000720799915219586	-0.0002969308206526917	0.00014607395183927605	0.002299188930780955	0.00111285060782772	0.0010218790382388794	0.0	0.0	0.0	0.0	0.0	0.0	0.0	0.0	0.0	0.0	0.0	0.0	0.0	0.0	0.0	0.0	0.0	0.0	0.0	0.0	0.0	0.0	0.0	0.0	0.0	0.0	0.0	0.0	0.0
G2-411	-0.029252623301202804	-0.02142080823411794	-0.019002212581614723	-0.012365528082374852	0.009460684001199099	-0.002570123467668563	0.004039267199890049	0.006804010164228339	0.0131643248366513	-0.007252543273212834	-0.0007160620899510955	0.0018915900882030016	-0.0037193325632861765	0.0051186313578782784	-0.0003000971693019635	0.0032268841458566655	-0.003166435315237248	-0.0009326924257531912	0.002582088293622166	3.3597562321924244e-05	-0.0013778907320078026	0.00027550108172691434	0.0006953389423435109	0.0005097939178233575	0.0004349673327684298	0.0	0.0	0.0	0.0	0.0	0.0	0.0	0.0	0.0	0.0	0.0	0.0	0.0	0.0	0.0	0.0	0.0	0.0	0.0	0.0	0.0	0.0	0.0	0.0	0.0	0.0	0.0	0.0	0.0
G2-412	-0.04245127683832092	-0.014133554743626063	-0.01796768423920709	-0.0060681201800011075	0.0072029755365478785	-0.006630909915249038	0.010900433141191969	0.007141810114951087	0.006204406962927531	-0.00870160640544525	0.0020015879151941284	0.000479638278063515	-0.0013093885914280106	0.0012872569911499163	-0.0015620941418504541	6.28444049429974e-08	0.0009923526226800915	-0.0019464975584348935	-0.004154724908079187	0.0011052496604857852	0.000538291566401282	-0.0009160944924130701	-0.0009205679035596855	-0.000939703074410917	-0.0008286701240821784	0.0	0.0	0.0	0.0	0.0	0.0	0.0	0.0	0.0	0.0	0.0	0.0	0.0	0.0	0.0	0.0	0.0	0.0	0.0	0.0	0.0	0.0	0.0	0.0	0.0	0.0	0.0	0.0	0.0
G2-413	0.06119513776836319	-0.0700823207958916	-0.0084353341753374	0.004943048884268531	-0.012445797088813583	0.011901442633067374	0.015415511982633214	-0.00542722697558167	-0.004059884999075142	-0.0027609836079242563	-0.0016010359804774306	-0.007450584560677084	0.0017852937520636822	0.0052109956051020175	0.005587044939627729	-0.0014811977674278826	0.0014950161668988312	-0.0021524952369619153	0.0007855391101790477	0.00015003247102199095	-0.0005532756188826267	0.0008040962719816405	0.0005824043140612858	-0.00023108434023133648	0.00017724303290158795	0.0	0.0	0.0	0.0	0.0	0.0	0.0	0.0	0.0	0.0	0.0	0.0	0.0	0.0	0.0	0.0	0.0	0.0	0.0	0.0	0.0	0.0	0.0	0.0	0.0	0.0	0.0	0.0	0.0
G2-414	-0.07008281897892021	0.014760392772488432	-0.0019404291231282518	0.016636937534884495	-0.0004051763884189943	-0.003216058109412288	0.0063958270229078195	-0.009896557727532411	-0.0048614129223296864	0.004347345954869529	-0.002263931958325769	-0.0019645349923998147	-0.002594220597573991	0.005192411449577695	0.00474193698209979	0.0018476355032818574	-0.0014531901194389163	0.0021699504742749443	-0.0022369094115518985	-0.00102209391412055	-0.0033924501436753134	0.00018736622404822914	0.00039580385408091506	-0.0008194789755790072	4.179551055424371e-05	0.0	0.0	0.0	0.0	0.0	0.0	0.0	0.0	0.0	0.0	0.0	0.0	0.0	0.0	0.0	0.0	0.0	0.0	0.0	0.0	0.0	0.0	0.0	0.0	0.0	0.0	0.0	0.0	0.0
G2-415	0.045835402210725996	-0.011032795520753607	0.09373508399242882	-0.012522420412954186	-0.008523502133136069	0.011408747957943539	0.0012408035936684837	0.0012896217045776266	-0.0005333917882039655	-0.008365637047704488	0.006766069480093185	-0.007070822407785433	0.002153878214413741	0.00030970472510094213	-0.0011071896781933745	0.007049498231526329	0.0006621218739206446	0.0009776206525111888	0.00035656036697383306	0.0009133038328739832	0.0003217363436578592	0.00013272424433995303	-9.188606358481532e-05	9.488244142725397e-05	-7.173044965310969e-05	0.0	0.0	0.0	0.0	0.0	0.0	0.0	0.0	0.0	0.0	0.0	0.0	0.0	0.0	0.0	0.0	0.0	0.0	0.0	0.0	0.0	0.0	0.0	0.0	0.0	0.0	0.0	0.0	0.0
G2-416	0.051443477777644755	-0.02006001340186348	0.11428858758366037	-0.01618559971379852	6.578019845977398e-06	0.028962587855713852	0.00687086170177038	0.009413975970427289	0.004303853370332718	0.0028696012805934927	-0.006995161442447926	0.007781104322811954	-0.002142853831338554	0.0005247256965082386	0.0010915741593172732	-0.004273600111427889	0.00031594176308327563	-0.000322917024623134	-0.00044714661200632945	-0.0005798687488490118	-0.000184591598061652	-5.707984970196662e-06	0.00019884203931450845	-9.79232951296875e-05	6.830370719177819e-05	0.0	0.0	0.0	0.0	0.0	0.0	0.0	0.0	0.0	0.0	0.0	0.0	0.0	0.0	0.0	0.0	0.0	0.0	0.0	0.0	0.0	0.0	0.0	0.0	0.0	0.0	0.0	0.0	0.0
G3-417	-0.05625545700047641	0.027774700950386276	0.04770365021751368	-0.0026604259086802015	0.019268063116840844	-0.005873606595565998	0.00870721564935523	0.012007613289504584	0.0021100510415993554	-0.00626467730869754	0.005542314934702622	-0.0011307021708623472	0.005518549183229705	-0.0024684936276200163	-0.000928511259363711	-0.0013305118299442122	-0.0007075118307340111	0.00035293745391367894	-2.445461678629101e-05	-0.00016262926461405145	0.0004156442437313721	0.0005267923390150315	-0.00013864968256436795	1.3210384008781092e-05	-0.0001393206910388345	0.0	0.0	0.0	0.0	0.0	0.0	0.0	0.0	0.0	0.0	0.0	0.0	0.0	0.0	0.0	0.0	0.0	0.0	0.0	0.0	0.0	0.0	0.0	0.0	0.0	0.0	0.0	0.0	0.0
G3-418	-0.015798272218630297	-0.008205339322582295	0.02845517073507878	-0.01610926340836151	0.023230450962681615	-0.008258492468106044	-0.004010461380084422	0.00208027101979627	0.0014805344363619049	0.012251365635044519	-0.008773027539875264	-0.0029859705305200555	0.0016690045758132109	0.006257810885401636	-0.001977783745568956	0.003714005103410987	0.004715256324204399	0.0003133604816975608	0.0007956891192966637	-0.0001569030292647047	-5.733880617743406e-05	-0.0002621335029532559	-0.00010636766108279303	0.00018236651063586846	3.851582806374071e-05	0.0	0.0	0.0	0.0	0.0	0.0	0.0	0.0	0.0	0.0	0.0	0.0	0.0	0.0	0.0	0.0	0.0	0.0	0.0	0.0	0.0	0.0	0.0	0.0	0.0	0.0	0.0	0.0	0.0
G3-419	0.0356318434907386	-0.0542687041976763	-0.007724252869607614	-0.014218366541454945	-0.017791061131472156	0.0050896283712821245	0.009583963981297098	-0.010010756559751513	-0.003037667162928673	-0.003990151309599006	-0.00011112522559720866	-0.0058954200606260235	0.00041322844905350724	-0.00012858554223765662	-0.006307894118081691	0.0026013398319320595	-0.0015463802910519494	-0.0004166560279315872	-0.0013315147294314458	-0.00591557205329289	0.00027804183048764483	1.3794480909158237e-05	0.000215239940806919	-0.0002283033202093829	1.72557000747505e-05	0.0	0.0	0.0	0.0	0.0	0.0	0.0	0.0	0.0	0.0	0.0	0.0	0.0	0.0	0.0	0.0	0.0	0.0	0.0	0.0	0.0	0.0	0.0	0.0	0.0	0.0	0.0	0.0	0.0
G3-42	-0.01666171767220597	-0.022303118221357866	-0.013387060116541134	-0.007812346497903026	0.006713104610082276	0.009831197924740723	-0.008995217399587783	0.0006023777926862976	0.0048217928588181235	0.004312621085087531	0.0012292649167009592	0.0008149789665311039	0.001972003682687693	0.001487462997279111	0.0004427673252217444	-0.0003869487918510776	-0.0009419078076758397	-0.000978582769968228	-0.002636759442281002	0.0006939894645638339	0.00028018970656368774	-7.220658969540964e-05	-0.0011644165744645514	-0.0006235640465771527	0.0018418318030401953	0.0	0.0	0.0	0.0	0.0	0.0	0.0	0.0	0.0	0.0	0.0	0.0	0.0	0.0	0.0	0.0	0.0	0.0	0.0	0.0	0.0	0.0	0.0	0.0	0.0	0.0	0.0	0.0	0.0
G3-420	-0.06180249780272112	0.008146105687865867	-0.0055370861642294105	0.013825348543648081	0.0005598577918791549	-0.00028262111105217374	0.0034151299251492214	-0.0007414205248338355	-0.002581954454255756	0.004726118077399972	-0.00027943724783154327	-0.003542182954866058	0.0017788511209116875	0.0007771006220100788	0.003569236260541819	0.0016779444815533796	0.0009582972987133707	4.141805851586667e-05	-0.0006325708536441251	-0.002314023565493883	0.0026475261139489456	-0.0006969800193400727	-0.0012624626562696723	0.0019384591154091879	0.0007363203608164213	0.0	0.0	0.0	0.0	0.0	0.0	0.0	0.0	0.0	0.0	0.0	0.0	0.0	0.0	0.0	0.0	0.0	0.0	0.0	0.0	0.0	0.0	0.0	0.0	0.0	0.0	0.0	0.0	0.0
G3-421	-0.022145948883236975	-0.0010879521919206978	-0.015521772264352088	-0.015617303629382942	0.006148078073982422	-0.003988604255971035	-0.004273461692956003	-0.004302995323861333	-0.006554427601991256	-0.012849376740192299	0.00030069316231494153	0.00814276336260375	0.00539569900913506	0.004738866064429204	-0.000439158563508641	-0.0014661752697076244	0.008257876567646977	-0.005524548526641192	-0.0008773710206388295	-0.0010399472100081372	-0.00024205216228284502	-0.0006378439847926738	-0.0005188787219623257	-0.00015467507488536975	0.00017225207247939785	0.0	0.0	0.0	0.0	0.0	0.0	0.0	0.0	0.0	0.0	0.0	0.0	0.0	0.0	0.0	0.0	0.0	0.0	0.0	0.0	0.0	0.0	0.0	0.0	0.0	0.0	0.0	0.0	0.0
G3-422	-0.06903623607833309	0.014799907903880688	-0.0019009525738451114	0.017326278127909753	-0.0028137549227013796	-0.001248405158488251	0.0005394663498668327	-0.003851394834679569	-0.002211860672763606	0.0062864571184837684	-0.002357496351798734	-0.003418552560528343	-0.0011848936685089483	0.0031404901048159364	0.0002695939725655291	0.0013003234928464808	-0.0018232661539282688	-0.0028633877839949196	-0.0020495635814065365	0.000646590693911722	0.0019528911092847581	-0.0021415403855832627	0.000882685524736881	-0.00023161801985378174	-0.0008441324462031866	0.0	0.0	0.0	0.0	0.0	0.0	0.0	0.0	0.0	0.0	0.0	0.0	0.0	0.0	0.0	0.0	0.0	0.0	0.0	0.0	0.0	0.0	0.0	0.0	0.0	0.0	0.0	0.0	0.0
G3-423	-0.02810008172181433	-0.0173852465847147	-0.0053413023035521826	-0.019981839958236748	0.02118299063980896	0.0027508985558557498	-0.024255452372799465	-0.017091465676904807	0.004040157731867562	-0.017163935403794957	-0.00824353134708635	-0.003029318030592633	0.005626898366472585	0.002004541923072524	0.0026564691653054497	-0.0035691980781901223	-0.005152722413995974	0.0024755850976030495	-0.0007942084497091571	0.0015755670098003684	0.0006998813072953565	0.0003897214640817676	0.00038727776677683197	-1.4872214192556144e-05	4.80279268249609e-05	0.0	0.0	0.0	0.0	0.0	0.0	0.0	0.0	0.0	0.0	0.0	0.0	0.0	0.0	0.0	0.0	0.0	0.0	0.0	0.0	0.0	0.0	0.0	0.0	0.0	0.0	0.0	0.0	0.0
G3-424	0.028118433958784824	-0.04317053334583547	-0.0016630471583768743	-0.026011453716625804	-0.00882951489306304	-0.004378075891018915	0.01388629315730284	-0.013835510882356692	0.006799966437109318	0.00818858646076621	0.0036876010827032145	-0.007180085796843021	0.004988074871116777	0.001512232031280689	0.0002126187178474598	-0.006066575535652292	-0.0026073432656376202	0.0014668891615523922	0.0002846547677743501	0.0006375948823733239	0.0004166668630002684	0.00020859762222736605	-0.0009410493315188555	0.00017020555725389395	-0.0002827298867674456	0.0	0.0	0.0	0.0	0.0	0.0	0.0	0.0	0.0	0.0	0.0	0.0	0.0	0.0	0.0	0.0	0.0	0.0	0.0	0.0	0.0	0.0	0.0	0.0	0.0	0.0	0.0	0.0	0.0
G3-425	-0.04590306959020162	0.0325316629060028	-0.010581305856621592	-0.001317486803392673	0.00022686079484819153	-0.009958258303203214	-0.0029354982871636136	0.009459417545289202	-0.021464808990320865	-0.0024525137904221088	0.003362141884802992	-0.00037253829236666067	-0.004529709261033596	0.0022677672869863023	0.00042044737653757397	-0.000896004745511218	-0.0016497763198804363	0.0031760139348633123	-0.0028744442080295357	0.0005862025715663715	0.0011151722791994613	0.00100410642435389	-0.00041237566004376415	-0.00012618999985936866	-8.516111599269302e-05	0.0	0.0	0.0	0.0	0.0	0.0	0.0	0.0	0.0	0.0	0.0	0.0	0.0	0.0	0.0	0.0	0.0	0.0	0.0	0.0	0.0	0.0	0.0	0.0	0.0	0.0	0.0	0.0	0.0
G3-426	-0.026516327372195846	0.013245100242152768	-0.016269422740488173	-0.010535317214145011	0.006336014541024139	0.0014619360505801235	-0.0074810276962904544	0.012224547267985013	-0.01123879903601672	-0.004972142223962251	0.006067762815345594	0.0003655111173823504	-0.0017681832901923064	-0.0011790410651241617	0.0021821288597749467	0.0010411850016358922	-0.005545542838946649	-0.0036861082321131503	0.0014740430441793748	-0.0004974317930772365	-0.0007820986860372595	-0.0006124460691526012	0.00012524597442399476	0.0001599173939689614	0.00015731004116252922	0.0	0.0	0.0	0.0	0.0	0.0	0.0	0.0	0.0	0.0	0.0	0.0	0.0	0.0	0.0	0.0	0.0	0.0	0.0	0.0	0.0	0.0	0.0	0.0	0.0	0.0	0.0	0.0	0.0
G3-427	-0.06975105806096227	0.018251075956755562	0.00011353751182691528	0.017834711379695112	-0.004080428229094277	-0.001109015772322954	-0.0025273272450401178	-0.0028119370515880043	-0.004773131736330733	0.0023589708149830634	-0.00033053648580441	-0.004037423721734426	-0.003998073352711629	0.0032096973481603236	-0.004036573655138551	-0.003727189070329449	0.0005936220291476377	0.0006327439819295969	0.0021776473040063114	-0.0015000996123154923	-0.001090598647354344	-0.00045197485191473684	0.0005928189297584176	0.0003116114210090462	-0.0003688466045351482	0.0	0.0	0.0	0.0	0.0	0.0	0.0	0.0	0.0	0.0	0.0	0.0	0.0	0.0	0.0	0.0	0.0	0.0	0.0	0.0	0.0	0.0	0.0	0.0	0.0	0.0	0.0	0.0	0.0
G3-428	-0.0567582654218971	0.00558506742302447	-0.006688098881063573	0.011570366157776513	0.0017366987918681985	0.001971538502378854	0.0016250708049798408	0.004934032608016111	-0.004670936211183303	0.002083457658952196	0.0030202230692941835	-0.003083277784544272	0.002209878625430651	-0.002766052973090771	-0.00047864226583812104	-0.0030702902356944044	0.0009735616479119776	0.0008635585338779784	0.0033948105759945627	-0.002123965743535158	7.961874308274902e-05	-0.000993919325381496	4.2149286542551364e-05	-0.0015775857999595967	0.00013959928800068305	0.0	0.0	0.0	0.0	0.0	0.0	0.0	0.0	0.0	0.0	0.0	0.0	0.0	0.0	0.0	0.0	0.0	0.0	0.0	0.0	0.0	0.0	0.0	0.0	0.0	0.0	0.0	0.0	0.0
G3-429	-0.10461911473888291	0.0570523306071771	0.017632787412038217	0.032779761410402376	-0.017182098567494884	0.024751174227588907	-0.0023328216359669593	-0.00525360338464144	0.01139343317227346	-0.005593875362695386	0.004889280978575225	-0.00914045749681324	-0.0028176108304882193	-0.0017605405259109952	0.0033451447344768404	0.0009506320139799138	0.0032372227705710554	0.00032111306969554365	-0.0006276243246987702	-0.0006665231076886073	0.000979346744735206	0.0004463694174007067	-0.000207238074220839	-0.00034593303142689996	1.069790387662838e-05	0.0	0.0	0.0	0.0	0.0	0.0	0.0	0.0	0.0	0.0	0.0	0.0	0.0	0.0	0.0	0.0	0.0	0.0	0.0	0.0	0.0	0.0	0.0	0.0	0.0	0.0	0.0	0.0	0.0
G3-43	-0.0246708811567627	-0.018506181507529453	-0.01463328601207291	-0.006528772941065338	0.011346803272300303	0.009273430695235601	0.0004569558434310909	-0.0030763047772973348	0.0031442985249801117	-0.0017085246399705003	0.0018507312176575424	0.005512112676080904	-0.0028796082132554086	0.0008393397446042787	-0.002462502877052568	0.0003971084951793741	-0.005093505977894945	-0.0007643209951536544	0.0010141406477347508	-0.002531209959189455	-0.000755155893280295	0.0011182672697304915	-0.0016526329086457522	0.0007262656213782026	-0.0005571344013719408	0.0	0.0	0.0	0.0	0.0	0.0	0.0	0.0	0.0	0.0	0.0	0.0	0.0	0.0	0.0	0.0	0.0	0.0	0.0	0.0	0.0	0.0	0.0	0.0	0.0	0.0	0.0	0.0	0.0
G3-430	-0.0696745550572337	0.015909977026294264	-0.0012375844056634314	0.017589638522862633	-0.0031563051324560044	4.0181159933545086e-05	-0.0010331367639911844	-0.0012178709815593239	-0.00501314433660657	0.0066797974733989705	-0.0016604595479791176	-0.004078058802133099	-0.0018315952121141083	0.004386570883288112	-0.0008536731515979601	-0.0007420039631245208	-0.0014219534576553328	-0.0010620760965145712	0.00209727708082602	0.00359690411021459	-0.0009222532995563304	-0.001071311696254255	-0.001467772040322586	9.165364921445764e-05	0.0005810659690763052	0.0	0.0	0.0	0.0	0.0	0.0	0.0	0.0	0.0	0.0	0.0	0.0	0.0	0.0	0.0	0.0	0.0	0.0	0.0	0.0	0.0	0.0	0.0	0.0	0.0	0.0	0.0	0.0	0.0
G3-44	-0.015377999264884586	-0.024185406823053673	-0.014194350016861753	-0.008215584352177561	0.006580275293297761	0.008998869450660828	-0.007750342431447672	-0.0006631019880572113	0.004215973703539485	0.005863824442061161	0.0006775659736854889	0.0012696793037564908	0.0012159277022271682	0.00013583692272555573	0.0017204520274241703	0.0011404328759368697	-0.0001898055872361436	-0.0010172559799904645	-0.0004013944322202787	-0.00010341162371213399	0.0022222782718838235	-0.00027272198221830974	0.0009956583616926727	0.0005209266686948571	-0.0015425132879470077	0.0	0.0	0.0	0.0	0.0	0.0	0.0	0.0	0.0	0.0	0.0	0.0	0.0	0.0	0.0	0.0	0.0	0.0	0.0	0.0	0.0	0.0	0.0	0.0	0.0	0.0	0.0	0.0	0.0
G3-45	-0.07985043168005339	0.03193723978572863	0.00556734237549964	0.01665573506441696	-0.010022775746021595	-0.007382869986173477	-0.0006587734249281273	-0.019276227828517754	-0.006780503427949294	-0.002492417742801496	0.0015667619475481672	0.01154608507540264	-0.004872973009256938	-0.0024355112940617676	0.0014459036391832902	0.0002702334444434925	0.0009042689053733347	-0.0011997791210406324	0.0025445012672160264	-0.0002985461342631501	0.0003194372611003592	-0.00046633722520504053	0.0005383004883962272	0.0004011332570180847	-5.663469287694567e-05	0.0	0.0	0.0	0.0	0.0	0.0	0.0	0.0	0.0	0.0	0.0	0.0	0.0	0.0	0.0	0.0	0.0	0.0	0.0	0.0	0.0	0.0	0.0	0.0	0.0	0.0	0.0	0.0	0.0
G3-46	-0.06782665391800864	0.012818673060378746	-0.002425594619042575	0.015860394764622223	-0.0024281799380773276	0.0009327243954067644	-0.0009062165340040354	-0.0007858861466232954	-0.003654262243920098	0.009438904128347508	-0.0023245699413641193	0.0034778705410039214	-0.00012213570115013982	0.0008529391641942114	-0.003350698022627155	0.0011011987832984847	4.616446988015206e-05	-0.0008597211460019728	-0.001450475439813538	0.00037648040395443924	0.0009195899965308954	0.0038234750020141213	0.000774636765502237	-0.0003402637643758764	0.0002015057132457485	0.0	0.0	0.0	0.0	0.0	0.0	0.0	0.0	0.0	0.0	0.0	0.0	0.0	0.0	0.0	0.0	0.0	0.0	0.0	0.0	0.0	0.0	0.0	0.0	0.0	0.0	0.0	0.0	0.0
G3-47	-0.06393970292498133	0.0036211555027134434	-0.008828317334277578	0.006773112487621014	-0.0025133391546425204	-0.014875049422308243	0.00407068564049046	0.012384613017133077	0.006993045974002116	-0.0010029701864965217	-0.0024639897865382184	0.004098130512315804	0.003488491787445951	-0.0028824313214222126	0.000130171881048984	0.0013037305974684815	-0.001354478772382266	0.002887381598108348	0.0008945638394628213	-0.0020307325057044292	0.0006081161827220087	-0.0019722300193851907	-0.00011731434004563634	-0.0003835994270573236	0.0005220164679797214	0.0	0.0	0.0	0.0	0.0	0.0	0.0	0.0	0.0	0.0	0.0	0.0	0.0	0.0	0.0	0.0	0.0	0.0	0.0	0.0	0.0	0.0	0.0	0.0	0.0	0.0	0.0	0.0	0.0
G3-48	-0.06161703972950827	-0.0014777257563745958	-0.012865539527695915	0.004681421387792546	0.0023168690513547022	-0.012897354252851441	0.014921093517024689	0.005274498051557589	0.002967606553567773	-0.003717462510362505	-0.00187284433104339	-0.0006627590635964998	0.002110475619582509	-0.002760466263533769	0.0031925051779921887	-0.0004808917948665336	0.00011436821067717997	-0.0016315660389873536	0.0020800194073132545	0.0008173949192062961	-0.0011100771141377955	0.0015401062877656406	-0.0010783196491515777	-0.0005355860244052703	-0.0008457171287524813	0.0	0.0	0.0	0.0	0.0	0.0	0.0	0.0	0.0	0.0	0.0	0.0	0.0	0.0	0.0	0.0	0.0	0.0	0.0	0.0	0.0	0.0	0.0	0.0	0.0	0.0	0.0	0.0	0.0
G3-49	0.02131885054775314	0.08427796293901862	0.015126873121602366	-0.06678363275770063	-0.062467504600317116	-0.032009455597391025	-0.005252228558202167	-0.0004909346380938792	0.0056855757946386596	0.0006105410383754782	-0.0019246293327899468	0.0027999826030800814	0.004850986175372129	0.0030108352899776707	-6.319468008568891e-05	-0.0007741820543823374	-3.351499708264665e-05	-0.0002850760630283384	0.0008180953876855295	0.00033818771499212556	4.05438704394112e-05	0.00024264789009878957	-4.1732172756859626e-05	3.405571818466026e-05	-8.706701645295816e-05	0.0	0.0	0.0	0.0	0.0	0.0	0.0	0.0	0.0	0.0	0.0	0.0	0.0	0.0	0.0	0.0	0.0	0.0	0.0	0.0	0.0	0.0	0.0	0.0	0.0	0.0	0.0	0.0	0.0

Biplot	0	0

Site constraints	0	0
