Eigvals	106
1.126560757555378	0.6649385681839638	0.588671886629713	0.35733361867873814	0.28484325495866814	0.21218047469142093	0.15826964856788994	0.1025688614661924	0.09206566950600595	0.06911033956573548	0.036597369147262415	0.03348380739203055	0.030844334641472015	0.021999089550997886	0.018672388679154023	0.01609423647062319	0.012785183439205566	0.009587381624165559	0.004046042667145033	0.002006760323014528	0.0018390189407532231	0.0014978564288501695	0.000932789155486724	0.0005813533285118593	0.0005374542699890564	0.00011175931642121921	1.2532330131067877e-05	0.0	0.0	0.0	0.0	0.0	0.0	0.0	0.0	0.0	0.0	0.0	0.0	0.0	0.0	0.0	0.0	0.0	0.0	0.0	0.0	0.0	0.0	0.0	0.0	0.0	0.0	0.0	0.0	0.0	0.0	0.0	0.0	0.0	0.0	0.0	0.0	0.0	0.0	0.0	0.0	0.0	0.0	0.0	0.0	0.0	0.0	0.0	0.0	0.0	0.0	0.0	0.0	0.0	0.0	0.0	0.0	0.0	0.0	0.0	0.0	0.0	0.0	0.0	0.0	0.0	0.0	0.0	0.0	0.0	0.0	0.0	0.0	0.0	0.0	0.0	0.0	0.0	0.0	0.0

Proportion explained	106
0.29275215075461825	0.17279333995084842	0.152974404393059	0.0928580058408336	0.07402039788608301	0.05513798514413093	0.041128522990602885	0.026653915106930458	0.02392451767717661	0.017959262659880553	0.009510324638922209	0.008701223226292323	0.008015320296155653	0.005716762933118143	0.0048522744191893405	0.004182306466765729	0.0033224039844435716	0.002491411645360639	0.0010514192731353284	0.0005214839915837001	0.000477894109637066	0.00038923838605834244	0.00024239796179470504	0.0001510725774254007	0.00013966480939117497	2.904217995323661e-05	3.256696609775774e-06	0.0	0.0	0.0	0.0	0.0	0.0	0.0	0.0	0.0	0.0	0.0	0.0	0.0	0.0	0.0	0.0	0.0	0.0	0.0	0.0	0.0	0.0	0.0	0.0	0.0	0.0	0.0	0.0	0.0	0.0	0.0	0.0	0.0	0.0	0.0	0.0	0.0	0.0	0.0	0.0	0.0	0.0	0.0	0.0	0.0	0.0	0.0	0.0	0.0	0.0	0.0	0.0	0.0	0.0	0.0	0.0	0.0	0.0	0.0	0.0	0.0	0.0	0.0	0.0	0.0	0.0	0.0	0.0	0.0	0.0	0.0	0.0	0.0	0.0	0.0	0.0	0.0	0.0	0.0

Species	0	0

Site	106	106
G1-11	-0.051647492255629625	0.002740696421588166	-0.06233820447585863	0.0339863409239792	0.013307193603837997	-0.02740650664730806	-0.007621726972647805	-0.02547199363037706	0.019115497509788606	-0.0004054889882160401	-0.010117686380420678	0.008030289970683367	-0.019021818267744437	-0.0027870724105333224	0.005216114014380264	-0.0075468567244984415	-0.005405169682698427	0.0012181659373756294	0.006897150450015641	-0.002640723601782036	0.0005289134786220276	-0.00017621586179674328	-0.002938791002016395	-0.002046357425297863	-0.0001950734866581955	0.000943176303389714	4.0754859613640594e-05	0.0	0.0	0.0	0.0	0.0	0.0	0.0	0.0	0.0	0.0	0.0	0.0	0.0	0.0	0.0	0.0	0.0	0.0	0.0	0.0	0.0	0.0	0.0	0.0	-0.0	0.0	0.0	0.0	0.0	0.0	0.0	0.0	0.0	0.0	0.0	0.0	0.0	0.0	0.0	0.0	0.0	0.0	0.0	0.0	0.0	0.0	0.0	0.0	0.0	0.0	0.0	0.0	0.0	0.0	0.0	0.0	0.0	0.0	0.0	0.0	0.0	0.0	0.0	0.0	0.0	0.0	0.0	0.0	0.0	0.0	0.0	0.0	0.0	0.0	0.0	0.0	0.0	0.0	0.0
G1-12	-0.06324330701346259	0.03798771752089688	0.005322006369367597	-0.027200964742284516	-0.026888714080769094	-0.0005755957398072542	0.0038807981534254195	-0.010420910443065914	0.008222333932896666	-0.01220511573559614	0.0320061039053693	0.02038160004985659	-0.02103151895384698	0.018757816814645414	-0.0197682027323489	0.004600189491111036	-0.01986680048327545	-0.01678077953148861	0.008002238094874424	0.009587372731547545	-0.013694711409193604	-0.004600415600702202	-0.004402851243452548	-0.007701418369863839	-0.0019727752782915365	-0.0017855467330351949	-1.97502251423949e-05	0.0	0.0	-0.0	-0.0	-0.0	-0.0	-0.0	0.0	-0.0	-0.0	0.0	0.0	-0.0	-0.0	-0.0	0.0	0.0	0.0	0.0	0.0	0.0	0.0	0.0	0.0	-0.0	0.0	-0.0	0.0	-0.0	-0.0	0.0	0.0	0.0	0.0	0.0	0.0	0.0	0.0	0.0	0.0	0.0	0.0	0.0	0.0	0.0	0.0	0.0	0.0	0.0	0.0	0.0	0.0	0.0	0.0	0.0	0.0	0.0	0.0	0.0	0.0	0.0	0.0	0.0	0.0	0.0	0.0	0.0	0.0	0.0	0.0	0.0	0.0	0.0	0.0	0.0	0.0	0.0	0.0	0.0
G1-13	0.03836939160089627	0.01147623143261618	-0.15770766143936182	0.032069132487816586	-0.15014457409269238	0.0021252160374617742	-0.03714581853175878	-0.033453662729807467	0.051769753405550865	0.004018139729522113	0.010328419610710928	-0.027382124799037445	-0.01222270991150619	-0.016232515455539897	0.012871961329072347	0.003234125968514409	0.01393822664108315	-0.020124510491100898	0.0004086792035123065	-0.0017253606728111614	0.0017991155370418942	-0.0032270063541074375	-0.00025641681627144527	0.0013890619349109347	0.000411563514240539	7.537255993754479e-05	7.591946420586755e-06	0.0	0.0	-0.0	-0.0	-0.0	-0.0	-0.0	0.0	-0.0	-0.0	0.0	0.0	-0.0	-0.0	-0.0	0.0	0.0	0.0	0.0	0.0	0.0	0.0	0.0	0.0	-0.0	0.0	-0.0	0.0	-0.0	-0.0	0.0	0.0	0.0	0.0	0.0	0.0	0.0	0.0	0.0	0.0	0.0	0.0	0.0	0.0	0.0	0.0	0.0	0.0	0.0	0.0	0.0	0.0	0.0	0.0	0.0	0.0	0.0	0.0	0.0	0.0	0.0	0.0	0.0	0.0	0.0	0.0	0.0	0.0	0.0	0.0	0.0	0.0	0.0	0.0	0.0	0.0	0.0	0.0	0.0
G1-130	-0.051214492899499246	-0.00028649634248966766	-0.061349031700139355	0.03454392064312916	0.014719419759243475	-0.02569372676838032	-0.006135786507178759	-0.021920900448836055	0.02047838630173292	-0.005808723376054885	-0.010841351784371994	0.002008150828274504	0.003950403690915747	0.003144423342900266	-0.006995857418467743	-0.0008914243607113685	0.0020092828094767225	0.008991801497062796	-0.002656955788723523	0.0009637375165642217	-0.0013743758130161372	-0.001067885776815621	0.0006521537251293389	0.00011184912829314026	-0.000980240087789006	-0.00039371370952718355	4.772020626231204e-06	-0.0	-0.0	0.0	0.0	0.0	0.0	-0.0	0.0	0.0	0.0	-0.0	-0.0	-0.0	0.0	-0.0	0.0	-0.0	-0.0	0.0	0.0	-0.0	0.0	-0.0	0.0	-0.0	0.0	0.0	-0.0	0.0	0.0	0.0	-0.0	0.0	0.0	0.0	0.0	0.0	0.0	0.0	0.0	0.0	0.0	0.0	0.0	0.0	0.0	0.0	0.0	0.0	0.0	0.0	0.0	0.0	0.0	0.0	0.0	0.0	0.0	0.0	0.0	0.0	0.0	0.0	0.0	0.0	0.0	0.0	0.0	0.0	0.0	0.0	0.0	0.0	0.0	0.0	0.0	0.0	0.0	0.0
G1-131	-0.051214492899499246	-0.00028649634248974687	-0.061349031700139535	0.03454392064312925	0.01471941975924338	-0.025693726768380245	-0.006135786507178565	-0.02192090044883595	0.020478386301732845	-0.005808723376055016	-0.010841351784372255	0.0020081508282746015	0.003950403690915758	0.0031444233429001175	-0.006995857418467557	-0.000891424360711738	0.0020092828094763907	0.008991801497062947	-0.0026569557887234753	0.0009637375165644578	-0.0013743758130162877	-0.0010678857768157003	0.0006521537251295167	0.00011184912829315757	-0.0009802400877876045	-0.0003937137095300837	4.772020622201782e-06	0.0	-0.0	0.0	0.0	-0.0	-0.0	-0.0	-0.0	-0.0	-0.0	-0.0	-0.0	0.0	-0.0	-0.0	0.0	0.0	0.0	-0.0	-0.0	0.0	-0.0	-0.0	0.0	0.0	-0.0	-0.0	0.0	-0.0	-0.0	-0.0	-0.0	0.0	0.0	0.0	0.0	0.0	0.0	0.0	0.0	0.0	0.0	0.0	0.0	0.0	0.0	0.0	0.0	0.0	0.0	0.0	0.0	0.0	0.0	0.0	0.0	0.0	0.0	0.0	0.0	0.0	0.0	0.0	0.0	0.0	0.0	0.0	0.0	0.0	0.0	0.0	0.0	0.0	0.0	0.0	0.0	0.0	0.0	0.0
G1-132	-0.051647492255629354	0.002740696421588194	-0.062338204475858514	0.03398634092397888	0.013307193603837975	-0.02740650664730808	-0.007621726972648043	-0.025471993630377197	0.01911549750978869	-0.00040548898821605534	-0.010117686380420682	0.008030289970683141	-0.019021818267744166	-0.0027870724105335536	0.005216114014380669	-0.007546856724498749	-0.005405169682698446	0.0012181659373756894	0.006897150450015162	-0.0026407236017815675	0.0005289134786231663	-0.0001762158617955709	-0.002938791002016112	-0.002046357425297775	-0.00019507348665694066	0.0009431763033915915	4.0754859614356554e-05	0.0	0.0	-0.0	-0.0	-0.0	-0.0	-0.0	0.0	-0.0	-0.0	0.0	0.0	-0.0	-0.0	-0.0	0.0	0.0	0.0	0.0	0.0	0.0	0.0	0.0	0.0	-0.0	0.0	-0.0	0.0	-0.0	-0.0	0.0	0.0	0.0	0.0	0.0	0.0	0.0	0.0	0.0	0.0	0.0	0.0	0.0	0.0	0.0	0.0	0.0	0.0	0.0	0.0	0.0	0.0	0.0	0.0	0.0	0.0	0.0	0.0	0.0	0.0	0.0	0.0	0.0	0.0	0.0	0.0	0.0	0.0	0.0	0.0	0.0	0.0	0.0	0.0	0.0	0.0	0.0	0.0	0.0
G1-135	0.061114065796179916	-0.02828450441116562	0.0072896034839188715	0.04768017650192017	0.04903506637168669	-0.028362449696121138	-0.047689936071958906	-0.01999145723439847	0.017555154703242426	0.0015419773407021416	0.0037118970352346724	0.0073390256904435494	-0.017829966917814997	-0.001780040170381798	0.0030603244920841145	-0.005077646181529038	-0.0037505763247741414	-0.0025690005113668396	0.0008220100160887824	0.010364781846361219	0.013753231094617019	-0.0001847396930856401	-0.00097688037571824	-0.003000365224520771	-0.00560230549678198	0.0011778795415471066	-5.390693607405551e-05	0.0	0.0	-0.0	-0.0	-0.0	-0.0	-0.0	0.0	-0.0	-0.0	0.0	0.0	-0.0	-0.0	-0.0	0.0	0.0	0.0	0.0	0.0	0.0	0.0	0.0	0.0	-0.0	0.0	-0.0	0.0	-0.0	-0.0	0.0	0.0	0.0	0.0	0.0	0.0	0.0	0.0	0.0	0.0	0.0	0.0	0.0	0.0	0.0	0.0	0.0	0.0	0.0	0.0	0.0	0.0	0.0	0.0	0.0	0.0	0.0	0.0	0.0	0.0	0.0	0.0	0.0	0.0	0.0	0.0	0.0	0.0	0.0	0.0	0.0	0.0	0.0	0.0	0.0	0.0	0.0	0.0	0.0
G1-136	0.06416972302702141	-0.02541199363820543	0.00912224890595447	0.0522728299952785	0.059558491236476545	-0.03367282151921018	-0.06557288200661775	-0.021682724521660323	0.02820187414573965	-0.0006105721412100763	-0.008923101376333023	0.018975133010019865	-0.03154204270785205	0.0027230867529208095	0.011811376785186976	-0.017770626833624674	-0.008302939310739514	0.009390841271830501	0.006464461368185784	-0.00562703409888474	-0.0157455655469448	-0.016025944825725513	0.005317733847927906	0.009525209518983333	0.006019733451880543	-0.0016871743705385188	-6.647095966379977e-06	0.0	0.0	-0.0	-0.0	-0.0	-0.0	-0.0	0.0	-0.0	-0.0	0.0	0.0	-0.0	-0.0	-0.0	0.0	0.0	0.0	0.0	0.0	0.0	0.0	0.0	0.0	-0.0	0.0	-0.0	0.0	-0.0	-0.0	0.0	0.0	0.0	0.0	0.0	0.0	0.0	0.0	0.0	0.0	0.0	0.0	0.0	0.0	0.0	0.0	0.0	0.0	0.0	0.0	0.0	0.0	0.0	0.0	0.0	0.0	0.0	0.0	0.0	0.0	0.0	0.0	0.0	0.0	0.0	0.0	0.0	0.0	0.0	0.0	0.0	0.0	0.0	0.0	0.0	0.0	0.0	0.0	0.0
G1-138	-0.05121449289949931	-0.00028649634248971575	-0.06134903170013967	0.03454392064312898	0.01471941975924354	-0.025693726768380182	-0.0061357865071785716	-0.021920900448836076	0.020478386301732963	-0.005808723376055086	-0.010841351784372158	0.0020081508282743287	0.003950403690915747	0.0031444233429000833	-0.006995857418467525	-0.0008914243607119032	0.0020092828094763807	0.00899180149706261	-0.0026569557887234597	0.0009637375165646745	-0.0013743758130160307	-0.0010678857768161277	0.0006521537251299584	0.00011184912829363431	-0.0009802400877869754	-0.0003937137095321407	4.7720206203120224e-06	-0.0	0.0	-0.0	-0.0	-0.0	-0.0	0.0	-0.0	-0.0	0.0	0.0	0.0	0.0	0.0	0.0	-0.0	0.0	0.0	0.0	0.0	0.0	0.0	0.0	-0.0	0.0	0.0	0.0	0.0	0.0	-0.0	0.0	0.0	0.0	0.0	0.0	0.0	0.0	0.0	0.0	0.0	0.0	0.0	0.0	0.0	0.0	0.0	0.0	0.0	0.0	0.0	0.0	0.0	0.0	0.0	0.0	0.0	0.0	0.0	0.0	0.0	0.0	0.0	0.0	0.0	0.0	0.0	0.0	0.0	0.0	0.0	0.0	0.0	0.0	0.0	0.0	0.0	0.0	0.0	0.0
G1-139	0.05021770631264897	0.018130233585969997	0.08150951781365112	-0.018949779961938838	0.013710988274261498	0.01156888737755977	-0.03149053982149777	0.004624628115249101	-0.021255736103807606	0.03186897070745937	0.010178833544641755	0.004430046265034073	-0.02108817989164234	0.0022429212725090376	0.0012303138005405362	-0.0025969483265686284	0.0008106714464328824	-0.009403476428693566	0.0027174379519117986	0.0034378525169062343	-0.0036151059863196106	-0.004027806540455479	-0.0037277556667829727	0.0020882235082504254	-0.004122019679878973	0.004096582631243806	0.00018855113569198325	0.0	0.0	-0.0	-0.0	-0.0	-0.0	-0.0	0.0	-0.0	-0.0	0.0	0.0	-0.0	-0.0	-0.0	0.0	0.0	0.0	0.0	0.0	0.0	0.0	0.0	0.0	-0.0	0.0	-0.0	0.0	-0.0	-0.0	0.0	0.0	0.0	0.0	0.0	0.0	0.0	0.0	0.0	0.0	0.0	0.0	0.0	0.0	0.0	0.0	0.0	0.0	0.0	0.0	0.0	0.0	0.0	0.0	0.0	0.0	0.0	0.0	0.0	0.0	0.0	0.0	0.0	0.0	0.0	0.0	0.0	0.0	0.0	0.0	0.0	0.0	0.0	0.0	0.0	0.0	0.0	0.0	0.0
G1-14	0.1813716961891098	0.025300920810123383	-0.3478031241632258	-0.13896571057903376	-0.06827158183013177	-0.01525718235330706	-0.004800403146919822	-0.048905155247233704	-0.03738170102150642	-0.035480672552622494	-0.043806584071277	0.004843151906702612	-0.016762000667692543	-0.010442989986090633	0.005304834446502525	0.00616628289324235	-0.01056483274670075	0.0027495459025379926	0.00028113842278168944	-0.0025767789218263484	-0.00022063210183804894	0.001615009887216875	0.001490278589640464	-0.00015217635790160797	-0.0002900580323947354	-1.2144847512142759e-06	-9.287630775701155e-06	0.0	0.0	-0.0	-0.0	-0.0	-0.0	-0.0	0.0	-0.0	-0.0	0.0	0.0	-0.0	-0.0	-0.0	0.0	0.0	0.0	0.0	0.0	0.0	0.0	0.0	0.0	-0.0	0.0	-0.0	0.0	-0.0	-0.0	0.0	0.0	0.0	0.0	0.0	0.0	0.0	0.0	0.0	0.0	0.0	0.0	0.0	0.0	0.0	0.0	0.0	0.0	0.0	0.0	0.0	0.0	0.0	0.0	0.0	0.0	0.0	0.0	0.0	0.0	0.0	0.0	0.0	0.0	0.0	0.0	0.0	0.0	0.0	0.0	0.0	0.0	0.0	0.0	0.0	0.0	0.0	0.0	0.0
G1-140	-0.0575200775875492	0.04674332533686967	0.009884423822851934	-0.02855363760639318	-0.011890703774578366	0.004424010428694791	0.008245532693723854	-0.004238189980244702	-0.004265929788339556	0.0030040092543621123	0.0026400562954521896	-0.004906224676692702	-0.010666117493272025	-0.015981202559021364	0.032280848977785694	-0.012983911169682474	0.008611120362078426	0.007156016065230711	-0.0006326731642357569	0.011135888400383574	-0.00503433944859782	0.0035615418626987498	-0.005146931402839799	-0.000555758437010299	0.0003452487075095113	0.0005974070394832818	-0.0001716245277988822	0.0	0.0	-0.0	-0.0	-0.0	-0.0	-0.0	0.0	-0.0	-0.0	0.0	0.0	-0.0	-0.0	-0.0	0.0	0.0	0.0	0.0	0.0	0.0	0.0	0.0	0.0	-0.0	0.0	-0.0	0.0	-0.0	-0.0	0.0	0.0	0.0	0.0	0.0	0.0	0.0	0.0	0.0	0.0	0.0	0.0	0.0	0.0	0.0	0.0	0.0	0.0	0.0	0.0	0.0	0.0	0.0	0.0	0.0	0.0	0.0	0.0	0.0	0.0	0.0	0.0	0.0	0.0	0.0	0.0	0.0	0.0	0.0	0.0	0.0	0.0	0.0	0.0	0.0	0.0	0.0	0.0	0.0
G1-141	-0.060726384867459196	0.038957430495605835	0.009787877077214355	-0.02950769367784273	-0.014252414114808439	-0.002080273576165145	0.006160257208691068	-0.011087782792078496	0.012039091942404812	-0.03182238858277978	0.01639044680729015	0.0020182659678303627	0.015498243138215679	-0.006682051169176184	0.007260074921262032	0.0003066887225764443	-0.003848912567174333	0.007056171405405658	0.0007375446317724457	-0.001991024294716084	0.0007465804528836494	-0.0002359497163933444	0.0002593353920565596	0.0009499669396783436	-0.0015190136491665192	0.0002835861827034555	2.5026634267524685e-05	0.0	0.0	-0.0	-0.0	-0.0	-0.0	-0.0	0.0	-0.0	0.0	0.0	0.0	-0.0	0.0	-0.0	-0.0	0.0	0.0	0.0	-0.0	-0.0	0.0	0.0	-0.0	-0.0	0.0	0.0	0.0	0.0	0.0	-0.0	0.0	0.0	0.0	0.0	0.0	0.0	0.0	0.0	0.0	0.0	0.0	0.0	0.0	0.0	0.0	0.0	0.0	0.0	0.0	0.0	0.0	0.0	0.0	0.0	0.0	0.0	0.0	0.0	0.0	0.0	0.0	0.0	0.0	0.0	0.0	0.0	0.0	0.0	0.0	0.0	0.0	0.0	0.0	0.0	0.0	0.0	0.0	0.0
G1-142	-0.06072638486745918	0.038957430495605835	0.009787877077214357	-0.02950769367784274	-0.014252414114808442	-0.0020802735761651313	0.006160257208690824	-0.011087782792078501	0.012039091942404805	-0.03182238858277975	0.016390446807290012	0.002018265967830297	0.01549824313821558	-0.006682051169176255	0.007260074921261851	0.0003066887225766545	-0.003848912567174207	0.007056171405405621	0.0007375446317724747	-0.0019910242947157393	0.0007465804528832959	-0.00023594971639326917	0.0002593353920562181	0.0009499669396782121	-0.001519013649166804	0.00028358618270387173	2.5026634261864442e-05	-0.0	0.0	-0.0	-0.0	-0.0	0.0	0.0	-0.0	0.0	-0.0	-0.0	0.0	-0.0	0.0	0.0	0.0	-0.0	-0.0	0.0	-0.0	0.0	0.0	-0.0	0.0	-0.0	0.0	0.0	-0.0	0.0	0.0	0.0	0.0	0.0	0.0	0.0	0.0	0.0	0.0	0.0	0.0	0.0	0.0	0.0	0.0	0.0	0.0	0.0	0.0	0.0	0.0	0.0	0.0	0.0	0.0	0.0	0.0	0.0	0.0	0.0	0.0	0.0	0.0	0.0	0.0	0.0	0.0	0.0	0.0	0.0	0.0	0.0	0.0	0.0	0.0	0.0	0.0	0.0	0.0	0.0
G1-143	0.05051184427031353	0.013373671904697047	0.08378512033465177	-0.024924973713763975	0.016438750310204326	-9.940425802789172e-05	-0.03276908671773915	-0.010842084296445011	0.00447157898616129	-0.025142728030613015	0.024308523443433247	0.007120593687743177	0.021162364551736732	-0.004017823864895403	0.01198097511269696	0.0017779345921705607	-0.011038062907522505	0.008376041001373995	0.0009355290962631129	-0.0008972438762326865	0.002990003649197265	0.0005692426818520746	-0.0022249063001518205	0.0013639240448454501	-0.0007393482015943685	-0.0008577695945141056	-3.497427396594267e-05	-0.0	0.0	-0.0	-0.0	-0.0	-0.0	0.0	-0.0	-0.0	-0.0	0.0	0.0	-0.0	-0.0	0.0	0.0	0.0	0.0	0.0	-0.0	-0.0	-0.0	0.0	0.0	-0.0	0.0	0.0	0.0	-0.0	-0.0	0.0	0.0	0.0	0.0	0.0	0.0	0.0	0.0	0.0	0.0	0.0	0.0	0.0	0.0	0.0	0.0	0.0	0.0	0.0	0.0	0.0	0.0	0.0	0.0	0.0	0.0	0.0	0.0	0.0	0.0	0.0	0.0	0.0	0.0	0.0	0.0	0.0	0.0	0.0	0.0	0.0	0.0	0.0	0.0	0.0	0.0	0.0	0.0	0.0
G1-144	-0.05899650237039116	0.03643271627946843	0.009167712035850475	-0.02873819540131976	-0.013952691350491422	-0.003139688785238124	0.006564870728048649	-0.010621681088156915	0.012487402798870206	-0.03123385864216319	0.011919588600551279	0.00027807953571077574	0.012253608718270428	-0.005190021653998851	0.005148441954687239	-0.0008385614623415385	-0.0018677443970049855	-0.00016538775510064566	-0.00024765922159532624	0.00805991649752343	-0.0012527838503740112	0.007981647252562226	-0.000957732512170941	-0.00015680794464596976	0.009355175962114442	0.00024014032080124049	-0.00015234480150049074	0.0	0.0	-0.0	-0.0	-0.0	-0.0	-0.0	0.0	-0.0	-0.0	0.0	0.0	-0.0	-0.0	-0.0	0.0	0.0	0.0	0.0	0.0	0.0	0.0	0.0	0.0	-0.0	0.0	-0.0	0.0	-0.0	-0.0	0.0	0.0	0.0	0.0	0.0	0.0	0.0	0.0	0.0	0.0	0.0	0.0	0.0	0.0	0.0	0.0	0.0	0.0	0.0	0.0	0.0	0.0	0.0	0.0	0.0	0.0	0.0	0.0	0.0	0.0	0.0	0.0	0.0	0.0	0.0	0.0	0.0	0.0	0.0	0.0	0.0	0.0	0.0	0.0	0.0	0.0	0.0	0.0	0.0
G1-15	-0.05399313455617187	0.021578709731107197	-0.08207740174188473	0.0756376591574458	0.017939892910634303	0.007939441586118286	-0.01835554323785524	0.0531710477750262	-0.0011442107828187275	-0.048347244883050935	0.013767936856242924	-0.0030845529976907633	-0.002484887835983536	-0.012376970504605771	-0.00034591055768408793	-0.010365711825713077	0.0004709516542867371	-0.007154544531890873	-0.004333672028988749	0.002260994546694925	0.0003040077842356613	0.005028690440792888	0.00031691161500056926	-0.000853493812901673	0.0007373070765372287	-0.0009165197750762024	0.0024156307065234944	0.0	0.0	-0.0	-0.0	-0.0	-0.0	-0.0	0.0	-0.0	-0.0	0.0	0.0	-0.0	-0.0	-0.0	0.0	0.0	0.0	0.0	0.0	0.0	0.0	0.0	0.0	-0.0	0.0	-0.0	0.0	-0.0	-0.0	0.0	0.0	0.0	0.0	0.0	0.0	0.0	0.0	0.0	0.0	0.0	0.0	0.0	0.0	0.0	0.0	0.0	0.0	0.0	0.0	0.0	0.0	0.0	0.0	0.0	0.0	0.0	0.0	0.0	0.0	0.0	0.0	0.0	0.0	0.0	0.0	0.0	0.0	0.0	0.0	0.0	0.0	0.0	0.0	0.0	0.0	0.0	0.0	0.0
G1-175	0.33883923551904715	-0.008189239163610243	-0.21896259458497544	-0.16555654987846954	-0.001430125523713791	0.0018718720425424267	-0.07957605539614523	-0.05707668075449801	-0.07613384267359066	-0.05351723090380883	0.00882660197232114	0.019647368501574305	0.00699253777797474	0.057508641426042346	0.009874227682123468	0.0266304905766839	-0.0013376027081117379	-0.012636160569011335	-0.006828537437475358	0.00039104786089633274	0.0021364212817036833	-0.0004455954672654989	-0.00151680154099586	0.001283935017388193	0.0004790937328803029	0.00020766268143942608	1.2574301414214897e-05	0.0	0.0	-0.0	-0.0	-0.0	-0.0	-0.0	0.0	-0.0	-0.0	0.0	0.0	-0.0	-0.0	-0.0	0.0	0.0	0.0	0.0	0.0	0.0	0.0	0.0	0.0	-0.0	0.0	-0.0	0.0	-0.0	-0.0	0.0	0.0	0.0	0.0	0.0	0.0	0.0	0.0	0.0	0.0	0.0	0.0	0.0	0.0	0.0	0.0	0.0	0.0	0.0	0.0	0.0	0.0	0.0	0.0	0.0	0.0	0.0	0.0	0.0	0.0	0.0	0.0	0.0	0.0	0.0	0.0	0.0	0.0	0.0	0.0	0.0	0.0	0.0	0.0	0.0	0.0	0.0	0.0	0.0
G1-176	0.2649489125234497	-0.2959028390582328	0.032306079332256016	-0.12723526494434723	-0.2557263995923855	0.08316986324102538	-0.012644257641899545	0.12241896122306233	0.100286146206643	0.014129434182350185	0.01591802754511755	0.06621532068413641	-0.009905490393818108	-0.0056849065434607	0.001468530871702626	-0.014617789368443284	0.0018684892566119434	0.013501469680757102	-0.0004457101095023555	0.0006207449669820238	-0.0003070161269804649	0.0012474853106056057	0.0004027235236887656	-0.00016209888062795893	0.0003800710884357488	3.182629665410643e-05	5.627306769417459e-06	0.0	0.0	-0.0	-0.0	-0.0	-0.0	-0.0	0.0	-0.0	-0.0	0.0	0.0	-0.0	-0.0	-0.0	0.0	0.0	0.0	0.0	0.0	0.0	0.0	0.0	0.0	-0.0	0.0	-0.0	0.0	-0.0	-0.0	0.0	0.0	0.0	0.0	0.0	0.0	0.0	0.0	0.0	0.0	0.0	0.0	0.0	0.0	0.0	0.0	0.0	0.0	0.0	0.0	0.0	0.0	0.0	0.0	0.0	0.0	0.0	0.0	0.0	0.0	0.0	0.0	0.0	0.0	0.0	0.0	0.0	0.0	0.0	0.0	0.0	0.0	0.0	0.0	0.0	0.0	0.0	0.0	0.0
G1-177	0.24653175332877325	0.06371124340123081	0.02057867000859722	0.09295722997831515	-0.10097122699163717	0.16009381399623276	0.01763043405202518	0.05756341604668209	-0.025337202185283448	-0.049283513273376274	-0.022661951740541655	-0.05901220918541637	0.004511681842348332	-0.006620914704815384	0.007628026788650665	0.014505360231478913	0.0028506606226555804	-0.015913153756720026	0.0028588515150048425	-0.0013093434769272684	0.00032741897171202644	-0.0020580622553293356	-2.574196032895325e-05	0.0007233984998968213	-0.0001477703406585383	-5.979420939179567e-05	-2.9052434983698338e-05	0.0	0.0	-0.0	-0.0	-0.0	-0.0	-0.0	0.0	-0.0	-0.0	0.0	0.0	-0.0	-0.0	-0.0	0.0	0.0	0.0	0.0	0.0	0.0	0.0	0.0	0.0	-0.0	0.0	-0.0	0.0	-0.0	-0.0	0.0	0.0	0.0	0.0	0.0	0.0	0.0	0.0	0.0	0.0	0.0	0.0	0.0	0.0	0.0	0.0	0.0	0.0	0.0	0.0	0.0	0.0	0.0	0.0	0.0	0.0	0.0	0.0	0.0	0.0	0.0	0.0	0.0	0.0	0.0	0.0	0.0	0.0	0.0	0.0	0.0	0.0	0.0	0.0	0.0	0.0	0.0	0.0	0.0
G1-178	0.061315334126599154	-0.03055328112326046	0.007943433814335503	0.04849546009174375	0.049165203181682084	-0.025153938930394474	-0.04514975128677412	-0.016572850360901267	0.015803465255923153	-0.00031925650662180947	0.018659036907650892	0.004161093496594069	0.011033433961992467	0.0013553322068851055	-0.010393434611244777	0.0014490687523248148	0.006322789617438911	0.0014093188850288537	-0.017659354207668003	0.000356353732919403	-0.00013182119205577264	0.0024819946616905205	-0.0008237384898986738	0.0034739798602168447	0.002458192938416654	-7.935959313493739e-05	2.079771598692959e-05	0.0	0.0	-0.0	-0.0	-0.0	-0.0	-0.0	0.0	-0.0	-0.0	0.0	0.0	-0.0	-0.0	-0.0	0.0	0.0	0.0	0.0	0.0	0.0	0.0	0.0	0.0	-0.0	0.0	-0.0	0.0	-0.0	-0.0	0.0	0.0	0.0	0.0	0.0	0.0	0.0	0.0	0.0	0.0	0.0	0.0	0.0	0.0	0.0	0.0	0.0	0.0	0.0	0.0	0.0	0.0	0.0	0.0	0.0	0.0	0.0	0.0	0.0	0.0	0.0	0.0	0.0	0.0	0.0	0.0	0.0	0.0	0.0	0.0	0.0	0.0	0.0	0.0	0.0	0.0	0.0	0.0	0.0
G1-180	0.042475718081893175	-0.22903788915902054	0.15739364928987415	-0.07614206533748975	0.053465456575954355	0.01042911507823956	0.015423200702417027	-0.02023458285681061	-0.027370861986918873	-0.03942283955306423	0.026408650703932387	-0.06125717092207125	0.0021585386362292527	-0.03418479986130601	-0.01789694420059851	-0.02155670821222312	-0.014192825559194771	-0.02873089790838097	0.0033063257384311853	-0.00022940948098637098	0.002490108939745777	-0.0059486062538218355	-0.0006502497028940186	0.0010711644495645016	0.0015557177056537332	4.419072786262079e-05	4.740784704251536e-05	0.0	0.0	-0.0	-0.0	-0.0	-0.0	-0.0	0.0	-0.0	-0.0	0.0	0.0	-0.0	-0.0	-0.0	0.0	0.0	0.0	0.0	0.0	0.0	0.0	0.0	0.0	-0.0	0.0	-0.0	0.0	-0.0	-0.0	0.0	0.0	0.0	0.0	0.0	0.0	0.0	0.0	0.0	0.0	0.0	0.0	0.0	0.0	0.0	0.0	0.0	0.0	0.0	0.0	0.0	0.0	0.0	0.0	0.0	0.0	0.0	0.0	0.0	0.0	0.0	0.0	0.0	0.0	0.0	0.0	0.0	0.0	0.0	0.0	0.0	0.0	0.0	0.0	0.0	0.0	0.0	0.0	0.0
G1-182	0.3540190483242754	0.01483468006545971	-0.0363242391496809	0.19549634409989988	-0.1396830807482485	-0.12597479725246205	0.1535170083974408	-0.023032601607194603	0.011804056904575108	0.009413449473250034	0.0331173449049651	-0.05446172694896521	-0.004223778722891419	0.0439880914083488	1.1202440727646622e-05	-0.0051859736985383695	-0.003048067300439031	0.0029314201592727674	0.002789020745646814	-0.001457181469127211	-0.0013936931891379762	-0.00015919568301479972	0.0016819064774456543	0.0004338914189577765	-0.00019361681974014547	3.6753637761858676e-05	2.624586817648279e-05	0.0	0.0	-0.0	-0.0	-0.0	-0.0	-0.0	0.0	-0.0	-0.0	0.0	0.0	-0.0	-0.0	-0.0	0.0	0.0	0.0	0.0	0.0	0.0	0.0	0.0	0.0	-0.0	0.0	-0.0	0.0	-0.0	-0.0	0.0	0.0	0.0	0.0	0.0	0.0	0.0	0.0	0.0	0.0	0.0	0.0	0.0	0.0	0.0	0.0	0.0	0.0	0.0	0.0	0.0	0.0	0.0	0.0	0.0	0.0	0.0	0.0	0.0	0.0	0.0	0.0	0.0	0.0	0.0	0.0	0.0	0.0	0.0	0.0	0.0	0.0	0.0	0.0	0.0	0.0	0.0	0.0	0.0
G1-187	-0.05803155143119809	0.041457293063745314	0.008887392122856504	-0.023521969017917744	-0.011314204792922044	0.003376357069199021	0.0062088604328884986	-0.0007319794968300746	0.00018176232803460168	0.005058844888565467	-0.023842734643033728	-0.009180260886859814	-0.01834982771620108	-0.011648182604387896	0.012292750693164744	-0.007687376541950397	0.010738135703236715	-0.00494585964325079	0.002378768384198118	-0.006107851149324209	-0.011638689509566006	0.003915169526897612	-0.003995775491721509	-0.002207471988794982	-0.0001763678552152336	0.0009839831345437573	0.00013065367666891442	0.0	0.0	-0.0	-0.0	-0.0	-0.0	-0.0	0.0	-0.0	-0.0	0.0	0.0	-0.0	-0.0	-0.0	0.0	0.0	0.0	0.0	0.0	0.0	0.0	0.0	0.0	-0.0	0.0	-0.0	0.0	-0.0	-0.0	0.0	0.0	0.0	0.0	0.0	0.0	0.0	0.0	0.0	0.0	0.0	0.0	0.0	0.0	0.0	0.0	0.0	0.0	0.0	0.0	0.0	0.0	0.0	0.0	0.0	0.0	0.0	0.0	0.0	0.0	0.0	0.0	0.0	0.0	0.0	0.0	0.0	0.0	0.0	0.0	0.0	0.0	0.0	0.0	0.0	0.0	0.0	0.0	0.0
G1-188	-0.058164545190710196	0.04299101261286317	0.009162869383770209	-0.024111784001517724	-0.012723684128045367	0.005384831894938962	0.006228060777807896	-0.001990467831890696	-0.001735877640497599	0.007243569270106541	-0.009578897023778826	-0.007911494204591418	-0.017218163283237612	-0.015528949134866252	0.012509558646201202	-0.011575445071173552	0.013802078978847472	-0.012699640792349096	-0.0011522084359474494	0.0012539921385731128	-0.0034446657812817914	0.004684321931166882	0.0047218059688959495	-0.0017133251060756365	-0.005733175453509024	-0.0032443222122811306	-4.115648249308578e-05	0.0	0.0	-0.0	-0.0	-0.0	-0.0	-0.0	0.0	-0.0	-0.0	0.0	0.0	-0.0	-0.0	-0.0	0.0	0.0	0.0	0.0	0.0	0.0	0.0	0.0	0.0	-0.0	0.0	-0.0	0.0	-0.0	-0.0	0.0	0.0	0.0	0.0	0.0	0.0	0.0	0.0	0.0	0.0	0.0	0.0	0.0	0.0	0.0	0.0	0.0	0.0	0.0	0.0	0.0	0.0	0.0	0.0	0.0	0.0	0.0	0.0	0.0	0.0	0.0	0.0	0.0	0.0	0.0	0.0	0.0	0.0	0.0	0.0	0.0	0.0	0.0	0.0	0.0	0.0	0.0	0.0	0.0
G1-189	0.050827157428686556	0.014476693154390425	0.0812035112462142	-0.018277284879042118	0.018076493204375172	0.009096690222570224	-0.027399823069875998	0.005550980540110626	-0.010971330095319743	0.014192504066210735	-0.0027279724405911508	-0.008165275492448066	0.005138535951337765	-0.005845527386361723	0.0028427132407749197	-0.006036575863555425	0.015612578047226657	-0.007859750264454577	-0.011722529540402574	0.003663677728461545	-0.007028046209203023	0.007349666362036895	-0.0012713714563233254	0.006455652369116105	-0.004216697438476381	-0.00387176797060341	-0.00017585985787594454	0.0	0.0	-0.0	-0.0	-0.0	-0.0	-0.0	0.0	-0.0	-0.0	0.0	0.0	-0.0	-0.0	-0.0	0.0	0.0	0.0	0.0	0.0	0.0	0.0	0.0	0.0	-0.0	0.0	-0.0	0.0	-0.0	-0.0	0.0	0.0	0.0	0.0	0.0	0.0	0.0	0.0	0.0	0.0	0.0	0.0	0.0	0.0	0.0	0.0	0.0	0.0	0.0	0.0	0.0	0.0	0.0	0.0	0.0	0.0	0.0	0.0	0.0	0.0	0.0	0.0	0.0	0.0	0.0	0.0	0.0	0.0	0.0	0.0	0.0	0.0	0.0	0.0	0.0	0.0	0.0	0.0	0.0
G1-190	0.3465634564084271	0.01762429606476852	-0.1950252806015425	-0.2162517894208824	0.28252379279906764	0.005146570318646367	0.15928429033965108	0.06850484229670464	0.006909174787493139	0.0260514010723946	0.015692638075117282	-0.0011921570767704614	-0.0007840933857916745	-0.02754888423440125	-0.0012944634470733463	-0.019700042506930464	0.007694859691856354	0.002827671284370607	0.002002394177560746	0.0009857831521213872	-0.001714959029384163	-0.0015744687567207439	0.000339634736145336	-0.0007125276480024172	-8.281142275843983e-05	-9.7835085394292e-05	9.415758441456063e-07	0.0	0.0	-0.0	-0.0	-0.0	-0.0	-0.0	0.0	-0.0	-0.0	0.0	0.0	-0.0	-0.0	-0.0	0.0	0.0	0.0	0.0	0.0	0.0	0.0	0.0	0.0	-0.0	0.0	-0.0	0.0	-0.0	-0.0	0.0	0.0	0.0	0.0	0.0	0.0	0.0	0.0	0.0	0.0	0.0	0.0	0.0	0.0	0.0	0.0	0.0	0.0	0.0	0.0	0.0	0.0	0.0	0.0	0.0	0.0	0.0	0.0	0.0	0.0	0.0	0.0	0.0	0.0	0.0	0.0	0.0	0.0	0.0	0.0	0.0	0.0	0.0	0.0	0.0	0.0	0.0	0.0	0.0
G1-192	-0.06072638486745917	0.03895743049560584	0.00978787707721431	-0.029507693677842808	-0.01425241411480842	-0.002080273576165098	0.006160257208690899	-0.011087782792078438	0.012039091942404823	-0.03182238858277971	0.01639044680728999	0.002018265967830717	0.015498243138215578	-0.00668205116917616	0.007260074921261789	0.0003066887225766806	-0.003848912567174272	0.007056171405405856	0.0007375446317722788	-0.001991024294715534	0.0007465804528832438	-0.0002359497163931445	0.0002593353920563048	0.0009499669396770619	-0.0015190136491670002	0.0002835861827035579	2.5026634263748077e-05	-0.0	-0.0	0.0	0.0	-0.0	-0.0	-0.0	-0.0	0.0	-0.0	-0.0	0.0	0.0	-0.0	-0.0	-0.0	0.0	0.0	-0.0	0.0	0.0	0.0	-0.0	0.0	-0.0	-0.0	-0.0	0.0	-0.0	-0.0	-0.0	-0.0	0.0	0.0	0.0	0.0	0.0	0.0	0.0	0.0	0.0	0.0	0.0	0.0	0.0	0.0	0.0	0.0	0.0	0.0	0.0	0.0	0.0	0.0	0.0	0.0	0.0	0.0	0.0	0.0	0.0	0.0	0.0	0.0	0.0	0.0	0.0	0.0	0.0	0.0	0.0	0.0	0.0	0.0	0.0	0.0	0.0	0.0	0.0
G1-193	0.050360094833483644	0.00900642136117033	0.07803244533262642	-0.016157371748559458	0.017973260165721608	-0.0042020891263648864	-0.03220252594335893	-0.0029592784439846495	0.014036115234264164	-0.02089361127848541	-0.018839091665203676	-0.005905710091964782	-0.0076333188940155405	0.003721712481096398	-0.01146691518847568	-0.00032051715643649297	-0.004816606425419468	0.00454440187825849	-0.0003293836719175939	0.0040772879537571225	0.001886560984874345	-0.0015261084445058828	-0.0024654395558172783	0.0013869026502966507	-0.001790969765493348	-0.0006947860203258495	2.534989681070408e-05	0.0	-0.0	0.0	0.0	0.0	-0.0	0.0	-0.0	-0.0	-0.0	-0.0	-0.0	-0.0	0.0	-0.0	-0.0	0.0	-0.0	-0.0	-0.0	0.0	-0.0	0.0	0.0	-0.0	0.0	0.0	-0.0	0.0	-0.0	-0.0	-0.0	0.0	0.0	0.0	0.0	0.0	0.0	0.0	0.0	0.0	0.0	0.0	0.0	0.0	0.0	0.0	0.0	0.0	0.0	0.0	0.0	0.0	0.0	0.0	0.0	0.0	0.0	0.0	0.0	0.0	0.0	0.0	0.0	0.0	0.0	0.0	0.0	0.0	0.0	0.0	0.0	0.0	0.0	0.0	0.0	0.0	0.0	0.0
G2-1100	-0.06008708607554146	0.043140464541167975	0.008330519942314554	-0.02112832028632217	-0.016700276008627734	0.00896905044612847	0.00483263692788886	0.0001807492972781295	-0.009533367232108498	0.016482540208510494	0.0057494573243672764	0.0007608971907345738	-0.01687331111679378	-0.002575657491062621	0.0028966960696407275	-0.00229938567580368	-0.00044651667494662967	0.0016641057870155189	-0.0004495729210590082	-0.004356661362799612	0.0035678828491186652	-0.003561831595216023	0.00021882238098190753	-0.0007660802634884246	-0.0006712381281218131	-0.00013215252937865535	-1.8170991400114864e-06	-0.0	-0.0	-0.0	0.0	0.0	0.0	0.0	0.0	-0.0	0.0	-0.0	-0.0	-0.0	0.0	0.0	0.0	0.0	-0.0	-0.0	-0.0	0.0	0.0	0.0	-0.0	-0.0	0.0	-0.0	0.0	-0.0	0.0	0.0	-0.0	0.0	0.0	0.0	0.0	0.0	0.0	0.0	0.0	0.0	0.0	0.0	0.0	0.0	0.0	0.0	0.0	0.0	0.0	0.0	0.0	0.0	0.0	0.0	0.0	0.0	0.0	0.0	0.0	0.0	0.0	0.0	0.0	0.0	0.0	0.0	0.0	0.0	0.0	0.0	0.0	0.0	0.0	0.0	0.0	0.0	0.0	0.0
G2-1101	-0.06008708607554146	0.04314046454116798	0.00833051994231455	-0.02112832028632217	-0.016700276008627734	0.008969050446128472	0.004832636927888864	0.00018074929727813062	-0.009533367232108488	0.016482540208510508	0.005749457324367266	0.000760897190734596	-0.016873311116793775	-0.002575657491062632	0.0028966960696407648	-0.0022993856758036333	-0.00044651667494660907	0.0016641057870154965	-0.0004495729210590455	-0.004356661362799575	0.00356788284911871	-0.0035618315952160723	0.00021882238098190382	-0.0007660802634885538	-0.0006712381281219092	-0.00013215252937845377	-1.8170991404574823e-06	-0.0	0.0	-0.0	-0.0	0.0	-0.0	-0.0	-0.0	-0.0	0.0	0.0	-0.0	0.0	-0.0	-0.0	0.0	-0.0	0.0	0.0	0.0	0.0	0.0	-0.0	0.0	-0.0	0.0	0.0	-0.0	-0.0	-0.0	0.0	-0.0	0.0	0.0	0.0	0.0	0.0	0.0	0.0	0.0	0.0	0.0	0.0	0.0	0.0	0.0	0.0	0.0	0.0	0.0	0.0	0.0	0.0	0.0	0.0	0.0	0.0	0.0	0.0	0.0	0.0	0.0	0.0	0.0	0.0	0.0	0.0	0.0	0.0	0.0	0.0	0.0	0.0	0.0	0.0	0.0	0.0	0.0	0.0
G2-1102	-0.06008708607554146	0.04314046454116799	0.008330519942314554	-0.02112832028632217	-0.016700276008627734	0.00896905044612847	0.00483263692788886	0.00018074929727813563	-0.009533367232108495	0.016482540208510497	0.005749457324367267	0.0007608971907345809	-0.01687331111679377	-0.002575657491062625	0.0028966960696407153	-0.00229938567580365	-0.00044651667494664224	0.0016641057870155282	-0.0004495729210590563	-0.004356661362799635	0.0035678828491187515	-0.0035618315952159266	0.00021882238098191992	-0.000766080263488582	-0.0006712381281218379	-0.00013215252937873046	-1.8170991410547614e-06	0.0	0.0	0.0	0.0	-0.0	0.0	-0.0	-0.0	0.0	0.0	0.0	-0.0	-0.0	-0.0	-0.0	0.0	0.0	0.0	-0.0	0.0	0.0	0.0	0.0	0.0	-0.0	-0.0	-0.0	-0.0	0.0	0.0	-0.0	0.0	0.0	0.0	0.0	0.0	0.0	0.0	0.0	0.0	0.0	0.0	0.0	0.0	0.0	0.0	0.0	0.0	0.0	0.0	0.0	0.0	0.0	0.0	0.0	0.0	0.0	0.0	0.0	0.0	0.0	0.0	0.0	0.0	0.0	0.0	0.0	0.0	0.0	0.0	0.0	0.0	0.0	0.0	0.0	0.0	0.0	0.0	0.0
G2-1103	0.16751085143311065	0.07898309494528215	0.12217140751507648	0.05922302562932745	-0.0028084573456171134	0.08926241359429206	0.08980540087373524	-0.058413777537266696	-0.023604852277791452	0.04683580442388101	-0.013831974376975672	0.03445331496305343	-0.06314017520444985	-0.015391737588273825	-0.017115603255446525	0.012006752333323956	-0.035501599320375186	0.0025975220208284172	-0.019594202788384786	-0.004126975360443276	0.005974803347621453	0.010838969997697805	-0.00047233217474692716	0.0018982678106750429	0.0009471394158452292	-0.0007241843466617864	1.8126733210563247e-05	0.0	0.0	-0.0	-0.0	-0.0	-0.0	-0.0	0.0	-0.0	-0.0	0.0	0.0	-0.0	-0.0	-0.0	0.0	0.0	0.0	0.0	0.0	0.0	0.0	0.0	0.0	-0.0	0.0	-0.0	0.0	-0.0	-0.0	0.0	0.0	0.0	0.0	0.0	0.0	0.0	0.0	0.0	0.0	0.0	0.0	0.0	0.0	0.0	0.0	0.0	0.0	0.0	0.0	0.0	0.0	0.0	0.0	0.0	0.0	0.0	0.0	0.0	0.0	0.0	0.0	0.0	0.0	0.0	0.0	0.0	0.0	0.0	0.0	0.0	0.0	0.0	0.0	0.0	0.0	0.0	0.0	0.0
G2-1104	0.22326523256306802	0.0034737955443649494	-0.014029254814410513	0.15310045268440534	-0.006829261342545546	0.0879556809387518	0.03812509014860188	-0.0946359948094475	0.03972976064049123	0.03495264619064279	-0.03871979837470439	0.04175745246055318	0.05657583643369483	-0.0416742238789486	0.020587259568353854	0.004817338398902258	0.019953292850862784	-0.030895655189083725	-0.0019428864284394803	0.0055228579894425305	-0.0010971290641179356	-0.007955938667915639	-0.002957002199677001	-0.0020265943283257638	0.0004159654577032681	0.00031960831668200856	4.530011337214075e-05	0.0	0.0	-0.0	-0.0	-0.0	-0.0	-0.0	0.0	-0.0	-0.0	0.0	0.0	-0.0	-0.0	-0.0	0.0	0.0	0.0	0.0	0.0	0.0	0.0	0.0	0.0	-0.0	0.0	-0.0	0.0	-0.0	-0.0	0.0	0.0	0.0	0.0	0.0	0.0	0.0	0.0	0.0	0.0	0.0	0.0	0.0	0.0	0.0	0.0	0.0	0.0	0.0	0.0	0.0	0.0	0.0	0.0	0.0	0.0	0.0	0.0	0.0	0.0	0.0	0.0	0.0	0.0	0.0	0.0	0.0	0.0	0.0	0.0	0.0	0.0	0.0	0.0	0.0	0.0	0.0	0.0	0.0
G2-1105	-0.061023745211494916	0.036668064037098595	0.009438787144772056	-0.02212573996768822	-0.01624361143569414	0.010387381481697662	0.007846925968281245	0.0016676724525698657	-0.011310170043805714	0.009796974752859507	0.0031885166615534407	0.0025711816881503883	0.011964283093262773	0.0022737456711967993	-0.0056154534868125255	0.006069931599471689	8.008833311025632e-05	-0.0002472550900633928	0.001085034851309246	-0.001957579879436624	-0.0002446894669589586	0.00014991996640813381	0.00042688887555617384	0.00034494828741939696	-0.0003921467971791467	9.16578487685556e-05	8.690486594408785e-06	-0.0	-0.0	-0.0	0.0	-0.0	-0.0	-0.0	0.0	0.0	-0.0	-0.0	-0.0	-0.0	-0.0	0.0	-0.0	-0.0	-0.0	-0.0	0.0	0.0	0.0	-0.0	-0.0	-0.0	0.0	0.0	-0.0	0.0	-0.0	0.0	0.0	0.0	0.0	0.0	0.0	0.0	0.0	0.0	0.0	0.0	0.0	0.0	0.0	0.0	0.0	0.0	0.0	0.0	0.0	0.0	0.0	0.0	0.0	0.0	0.0	0.0	0.0	0.0	0.0	0.0	0.0	0.0	0.0	0.0	0.0	0.0	0.0	0.0	0.0	0.0	0.0	0.0	0.0	0.0	0.0	0.0	0.0	0.0
G2-1106	-0.061023745211494916	0.03666806403709859	0.009438787144772054	-0.02212573996768822	-0.016243611435694142	0.01038738148169766	0.007846925968281245	0.0016676724525698703	-0.011310170043805723	0.009796974752859504	0.003188516661553454	0.0025711816881503744	0.011964283093262773	0.0022737456711967767	-0.005615453486812532	0.006069931599471689	8.008833311026102e-05	-0.0002472550900633741	0.0010850348513092147	-0.0019575798794365285	-0.0002446894669589594	0.0001499199664081764	0.0004268888755561272	0.0003449482874192677	-0.00039214679717914253	9.165784876854023e-05	8.69048659455379e-06	-0.0	0.0	-0.0	0.0	-0.0	-0.0	0.0	-0.0	-0.0	0.0	0.0	-0.0	-0.0	0.0	-0.0	0.0	0.0	-0.0	0.0	0.0	0.0	-0.0	-0.0	0.0	-0.0	0.0	-0.0	0.0	-0.0	0.0	-0.0	-0.0	0.0	0.0	0.0	0.0	0.0	0.0	0.0	0.0	0.0	0.0	0.0	0.0	0.0	0.0	0.0	0.0	0.0	0.0	0.0	0.0	0.0	0.0	0.0	0.0	0.0	0.0	0.0	0.0	0.0	0.0	0.0	0.0	0.0	0.0	0.0	0.0	0.0	0.0	0.0	0.0	0.0	0.0	0.0	0.0	0.0	0.0	0.0
G2-1107	-0.061023745211494916	0.036668064037098595	0.009438787144772056	-0.022125739967688216	-0.016243611435694142	0.010387381481697659	0.007846925968281243	0.0016676724525698636	-0.011310170043805719	0.0097969747528595	0.0031885166615534463	0.0025711816881503753	0.011964283093262773	0.002273745671196795	-0.005615453486812537	0.0060699315994716925	8.008833311023259e-05	-0.0002472550900633882	0.0010850348513092188	-0.0019575798794366763	-0.00024468946695892696	0.00014991996640819087	0.0004268888755562037	0.00034494828741937566	-0.00039214679717918563	9.165784876846544e-05	8.690486594459031e-06	0.0	0.0	0.0	0.0	0.0	0.0	0.0	-0.0	0.0	0.0	0.0	-0.0	-0.0	-0.0	0.0	-0.0	-0.0	0.0	0.0	0.0	0.0	0.0	0.0	-0.0	-0.0	-0.0	0.0	-0.0	-0.0	0.0	0.0	0.0	0.0	0.0	0.0	0.0	0.0	0.0	0.0	0.0	0.0	0.0	0.0	0.0	0.0	0.0	0.0	0.0	0.0	0.0	0.0	0.0	0.0	0.0	0.0	0.0	0.0	0.0	0.0	0.0	0.0	0.0	0.0	0.0	0.0	0.0	0.0	0.0	0.0	0.0	0.0	0.0	0.0	0.0	0.0	0.0	0.0	0.0	0.0
G2-1108	-0.061023745211494916	0.03666806403709859	0.009438787144772056	-0.022125739967688216	-0.016243611435694146	0.010387381481697657	0.007846925968281245	0.0016676724525698668	-0.011310170043805719	0.009796974752859504	0.003188516661553442	0.0025711816881503666	0.011964283093262772	0.0022737456711967997	-0.005615453486812552	0.0060699315994716995	8.008833311022415e-05	-0.0002472550900633753	0.0010850348513092394	-0.0019575798794366655	-0.0002446894669589623	0.00014991996640818632	0.0004268888755562469	0.00034494828741940786	-0.00039214679717916725	9.165784876832953e-05	8.690486594390345e-06	0.0	-0.0	-0.0	-0.0	0.0	0.0	0.0	-0.0	0.0	0.0	-0.0	-0.0	-0.0	-0.0	-0.0	0.0	-0.0	0.0	-0.0	0.0	0.0	-0.0	-0.0	-0.0	-0.0	-0.0	0.0	0.0	-0.0	-0.0	0.0	0.0	0.0	0.0	0.0	0.0	0.0	0.0	0.0	0.0	0.0	0.0	0.0	0.0	0.0	0.0	0.0	0.0	0.0	0.0	0.0	0.0	0.0	0.0	0.0	0.0	0.0	0.0	0.0	0.0	0.0	0.0	0.0	0.0	0.0	0.0	0.0	0.0	0.0	0.0	0.0	0.0	0.0	0.0	0.0	0.0	0.0	0.0	0.0
G2-1109	-0.061023745211494916	0.03666806403709859	0.009438787144772056	-0.022125739967688216	-0.016243611435694142	0.010387381481697659	0.007846925968281245	0.0016676724525698692	-0.011310170043805712	0.0097969747528595	0.0031885166615534307	0.002571181688150382	0.011964283093262777	0.0022737456711968114	-0.0056154534868125515	0.006069931599471693	8.008833311023808e-05	-0.0002472550900633819	0.0010850348513092366	-0.0019575798794366425	-0.0002446894669589784	0.00014991996640806708	0.0004268888755561802	0.0003449482874193851	-0.0003921467971791703	9.165784876843608e-05	8.690486593774571e-06	0.0	0.0	-0.0	-0.0	0.0	-0.0	-0.0	0.0	-0.0	0.0	-0.0	-0.0	-0.0	-0.0	-0.0	-0.0	-0.0	0.0	-0.0	0.0	0.0	-0.0	-0.0	0.0	-0.0	0.0	0.0	0.0	-0.0	0.0	-0.0	0.0	0.0	0.0	0.0	0.0	0.0	0.0	0.0	0.0	0.0	0.0	0.0	0.0	0.0	0.0	0.0	0.0	0.0	0.0	0.0	0.0	0.0	0.0	0.0	0.0	0.0	0.0	0.0	0.0	0.0	0.0	0.0	0.0	0.0	0.0	0.0	0.0	0.0	0.0	0.0	0.0	0.0	0.0	0.0	0.0	0.0	0.0	0.0
G2-1110	-0.06102374521149493	0.036668064037098595	0.009438787144772065	-0.022125739967688227	-0.01624361143569413	0.01038738148169767	0.00784692596828125	0.0016676724525698909	-0.011310170043805736	0.009796974752859493	0.003188516661553452	0.002571181688150397	0.011964283093262784	0.0022737456711968427	-0.00561545348681255	0.0060699315994717055	8.008833311020806e-05	-0.00024725509006339434	0.0010850348513092038	-0.0019575798794365636	-0.0002446894669589557	0.00014991996640823874	0.00042688887555605143	0.0003449482874191411	-0.0003921467971791691	9.165784876883689e-05	8.690486594639885e-06	-0.0	-0.0	0.0	-0.0	-0.0	0.0	-0.0	0.0	-0.0	0.0	-0.0	0.0	-0.0	-0.0	-0.0	0.0	0.0	-0.0	0.0	0.0	0.0	-0.0	0.0	-0.0	-0.0	-0.0	0.0	-0.0	0.0	0.0	0.0	-0.0	0.0	0.0	0.0	0.0	0.0	0.0	0.0	0.0	0.0	0.0	0.0	0.0	0.0	0.0	0.0	0.0	0.0	0.0	0.0	0.0	0.0	0.0	0.0	0.0	0.0	0.0	0.0	0.0	0.0	0.0	0.0	0.0	0.0	0.0	0.0	0.0	0.0	0.0	0.0	0.0	0.0	0.0	0.0	0.0	0.0	0.0	0.0
G2-1111	-0.061023745211494916	0.036668064037098595	0.009438787144772056	-0.022125739967688216	-0.016243611435694142	0.010387381481697657	0.007846925968281243	0.0016676724525698668	-0.011310170043805724	0.009796974752859488	0.0031885166615534433	0.0025711816881503666	0.011964283093262784	0.0022737456711968	-0.005615453486812541	0.006069931599471707	8.008833311025651e-05	-0.000247255090063368	0.0010850348513092758	-0.001957579879436609	-0.0002446894669588997	0.00014991996640822605	0.00042688887555612147	0.0003449482874192695	-0.0003921467971791214	9.165784876862279e-05	8.69048659428755e-06	-0.0	0.0	-0.0	-0.0	0.0	-0.0	-0.0	-0.0	-0.0	0.0	0.0	-0.0	-0.0	0.0	0.0	0.0	0.0	0.0	0.0	0.0	0.0	-0.0	-0.0	0.0	-0.0	-0.0	-0.0	0.0	0.0	-0.0	0.0	0.0	0.0	0.0	0.0	0.0	0.0	0.0	0.0	0.0	0.0	0.0	0.0	0.0	0.0	0.0	0.0	0.0	0.0	0.0	0.0	0.0	0.0	0.0	0.0	0.0	0.0	0.0	0.0	0.0	0.0	0.0	0.0	0.0	0.0	0.0	0.0	0.0	0.0	0.0	0.0	0.0	0.0	0.0	0.0	0.0	0.0	0.0	0.0
G2-1113	-0.061023745211494916	0.0366680640370986	0.009438787144772056	-0.02212573996768821	-0.01624361143569414	0.010387381481697653	0.007846925968281241	0.0016676724525698725	-0.011310170043805726	0.009796974752859492	0.0031885166615534402	0.0025711816881503658	0.011964283093262773	0.0022737456711968097	-0.005615453486812525	0.0060699315994717	8.008833311023023e-05	-0.0002472550900633738	0.0010850348513092387	-0.001957579879436616	-0.0002446894669588989	0.0001499199664081765	0.0004268888755561756	0.00034494828741933684	-0.000392146797179223	9.165784876897923e-05	8.690486594320194e-06	0.0	0.0	-0.0	0.0	-0.0	-0.0	0.0	0.0	0.0	0.0	-0.0	-0.0	-0.0	-0.0	0.0	0.0	-0.0	-0.0	-0.0	0.0	0.0	-0.0	0.0	-0.0	-0.0	-0.0	-0.0	-0.0	-0.0	0.0	0.0	-0.0	0.0	0.0	0.0	0.0	0.0	0.0	0.0	0.0	0.0	0.0	0.0	0.0	0.0	0.0	0.0	0.0	0.0	0.0	0.0	0.0	0.0	0.0	0.0	0.0	0.0	0.0	0.0	0.0	0.0	0.0	0.0	0.0	0.0	0.0	0.0	0.0	0.0	0.0	0.0	0.0	0.0	0.0	0.0	0.0	0.0	0.0	0.0
G2-194	0.04986139666551091	0.01250878221234267	0.07978319232369674	-0.0164390204154555	0.019367967544549065	0.004951872449421829	-0.02787200498949365	0.006554740908081572	-0.006183591711491676	0.009065399902990127	-0.03036518311239482	-0.00943865445132834	0.0022577866843605686	0.0034874135721455818	0.0006396752254462834	-4.881037146695889e-05	0.007909676526660865	0.008707589955131089	-0.0032749306280974656	0.000991137496222582	0.0017650848460056686	-0.004284335852693114	-6.716964412709805e-05	-0.0021970423640629033	0.0010093833279734541	0.0016712677142323993	3.457974567043078e-05	0.0	0.0	-0.0	-0.0	-0.0	-0.0	-0.0	0.0	-0.0	-0.0	0.0	0.0	-0.0	-0.0	-0.0	0.0	0.0	0.0	0.0	0.0	0.0	0.0	0.0	0.0	-0.0	0.0	-0.0	0.0	-0.0	-0.0	0.0	0.0	0.0	0.0	0.0	0.0	0.0	0.0	0.0	0.0	0.0	0.0	0.0	0.0	0.0	0.0	0.0	0.0	0.0	0.0	0.0	0.0	0.0	0.0	0.0	0.0	0.0	0.0	0.0	0.0	0.0	0.0	0.0	0.0	0.0	0.0	0.0	0.0	0.0	0.0	0.0	0.0	0.0	0.0	0.0	0.0	0.0	0.0	0.0
G2-197	0.04897475854609493	0.00978770181582337	0.0808627443748808	-0.018981873366843646	0.018132811111260316	0.004980453431716567	-0.026875257533909767	0.003456477976657756	-0.009154490414541576	0.0074423126407731	-0.03124273389593033	-0.0013614927545533883	0.016460076428125272	0.005789892268241448	0.0008931714339341182	0.0053310684644261525	-0.00010229084420811328	0.0017050811436553593	0.011509886572113834	-0.00029572519563787834	-0.0010612178052423417	0.0034108256978317656	0.006302326950488474	-0.001079798963190295	0.0036096003561662923	-0.0009192963372079178	0.00011216154791289615	0.0	0.0	-0.0	-0.0	-0.0	-0.0	-0.0	0.0	-0.0	-0.0	0.0	0.0	-0.0	-0.0	-0.0	0.0	0.0	0.0	0.0	0.0	0.0	0.0	0.0	0.0	-0.0	0.0	-0.0	0.0	-0.0	-0.0	0.0	0.0	0.0	0.0	0.0	0.0	0.0	0.0	0.0	0.0	0.0	0.0	0.0	0.0	0.0	0.0	0.0	0.0	0.0	0.0	0.0	0.0	0.0	0.0	0.0	0.0	0.0	0.0	0.0	0.0	0.0	0.0	0.0	0.0	0.0	0.0	0.0	0.0	0.0	0.0	0.0	0.0	0.0	0.0	0.0	0.0	0.0	0.0	0.0
G2-198	-0.1464645379854187	-0.16110829597050225	0.04871149723263736	-0.08528669587353413	-0.045962427170395254	0.024361233707701633	0.08743530093741138	0.0006951572237713065	-0.03946017141425187	-0.003974920766717611	-0.036171504120608766	-0.03225029396953171	0.002998329275124485	0.0019915431085397893	0.002703633603968369	0.0160885260412026	0.010877240244855606	0.004577558867696787	0.0014387733703460324	0.0012863691219598345	-0.0021896380832316306	-0.0013851763474451205	-0.00027775949774268277	-0.0007324488194480224	-0.0001103504811509838	-0.00011087836799880438	7.8529592531052e-06	0.0	0.0	-0.0	-0.0	-0.0	-0.0	-0.0	0.0	-0.0	-0.0	0.0	0.0	-0.0	-0.0	-0.0	0.0	0.0	0.0	0.0	0.0	0.0	0.0	0.0	0.0	-0.0	0.0	-0.0	0.0	-0.0	-0.0	0.0	0.0	0.0	0.0	0.0	0.0	0.0	0.0	0.0	0.0	0.0	0.0	0.0	0.0	0.0	0.0	0.0	0.0	0.0	0.0	0.0	0.0	0.0	0.0	0.0	0.0	0.0	0.0	0.0	0.0	0.0	0.0	0.0	0.0	0.0	0.0	0.0	0.0	0.0	0.0	0.0	0.0	0.0	0.0	0.0	0.0	0.0	0.0	0.0
G2-199	-0.060087086075541474	0.04314046454116798	0.00833051994231456	-0.021128320286322184	-0.01670027600862773	0.008969050446128451	0.004832636927888848	0.00018074929727818453	-0.009533367232108528	0.01648254020851053	0.00574945732436736	0.0007608971907345599	-0.016873311116793823	-0.0025756574910625286	0.0028966960696405935	-0.002299385675803618	-0.00044651667494668203	0.0016641057870156865	-0.00044957292105906503	-0.004356661362799757	0.0035678828491187502	-0.003561831595215738	0.00021882238098197343	-0.0007660802634883825	-0.000671238128121952	-0.00013215252937838628	-1.8170991420150564e-06	0.0	0.0	0.0	-0.0	-0.0	-0.0	0.0	0.0	0.0	-0.0	0.0	0.0	-0.0	-0.0	0.0	-0.0	-0.0	-0.0	0.0	-0.0	0.0	-0.0	-0.0	0.0	-0.0	0.0	0.0	0.0	-0.0	0.0	0.0	0.0	0.0	0.0	0.0	0.0	0.0	0.0	0.0	0.0	0.0	0.0	0.0	0.0	0.0	0.0	0.0	0.0	0.0	0.0	0.0	0.0	0.0	0.0	0.0	0.0	0.0	0.0	0.0	0.0	0.0	0.0	0.0	0.0	0.0	0.0	0.0	0.0	0.0	0.0	0.0	0.0	0.0	0.0	0.0	0.0	0.0	0.0	0.0
G2-21	0.037659453638359874	-0.24981144071478634	0.05105003380385615	0.05184020565322621	0.06567839479830553	-0.006768728034959629	-0.029462804389165043	-0.003554993338853188	-0.042779931473652756	0.04793569645160035	0.009356724058860143	0.010810485723830403	0.008934339877252007	0.016492705226636255	0.008172178541092017	0.011657401116800222	0.0060477437168263365	-0.006724629790663839	-0.003372414209666359	-0.0023542845793271833	0.0010530363395258291	-0.0020539883802875645	0.0011060433051755195	0.0018310306002592804	0.0008077942148839869	9.922389390026836e-05	-6.3847426539811645e-06	0.0	0.0	-0.0	-0.0	-0.0	-0.0	-0.0	0.0	-0.0	-0.0	0.0	0.0	-0.0	-0.0	-0.0	0.0	0.0	0.0	0.0	0.0	0.0	0.0	0.0	0.0	-0.0	0.0	-0.0	0.0	-0.0	-0.0	0.0	0.0	0.0	0.0	0.0	0.0	0.0	0.0	0.0	0.0	0.0	0.0	0.0	0.0	0.0	0.0	0.0	0.0	0.0	0.0	0.0	0.0	0.0	0.0	0.0	0.0	0.0	0.0	0.0	0.0	0.0	0.0	0.0	0.0	0.0	0.0	0.0	0.0	0.0	0.0	0.0	0.0	0.0	0.0	0.0	0.0	0.0	0.0	0.0
G2-210	-0.12156551674154954	-0.20556054589340278	-0.06016228463693309	0.0245475774820294	0.0063048886090442445	-0.024794581828893856	0.03748027230218973	-0.014457428935003892	0.01570617244946552	-0.028061875735756945	-0.02789244983691675	-0.005575825432277489	-0.0014370252067820374	-0.0067545993775202815	0.007763388427024657	-0.00542768699690548	0.0014527112085942894	0.00744588172336322	-3.4350041804810706e-05	-0.002168122452604782	0.0022887994878699513	0.002147257100917002	0.001109065328684122	0.0010239115598616802	0.00017187896133718546	1.4366240861627402e-05	7.864176169233118e-06	0.0	0.0	-0.0	-0.0	0.0	0.0	-0.0	0.0	0.0	-0.0	0.0	0.0	-0.0	-0.0	-0.0	-0.0	-0.0	-0.0	-0.0	-0.0	0.0	-0.0	0.0	0.0	-0.0	-0.0	-0.0	-0.0	0.0	0.0	-0.0	-0.0	0.0	0.0	0.0	0.0	0.0	0.0	0.0	0.0	0.0	0.0	0.0	0.0	0.0	0.0	0.0	0.0	0.0	0.0	0.0	0.0	0.0	0.0	0.0	0.0	0.0	0.0	0.0	0.0	0.0	0.0	0.0	0.0	0.0	0.0	0.0	0.0	0.0	0.0	0.0	0.0	0.0	0.0	0.0	0.0	0.0	0.0	0.0
G2-211	0.18075158913161954	0.06975923537693399	0.13716314468433205	0.0049602977259740515	-0.05631845624305484	-0.2737088277084081	0.03018582632409691	0.06365048253460799	-0.03219779658122763	-0.0304409478541622	-0.0481949630442135	0.04572069228470372	0.02892734769698613	-0.03626372106462359	-0.04372478352657942	0.017930152269230008	0.002739542068783368	-0.009469965339911806	0.0020150698552553513	-0.0007190481387150218	0.0015262399840263383	-0.0027588315697693296	-0.001284238708940906	0.0004498563908935842	-0.0009040028307270105	0.0001270456725217783	-4.768687678154256e-05	0.0	0.0	-0.0	-0.0	-0.0	-0.0	-0.0	0.0	-0.0	-0.0	0.0	0.0	-0.0	-0.0	-0.0	0.0	0.0	0.0	0.0	0.0	0.0	0.0	0.0	0.0	-0.0	0.0	-0.0	0.0	-0.0	-0.0	0.0	0.0	0.0	0.0	0.0	0.0	0.0	0.0	0.0	0.0	0.0	0.0	0.0	0.0	0.0	0.0	0.0	0.0	0.0	0.0	0.0	0.0	0.0	0.0	0.0	0.0	0.0	0.0	0.0	0.0	0.0	0.0	0.0	0.0	0.0	0.0	0.0	0.0	0.0	0.0	0.0	0.0	0.0	0.0	0.0	0.0	0.0	0.0	0.0
G2-212	0.04169694103637395	-0.25723284799709356	0.04730257760682289	0.05484870479100016	0.07548192573805258	-0.031165022262021464	-0.039162124843239825	-0.02189545754865641	0.01704246870741468	-0.029797939224972494	-0.027616759582948392	-5.5828636137641934e-05	-0.004370679994167137	0.009811489465773196	0.009262560258229665	-0.0010768567444582224	-0.007630435300311505	0.007289575619153514	-0.0013053205111675037	0.0001501326495809834	0.0008443340761392214	0.004760016232874246	-0.0010031624931007817	-0.0013432038963211445	-0.0014670432323140687	3.081900643468501e-05	-1.6215336323217414e-05	0.0	0.0	-0.0	-0.0	-0.0	-0.0	-0.0	0.0	-0.0	-0.0	0.0	0.0	-0.0	-0.0	-0.0	0.0	0.0	0.0	0.0	0.0	0.0	0.0	0.0	0.0	-0.0	0.0	-0.0	0.0	-0.0	-0.0	0.0	0.0	0.0	0.0	0.0	0.0	0.0	0.0	0.0	0.0	0.0	0.0	0.0	0.0	0.0	0.0	0.0	0.0	0.0	0.0	0.0	0.0	0.0	0.0	0.0	0.0	0.0	0.0	0.0	0.0	0.0	0.0	0.0	0.0	0.0	0.0	0.0	0.0	0.0	0.0	0.0	0.0	0.0	0.0	0.0	0.0	0.0	0.0	0.0
G2-213	-0.05984116931888048	0.041387639400394576	0.011562051906771047	-0.028650548034486845	-0.012389322414666825	0.0065351196919306055	0.010211302882626516	-0.003604571938535403	-0.006650045076821536	-0.004960589520003288	0.0023540818229536176	-0.0021679469687541125	0.023423287336923178	-0.009794708262706456	0.024802965274384452	-0.0006067378588198962	0.005982948628707147	0.012752335306407873	0.00031746882449696636	0.0023221180602387846	-0.0006817947551727087	0.0001379106212236515	-0.0012323952938450558	-0.005912518741569145	0.001238330831463999	-0.0023161321928878527	-3.2439305348910855e-05	0.0	0.0	-0.0	-0.0	-0.0	-0.0	-0.0	0.0	-0.0	-0.0	0.0	0.0	-0.0	-0.0	-0.0	0.0	0.0	0.0	0.0	0.0	0.0	0.0	0.0	0.0	-0.0	0.0	-0.0	0.0	-0.0	-0.0	0.0	0.0	0.0	0.0	0.0	0.0	0.0	0.0	0.0	0.0	0.0	0.0	0.0	0.0	0.0	0.0	0.0	0.0	0.0	0.0	0.0	0.0	0.0	0.0	0.0	0.0	0.0	0.0	0.0	0.0	0.0	0.0	0.0	0.0	0.0	0.0	0.0	0.0	0.0	0.0	0.0	0.0	0.0	0.0	0.0	0.0	0.0	0.0	0.0
G2-214	0.050511844270313556	0.013373671904697048	0.08378512033465174	-0.024924973713764096	0.016438750310204323	-9.940425802792048e-05	-0.03276908671773911	-0.010842084296444838	0.004471578986161237	-0.025142728030613116	0.02430852344343316	0.0071205936877434895	0.02116236455173669	-0.004017823864895349	0.011980975112696763	0.0017779345921705527	-0.01103806290752249	0.008376041001374387	0.0009355290962633024	-0.0008972438762332408	0.0029900036491972318	0.0005692426818523016	-0.0022249063001515625	0.001363924044845942	-0.0007393482015947621	-0.0008577695945158146	-3.497427396241582e-05	0.0	-0.0	0.0	0.0	0.0	0.0	-0.0	0.0	0.0	-0.0	-0.0	-0.0	0.0	0.0	-0.0	-0.0	-0.0	-0.0	-0.0	0.0	0.0	0.0	-0.0	-0.0	-0.0	-0.0	-0.0	-0.0	0.0	0.0	-0.0	-0.0	0.0	0.0	0.0	0.0	0.0	0.0	0.0	0.0	0.0	0.0	0.0	0.0	0.0	0.0	0.0	0.0	0.0	0.0	0.0	0.0	0.0	0.0	0.0	0.0	0.0	0.0	0.0	0.0	0.0	0.0	0.0	0.0	0.0	0.0	0.0	0.0	0.0	0.0	0.0	0.0	0.0	0.0	0.0	0.0	0.0	0.0	0.0
G2-215	0.1166168980987853	0.06292098633623953	0.1097334687741383	0.047026373883574495	0.022004337017095022	0.08800792996648887	0.08384255181923889	-0.06602118047823662	0.020512349144166216	-0.045395928314047485	0.01913835269704749	0.005625044688933785	0.029018458417574017	-0.006903214785932094	0.005908247863292801	0.0034924968576946964	-0.023976401601895677	0.027203475669235876	0.005918286874428838	0.0018775952157719228	-0.005769365740505627	-0.0026025827076764877	0.0015436296009872423	-0.0004242753959569154	-0.0011772450980860368	0.00031505111946302026	-3.164680580264181e-05	0.0	0.0	-0.0	-0.0	-0.0	-0.0	-0.0	0.0	-0.0	-0.0	0.0	0.0	-0.0	-0.0	-0.0	0.0	0.0	0.0	0.0	0.0	0.0	0.0	0.0	0.0	-0.0	0.0	-0.0	0.0	-0.0	-0.0	0.0	0.0	0.0	0.0	0.0	0.0	0.0	0.0	0.0	0.0	0.0	0.0	0.0	0.0	0.0	0.0	0.0	0.0	0.0	0.0	0.0	0.0	0.0	0.0	0.0	0.0	0.0	0.0	0.0	0.0	0.0	0.0	0.0	0.0	0.0	0.0	0.0	0.0	0.0	0.0	0.0	0.0	0.0	0.0	0.0	0.0	0.0	0.0	0.0
G2-216	-0.06072638486745917	0.03895743049560585	0.009787877077214296	-0.029507693677842818	-0.01425241411480844	-0.0020802735761651574	0.006160257208690899	-0.011087782792078378	0.012039091942404835	-0.03182238858277979	0.01639044680729003	0.0020182659678307014	0.015498243138215486	-0.006682051169176107	0.007260074921261678	0.0003066887225765933	-0.0038489125671743226	0.0070561714054059674	0.0007375446317723802	-0.0019910242947155606	0.0007465804528830355	-0.00023594971639291106	0.00025933539205635545	0.0009499669396774	-0.0015190136491672846	0.0002835861827042366	2.5026634264287874e-05	0.0	-0.0	0.0	0.0	0.0	-0.0	-0.0	-0.0	-0.0	-0.0	0.0	0.0	0.0	-0.0	-0.0	0.0	-0.0	-0.0	-0.0	0.0	0.0	-0.0	0.0	-0.0	0.0	0.0	-0.0	0.0	-0.0	-0.0	-0.0	-0.0	0.0	0.0	0.0	0.0	0.0	0.0	0.0	0.0	0.0	0.0	0.0	0.0	0.0	0.0	0.0	0.0	0.0	0.0	0.0	0.0	0.0	0.0	0.0	0.0	0.0	0.0	0.0	0.0	0.0	0.0	0.0	0.0	0.0	0.0	0.0	0.0	0.0	0.0	0.0	0.0	0.0	0.0	0.0	0.0	0.0	0.0	0.0
G2-217	0.05001016003393919	0.016922603745216966	0.08562861436437486	-0.025252107408211898	0.01771882280355942	0.009432165675317522	-0.028210610415456104	-0.0010210229546898835	-0.0165369302360608	0.005213834280843865	0.012753228134072933	0.0035996349441311764	0.031746263636197036	-0.004120928625360094	0.024816793826208404	0.0019744632653432522	0.0013598261998893624	0.013151547373644493	-0.0014115142769635463	-0.0019666379933174294	0.002778811650349085	-0.00137820256465584	-0.0003540263884746418	-0.0009327248026592748	0.0014480589847200114	0.0012484227114164627	3.783830149407729e-05	0.0	0.0	-0.0	-0.0	-0.0	-0.0	-0.0	0.0	-0.0	-0.0	0.0	0.0	-0.0	-0.0	-0.0	0.0	0.0	0.0	0.0	0.0	0.0	0.0	0.0	0.0	-0.0	0.0	-0.0	0.0	-0.0	-0.0	0.0	0.0	0.0	0.0	0.0	0.0	0.0	0.0	0.0	0.0	0.0	0.0	0.0	0.0	0.0	0.0	0.0	0.0	0.0	0.0	0.0	0.0	0.0	0.0	0.0	0.0	0.0	0.0	0.0	0.0	0.0	0.0	0.0	0.0	0.0	0.0	0.0	0.0	0.0	0.0	0.0	0.0	0.0	0.0	0.0	0.0	0.0	0.0	0.0
G2-218	-0.060726384867459175	0.038957430495605856	0.009787877077214291	-0.029507693677842825	-0.014252414114808439	-0.002080273576165157	0.006160257208690896	-0.011087782792078383	0.012039091942404836	-0.03182238858277979	0.01639044680729	0.0020182659678306993	0.015498243138215483	-0.0066820511691761016	0.007260074921261622	0.0003066887225765865	-0.003848912567174376	0.007056171405405976	0.00073754463177239	-0.0019910242947155606	0.0007465804528830355	-0.00023594971639280516	0.0002593353920563656	0.000949966939677315	-0.0015190136491670678	0.0002835861827035092	2.502663426410451e-05	-0.0	0.0	-0.0	-0.0	0.0	-0.0	0.0	0.0	0.0	-0.0	0.0	-0.0	0.0	-0.0	0.0	0.0	0.0	-0.0	-0.0	0.0	-0.0	-0.0	0.0	-0.0	-0.0	-0.0	0.0	-0.0	0.0	0.0	0.0	0.0	0.0	0.0	0.0	0.0	0.0	0.0	0.0	0.0	0.0	0.0	0.0	0.0	0.0	0.0	0.0	0.0	0.0	0.0	0.0	0.0	0.0	0.0	0.0	0.0	0.0	0.0	0.0	0.0	0.0	0.0	0.0	0.0	0.0	0.0	0.0	0.0	0.0	0.0	0.0	0.0	0.0	0.0	0.0	0.0	0.0	0.0	0.0
G2-219	0.0493204621169726	0.015383940971479739	0.08264394628800469	-0.021584531791413713	0.012384965639408895	0.011654508744034038	-0.030362835797413237	0.0014603416655721623	-0.02450867459224913	0.030408375995792766	0.009483642773486043	0.012559186651378675	-0.006742277825741535	0.004336728953954636	0.0020787421875798884	0.0025184340269350848	-0.007382123270252706	-0.016182159922564818	0.017417712228505258	0.0017247755187519132	-0.005142291029585921	0.0030654721226012946	0.002559762126674366	0.0029516984041071817	-0.0019039923454417234	0.0006476604935115002	1.017111564483388e-05	0.0	0.0	-0.0	-0.0	-0.0	-0.0	-0.0	0.0	-0.0	-0.0	0.0	0.0	-0.0	-0.0	-0.0	0.0	0.0	0.0	0.0	0.0	0.0	0.0	0.0	0.0	-0.0	0.0	-0.0	0.0	-0.0	-0.0	0.0	0.0	0.0	0.0	0.0	0.0	0.0	0.0	0.0	0.0	0.0	0.0	0.0	0.0	0.0	0.0	0.0	0.0	0.0	0.0	0.0	0.0	0.0	0.0	0.0	0.0	0.0	0.0	0.0	0.0	0.0	0.0	0.0	0.0	0.0	0.0	0.0	0.0	0.0	0.0	0.0	0.0	0.0	0.0	0.0	0.0	0.0	0.0	0.0
G2-22	-0.1257044597419295	-0.1988900589718664	-0.05796647593121791	0.022479209130320286	-0.004266955773427069	-0.000574487657088929	0.04888368560334851	0.0018385607927432575	-0.04284022868797035	0.04948360328617916	0.005208389587277332	0.004727334601023011	0.008600604842800742	-0.003217452674795532	0.010994159548146093	0.0031197252853241075	0.01555711045264723	-0.004232843102035435	-0.0017163864889925	-0.004033719954126475	0.004194738454695738	0.0012261853232381685	0.002051598813265935	0.002277882962917775	0.0008121277966132058	0.00045236165222574555	-3.708613554452361e-06	0.0	0.0	-0.0	-0.0	-0.0	-0.0	-0.0	0.0	-0.0	-0.0	0.0	0.0	-0.0	-0.0	-0.0	0.0	0.0	0.0	0.0	0.0	0.0	0.0	0.0	0.0	-0.0	0.0	-0.0	0.0	-0.0	-0.0	0.0	0.0	0.0	0.0	0.0	0.0	0.0	0.0	0.0	0.0	0.0	0.0	0.0	0.0	0.0	0.0	0.0	0.0	0.0	0.0	0.0	0.0	0.0	0.0	0.0	0.0	0.0	0.0	0.0	0.0	0.0	0.0	0.0	0.0	0.0	0.0	0.0	0.0	0.0	0.0	0.0	0.0	0.0	0.0	0.0	0.0	0.0	0.0	0.0
G2-220	0.04990305099643571	0.017162009166263956	0.0810037143574845	-0.017690080457469587	0.01244749479812547	0.01129663696178419	-0.03139325985658184	0.004184596213773693	-0.021103709866973748	0.030585080649701744	0.009664921171205513	0.004121773634925462	-0.018945237748815364	0.004626489692555157	-0.001144753549927784	0.00035316498817223734	-0.0015817556618768316	-0.007963518182667663	0.00036720370891766895	-0.0024206219245937596	0.008068535358631609	-0.01062433950327659	-0.0016244279136299257	-0.004339114194338609	0.00563246721471096	-0.003304008444388765	-0.0001726010723048665	0.0	0.0	-0.0	-0.0	-0.0	-0.0	-0.0	0.0	-0.0	-0.0	0.0	0.0	-0.0	-0.0	-0.0	0.0	0.0	0.0	0.0	0.0	0.0	0.0	0.0	0.0	-0.0	0.0	-0.0	0.0	-0.0	-0.0	0.0	0.0	0.0	0.0	0.0	0.0	0.0	0.0	0.0	0.0	0.0	0.0	0.0	0.0	0.0	0.0	0.0	0.0	0.0	0.0	0.0	0.0	0.0	0.0	0.0	0.0	0.0	0.0	0.0	0.0	0.0	0.0	0.0	0.0	0.0	0.0	0.0	0.0	0.0	0.0	0.0	0.0	0.0	0.0	0.0	0.0	0.0	0.0	0.0
G2-221	0.14253776968332416	0.07246945862793895	0.131576478657644	0.0035763159186969866	-0.053111756277533936	-0.18044072807975747	0.02323201225497255	0.023928425215608527	-0.04879255712573589	0.024577121205593064	0.02798345466768625	-0.01562810352760866	-0.018803006371518313	0.0040053232818923964	0.056587947574058536	-0.015182460461104183	0.007445041942070057	0.0084219410760597	-0.003191223049725057	0.0026451992154393968	-0.00043134267889427845	0.003019664294536038	-0.0001887915389981068	-0.0012866379359733192	0.0012789777982745434	-0.0001152852085919739	3.1095676488269895e-05	0.0	0.0	-0.0	-0.0	-0.0	-0.0	-0.0	0.0	-0.0	-0.0	0.0	0.0	-0.0	-0.0	-0.0	0.0	0.0	0.0	0.0	0.0	0.0	0.0	0.0	0.0	-0.0	0.0	-0.0	0.0	-0.0	-0.0	0.0	0.0	0.0	0.0	0.0	0.0	0.0	0.0	0.0	0.0	0.0	0.0	0.0	0.0	0.0	0.0	0.0	0.0	0.0	0.0	0.0	0.0	0.0	0.0	0.0	0.0	0.0	0.0	0.0	0.0	0.0	0.0	0.0	0.0	0.0	0.0	0.0	0.0	0.0	0.0	0.0	0.0	0.0	0.0	0.0	0.0	0.0	0.0	0.0
G2-222	-0.05883345243384835	0.042093389096430345	0.007598709796359525	-0.02202090524599759	-0.015855352109839748	0.008261846664647736	0.006093727664054276	0.0014178431184870258	-0.00947608126564471	0.01884002048524701	0.0029327924933246073	-0.00022992558840185284	-0.021470132004034356	-0.0029243544297052294	0.000196016131014565	-0.005158499460608404	0.003987796894572039	-0.006567301326534696	-0.0009302462447809099	0.007132017763376304	-0.005278142348527612	0.00371045310386004	-0.0015170018717840655	0.005739743552701764	0.00017825306367307407	0.0020663864502798467	1.4064990141940856e-05	0.0	0.0	-0.0	-0.0	-0.0	-0.0	-0.0	0.0	-0.0	-0.0	0.0	0.0	-0.0	-0.0	-0.0	0.0	0.0	0.0	0.0	0.0	0.0	0.0	0.0	0.0	-0.0	0.0	-0.0	0.0	-0.0	-0.0	0.0	0.0	0.0	0.0	0.0	0.0	0.0	0.0	0.0	0.0	0.0	0.0	0.0	0.0	0.0	0.0	0.0	0.0	0.0	0.0	0.0	0.0	0.0	0.0	0.0	0.0	0.0	0.0	0.0	0.0	0.0	0.0	0.0	0.0	0.0	0.0	0.0	0.0	0.0	0.0	0.0	0.0	0.0	0.0	0.0	0.0	0.0	0.0	0.0
G2-223	-0.06014925226016509	0.03919475724840036	0.008150484583822856	-0.024491157065161754	-0.017280170632151697	0.00811088495622336	0.007397193611372006	-0.0018674129155994098	-0.012402050724906077	0.016828939574872106	0.000834682115299544	0.007402721839601888	-0.010159871301833589	-0.003336302469812987	0.00340584052328594	-0.0015124722790955019	-0.003102618150838576	-0.012574190915575883	0.011583625231184428	0.0038361318655299632	-0.003719830301439803	0.0064157067579397745	0.0009611463014812825	0.006438841289364574	-0.0024839973437268165	0.0015421561372565963	9.78208213470967e-05	0.0	0.0	-0.0	-0.0	-0.0	-0.0	-0.0	0.0	-0.0	-0.0	0.0	0.0	-0.0	-0.0	-0.0	0.0	0.0	0.0	0.0	0.0	0.0	0.0	0.0	0.0	-0.0	0.0	-0.0	0.0	-0.0	-0.0	0.0	0.0	0.0	0.0	0.0	0.0	0.0	0.0	0.0	0.0	0.0	0.0	0.0	0.0	0.0	0.0	0.0	0.0	0.0	0.0	0.0	0.0	0.0	0.0	0.0	0.0	0.0	0.0	0.0	0.0	0.0	0.0	0.0	0.0	0.0	0.0	0.0	0.0	0.0	0.0	0.0	0.0	0.0	0.0	0.0	0.0	0.0	0.0	0.0
G2-224	-0.05972439244457394	0.03771090065182857	0.008201497831756475	-0.02283572855668057	-0.017844704436655853	0.007702097919181058	0.006565346631893881	-0.0025777640777346973	-0.011904572449673467	0.015058933436256012	-0.0008385493332683416	0.006455469538761381	-0.00913381549599395	-0.001353412621537203	0.0031417313915159924	0.00031974715814266633	-0.0051316754784564555	-0.011508828294357667	0.008922382745781936	-0.0006295138810757716	0.005236087375440913	0.004875606199707724	0.0017506918621997974	-0.0030025018789651605	0.00915190388644789	-0.00021537567983703572	-0.00010235216319468796	0.0	0.0	-0.0	-0.0	-0.0	-0.0	-0.0	0.0	-0.0	-0.0	0.0	0.0	-0.0	-0.0	-0.0	0.0	0.0	0.0	0.0	0.0	0.0	0.0	0.0	0.0	-0.0	0.0	-0.0	0.0	-0.0	-0.0	0.0	0.0	0.0	0.0	0.0	0.0	0.0	0.0	0.0	0.0	0.0	0.0	0.0	0.0	0.0	0.0	0.0	0.0	0.0	0.0	0.0	0.0	0.0	0.0	0.0	0.0	0.0	0.0	0.0	0.0	0.0	0.0	0.0	0.0	0.0	0.0	0.0	0.0	0.0	0.0	0.0	0.0	0.0	0.0	0.0	0.0	0.0	0.0	0.0
G2-23	-0.12341649899613684	-0.2148542682635052	-0.06560002780519181	0.023532786186542216	-0.006043436983093714	-0.01618561464189163	0.0433425073244688	-0.015286274158815111	-0.013154634797042408	0.0020443056575886686	0.03815736645591761	-0.006711831988755602	0.0010912390234010764	-0.005768961770685397	-0.0324496082887524	-0.00242878549333638	-0.013751077905226767	-0.004199777593896799	0.006188716688193909	0.004223046375262315	0.0036887331369957975	-0.0017919238329232989	-0.003949617713295944	0.0009626734540016193	0.0031343759341105433	0.0009747024835139098	9.976017043011141e-05	0.0	0.0	-0.0	-0.0	-0.0	-0.0	-0.0	0.0	-0.0	-0.0	0.0	0.0	-0.0	-0.0	-0.0	0.0	0.0	0.0	0.0	0.0	0.0	0.0	0.0	0.0	-0.0	0.0	-0.0	0.0	-0.0	-0.0	0.0	0.0	0.0	0.0	0.0	0.0	0.0	0.0	0.0	0.0	0.0	0.0	0.0	0.0	0.0	0.0	0.0	0.0	0.0	0.0	0.0	0.0	0.0	0.0	0.0	0.0	0.0	0.0	0.0	0.0	0.0	0.0	0.0	0.0	0.0	0.0	0.0	0.0	0.0	0.0	0.0	0.0	0.0	0.0	0.0	0.0	0.0	0.0	0.0
G2-24	-0.12462136053696247	-0.21078766385621575	-0.0646335759357802	0.023741451035143992	-0.008160055461156623	-0.015571154750642656	0.04549746216197118	-0.011843866579253738	-0.00874102768508188	-0.003488305951105467	0.036076340702141795	0.016024338722469295	-0.005102091063072167	0.018019053388746358	-0.011691896505174512	0.011121466614340695	-0.006864478159219031	-0.008905737700684474	-0.005899857016556977	0.0036329890486417296	-0.009904675819313612	-0.002097358908598822	-0.0009184332925976263	-0.004750407097842169	-0.004275586415047627	-0.0014170721092867712	-0.0001289248451600601	0.0	0.0	-0.0	-0.0	-0.0	-0.0	-0.0	0.0	-0.0	-0.0	0.0	0.0	-0.0	-0.0	-0.0	0.0	0.0	0.0	0.0	0.0	0.0	0.0	0.0	0.0	-0.0	0.0	-0.0	0.0	-0.0	-0.0	0.0	0.0	0.0	0.0	0.0	0.0	0.0	0.0	0.0	0.0	0.0	0.0	0.0	0.0	0.0	0.0	0.0	0.0	0.0	0.0	0.0	0.0	0.0	0.0	0.0	0.0	0.0	0.0	0.0	0.0	0.0	0.0	0.0	0.0	0.0	0.0	0.0	0.0	0.0	0.0	0.0	0.0	0.0	0.0	0.0	0.0	0.0	0.0	0.0
G2-25	0.23145476772746196	-0.02796612258500435	-0.11764303380301677	0.00010134103490413488	-0.05303399028934184	0.007994118637310225	-0.15315736338409391	-0.029814807064465283	-0.018634876063522297	0.09236820844652471	0.007494645118733486	-0.06522518759434844	0.022401281661744352	-0.03374139092460825	-0.044879311642829246	-0.017441174760946025	-0.007027330752315318	0.03172928861386353	0.006682298557076585	0.0021578583952335767	-0.0015046258881564972	0.004262862130932986	-0.0002766145167265225	-0.0018158586968025886	-0.0011265631239271406	-0.0003789708702218978	-3.603079618475468e-05	0.0	0.0	-0.0	-0.0	-0.0	-0.0	-0.0	0.0	-0.0	-0.0	0.0	0.0	-0.0	-0.0	-0.0	0.0	0.0	0.0	0.0	0.0	0.0	0.0	0.0	0.0	-0.0	0.0	-0.0	0.0	-0.0	-0.0	0.0	0.0	0.0	0.0	0.0	0.0	0.0	0.0	0.0	0.0	0.0	0.0	0.0	0.0	0.0	0.0	0.0	0.0	0.0	0.0	0.0	0.0	0.0	0.0	0.0	0.0	0.0	0.0	0.0	0.0	0.0	0.0	0.0	0.0	0.0	0.0	0.0	0.0	0.0	0.0	0.0	0.0	0.0	0.0	0.0	0.0	0.0	0.0	0.0
G2-26	-0.05332914639413152	0.001154122339123621	-0.061104174933587274	0.03439940543677178	0.009245619974465338	-0.011592822413345421	-0.0010384431352553148	-0.019040736085585465	-0.010840726744944136	0.03867523581346615	0.013272839767631694	0.01682735686762381	0.018509586546213333	0.00482000348134342	-0.0003654216912657363	0.0014183844605947492	0.0013301402757259838	-0.002340178859184122	-0.00018790508858661955	-0.00022949703582078715	-0.0036123951737570647	0.0041568903492812115	-0.001126941561622764	-0.0004133075589533569	0.003790836586582957	0.0003428019830294802	-9.502992169235982e-05	0.0	0.0	-0.0	-0.0	-0.0	-0.0	-0.0	0.0	-0.0	-0.0	0.0	0.0	-0.0	-0.0	-0.0	0.0	0.0	0.0	0.0	0.0	0.0	0.0	0.0	0.0	-0.0	0.0	-0.0	0.0	-0.0	-0.0	0.0	0.0	0.0	0.0	0.0	0.0	0.0	0.0	0.0	0.0	0.0	0.0	0.0	0.0	0.0	0.0	0.0	0.0	0.0	0.0	0.0	0.0	0.0	0.0	0.0	0.0	0.0	0.0	0.0	0.0	0.0	0.0	0.0	0.0	0.0	0.0	0.0	0.0	0.0	0.0	0.0	0.0	0.0	0.0	0.0	0.0	0.0	0.0	0.0
G2-27	-0.12156551674154954	-0.20556054589340278	-0.06016228463693309	0.024547577482029403	0.006304888609044226	-0.024794581828893842	0.037480272302189734	-0.01445742893500392	0.015706172449465688	-0.028061875735756973	-0.02789244983691693	-0.005575825432277437	-0.0014370252067821294	-0.006754599377520241	0.00776338842702435	-0.005427686996905333	0.0014527112085942267	0.0074458817233631815	-3.4350041804874925e-05	-0.0021681224526047807	0.002288799487869395	0.0021472571009164398	0.0011090653286844807	0.0010239115598619129	0.0001718789613371044	1.4366240860570425e-05	7.864176167884232e-06	-0.0	-0.0	0.0	0.0	-0.0	-0.0	0.0	-0.0	-0.0	-0.0	-0.0	-0.0	0.0	0.0	0.0	0.0	0.0	0.0	0.0	0.0	0.0	0.0	0.0	-0.0	-0.0	0.0	0.0	0.0	-0.0	-0.0	0.0	0.0	0.0	0.0	0.0	0.0	0.0	0.0	0.0	0.0	0.0	0.0	0.0	0.0	0.0	0.0	0.0	0.0	0.0	0.0	0.0	0.0	0.0	0.0	0.0	0.0	0.0	0.0	0.0	0.0	0.0	0.0	0.0	0.0	0.0	0.0	0.0	0.0	0.0	0.0	0.0	0.0	0.0	0.0	0.0	0.0	0.0	0.0	0.0
G2-28	0.02069859701902388	-0.20586534511142696	0.1569776545187917	-0.05486461716745212	0.023423960482105318	0.01997060882265746	0.0025181373061368877	-0.007818510158805416	-0.03956612891330287	0.0014733008646835473	-0.03982638204300472	-0.01800725007753861	-0.0005733475330972834	0.02226976534108171	0.016047824818646514	0.01842259385834953	0.0038541237655306164	0.007467438501320972	7.482037612401527e-05	-0.0003652635358299914	-0.002148512454912373	0.0024782355608436693	0.00035397430303484695	-0.0009509308442458066	-0.0016877127690374614	-9.537206234120626e-05	-3.461030685709786e-05	0.0	0.0	-0.0	-0.0	-0.0	-0.0	-0.0	0.0	-0.0	-0.0	0.0	0.0	-0.0	-0.0	-0.0	0.0	0.0	0.0	0.0	0.0	0.0	0.0	0.0	0.0	-0.0	0.0	-0.0	0.0	-0.0	-0.0	0.0	0.0	0.0	0.0	0.0	0.0	0.0	0.0	0.0	0.0	0.0	0.0	0.0	0.0	0.0	0.0	0.0	0.0	0.0	0.0	0.0	0.0	0.0	0.0	0.0	0.0	0.0	0.0	0.0	0.0	0.0	0.0	0.0	0.0	0.0	0.0	0.0	0.0	0.0	0.0	0.0	0.0	0.0	0.0	0.0	0.0	0.0	0.0	0.0
G2-29	-0.07554147078697392	0.08419231183422585	0.004415505609417443	-0.06490388714126205	-0.010179962469849998	0.007164760053777878	0.02654949317594225	0.02481386231507498	0.0533682144998615	0.038880621183741575	-0.05251184908164962	-0.007502988330422875	0.05718350038073557	0.06347379985878056	-0.0014721083660034994	-0.07094088773715668	-0.029711058596188385	-0.021138904836748903	-0.006674920989013995	-0.0018676066594810806	0.00415324884712804	0.00029757140834268513	-0.0014684892756580488	0.00042711895976818993	-0.0008155806455266478	0.00012032189585244785	-2.308652366060997e-05	0.0	0.0	-0.0	-0.0	-0.0	-0.0	-0.0	0.0	-0.0	-0.0	0.0	0.0	-0.0	-0.0	-0.0	0.0	0.0	0.0	0.0	0.0	0.0	0.0	0.0	0.0	-0.0	0.0	-0.0	0.0	-0.0	-0.0	0.0	0.0	0.0	0.0	0.0	0.0	0.0	0.0	0.0	0.0	0.0	0.0	0.0	0.0	0.0	0.0	0.0	0.0	0.0	0.0	0.0	0.0	0.0	0.0	0.0	0.0	0.0	0.0	0.0	0.0	0.0	0.0	0.0	0.0	0.0	0.0	0.0	0.0	0.0	0.0	0.0	0.0	0.0	0.0	0.0	0.0	0.0	0.0	0.0
G2-313	-0.0587813840727121	0.03695777136867724	0.007927504805628174	-0.019185320221574705	-0.01366574588444442	0.007536343090924929	0.006944955902617472	0.006178440340255842	-0.0060483669354437705	0.011229424281916246	-0.012140532392485723	-0.006644335810065742	-0.00473243575924729	0.0073991993408095025	-0.010649499046881138	0.005002720784369686	0.006419746876655798	0.007512564163085632	-0.0059086775906150284	0.013652245390091374	0.0018078973837928746	-0.0020320395297581985	0.001219962408985704	-0.0004451397776284735	0.002152403724180095	-0.0005980461997338168	-8.716685650451671e-05	0.0	0.0	-0.0	-0.0	-0.0	-0.0	-0.0	0.0	-0.0	-0.0	0.0	0.0	-0.0	-0.0	-0.0	0.0	0.0	0.0	0.0	0.0	0.0	0.0	0.0	0.0	-0.0	0.0	-0.0	0.0	-0.0	-0.0	0.0	0.0	0.0	0.0	0.0	0.0	0.0	0.0	0.0	0.0	0.0	0.0	0.0	0.0	0.0	0.0	0.0	0.0	0.0	0.0	0.0	0.0	0.0	0.0	0.0	0.0	0.0	0.0	0.0	0.0	0.0	0.0	0.0	0.0	0.0	0.0	0.0	0.0	0.0	0.0	0.0	0.0	0.0	0.0	0.0	0.0	0.0	0.0	0.0
G2-314	-0.06008708607554146	0.04314046454116801	0.00833051994231455	-0.02112832028632219	-0.016700276008627755	0.008969050446128406	0.0048326369278888495	0.00018074929727818564	-0.009533367232108486	0.016482540208510452	0.005749457324367272	0.0007608971907345853	-0.016873311116793736	-0.0025756574910626396	0.0028966960696403484	-0.0022993856758036792	-0.00044651667494682417	0.0016641057870156778	-0.0004495729210589886	-0.004356661362799833	0.003567882849118785	-0.003561831595215765	0.00021882238098187007	-0.000766080263488372	-0.0006712381281220807	-0.00013215252937795731	-1.8170991410641417e-06	-0.0	-0.0	-0.0	0.0	0.0	-0.0	-0.0	-0.0	-0.0	-0.0	-0.0	0.0	-0.0	0.0	-0.0	-0.0	-0.0	0.0	-0.0	-0.0	0.0	-0.0	-0.0	-0.0	-0.0	-0.0	-0.0	-0.0	-0.0	-0.0	-0.0	0.0	0.0	0.0	0.0	0.0	0.0	0.0	0.0	0.0	0.0	0.0	0.0	0.0	0.0	0.0	0.0	0.0	0.0	0.0	0.0	0.0	0.0	0.0	0.0	0.0	0.0	0.0	0.0	0.0	0.0	0.0	0.0	0.0	0.0	0.0	0.0	0.0	0.0	0.0	0.0	0.0	0.0	0.0	0.0	0.0	0.0	0.0	0.0
G2-315	-0.05974495240147706	0.0396237795048079	0.008917552226262013	-0.019726157034109917	-0.014873240680870417	0.01054924882209862	0.006592943998940223	0.004851962105191974	-0.008430918796749367	0.0118436038251458	0.005388777566651586	-0.004993853976020233	0.0008604520159858291	0.002483005704024787	-0.008331125217752332	0.002404234508210957	0.00704374474602231	0.0059954821684103975	-0.010532597892337611	0.0007728589790937569	-0.0015375739957882277	-0.002333900528439667	-0.0019049191710485064	9.634165558696891e-05	0.0008032032391873336	0.000325687070176418	2.6154579500512183e-05	0.0	0.0	0.0	0.0	0.0	0.0	-0.0	-0.0	0.0	0.0	-0.0	0.0	0.0	-0.0	-0.0	0.0	0.0	-0.0	0.0	0.0	0.0	-0.0	0.0	0.0	-0.0	0.0	0.0	0.0	-0.0	-0.0	0.0	-0.0	0.0	0.0	0.0	0.0	0.0	0.0	0.0	0.0	0.0	0.0	0.0	0.0	0.0	0.0	0.0	0.0	0.0	0.0	0.0	0.0	0.0	0.0	0.0	0.0	0.0	0.0	0.0	0.0	0.0	0.0	0.0	0.0	0.0	0.0	0.0	0.0	0.0	0.0	0.0	0.0	0.0	0.0	0.0	0.0	0.0	0.0	0.0
G2-316	-0.060087086075541474	0.04314046454116802	0.008330519942314556	-0.021128320286322198	-0.016700276008627744	0.008969050446128415	0.004832636927888864	0.00018074929727819396	-0.009533367232108495	0.01648254020851041	0.005749457324367257	0.0007608971907345627	-0.016873311116793733	-0.0025756574910626245	0.0028966960696403276	-0.002299385675803688	-0.0004465166749468341	0.001664105787015698	-0.0004495729210589202	-0.00435666136279973	0.0035678828491187867	-0.0035618315952157505	0.00021882238098173937	-0.0007660802634886545	-0.0006712381281222307	-0.0001321525293779635	-1.817099140651153e-06	0.0	0.0	-0.0	-0.0	0.0	0.0	0.0	-0.0	-0.0	-0.0	-0.0	0.0	-0.0	-0.0	-0.0	0.0	0.0	0.0	0.0	0.0	0.0	0.0	-0.0	-0.0	-0.0	0.0	0.0	0.0	0.0	0.0	0.0	-0.0	0.0	0.0	0.0	0.0	0.0	0.0	0.0	0.0	0.0	0.0	0.0	0.0	0.0	0.0	0.0	0.0	0.0	0.0	0.0	0.0	0.0	0.0	0.0	0.0	0.0	0.0	0.0	0.0	0.0	0.0	0.0	0.0	0.0	0.0	0.0	0.0	0.0	0.0	0.0	0.0	0.0	0.0	0.0	0.0	0.0	0.0	0.0
G2-317	-0.05974495240147706	0.039623779504807895	0.008917552226262013	-0.019726157034109917	-0.014873240680870417	0.010549248822098622	0.006592943998940218	0.004851962105191965	-0.00843091879674937	0.011843603825145812	0.0053887775666515815	-0.004993853976020199	0.0008604520159858362	0.0024830057040247976	-0.008331125217752354	0.0024042345082109754	0.007043744746022317	0.005995482168410402	-0.010532597892337642	0.0007728589790937395	-0.0015375739957882945	-0.002333900528439669	-0.0019049191710484963	9.634165558698397e-05	0.0008032032391873158	0.0003256870701762597	2.6154579500430776e-05	-0.0	0.0	0.0	-0.0	-0.0	0.0	0.0	-0.0	-0.0	-0.0	0.0	-0.0	-0.0	-0.0	-0.0	-0.0	-0.0	0.0	0.0	-0.0	0.0	0.0	0.0	-0.0	-0.0	-0.0	-0.0	0.0	0.0	-0.0	0.0	0.0	0.0	0.0	0.0	0.0	0.0	0.0	0.0	0.0	0.0	0.0	0.0	0.0	0.0	0.0	0.0	0.0	0.0	0.0	0.0	0.0	0.0	0.0	0.0	0.0	0.0	0.0	0.0	0.0	0.0	0.0	0.0	0.0	0.0	0.0	0.0	0.0	0.0	0.0	0.0	0.0	0.0	0.0	0.0	0.0	0.0	0.0	0.0
G2-318	-0.05974495240147706	0.0396237795048079	0.008917552226262013	-0.019726157034109914	-0.014873240680870417	0.010549248822098628	0.006592943998940223	0.004851962105191966	-0.00843091879674937	0.0118436038251458	0.005388777566651578	-0.004993853976020219	0.0008604520159858313	0.002483005704024788	-0.008331125217752354	0.0024042345082109584	0.007043744746022314	0.0059954821684103715	-0.010532597892337682	0.0007728589790937574	-0.001537573995788195	-0.0023339005284396105	-0.001904919171048483	9.634165558698188e-05	0.0008032032391873043	0.00032568707017642306	2.6154579500238137e-05	0.0	-0.0	-0.0	-0.0	-0.0	-0.0	0.0	0.0	-0.0	-0.0	0.0	-0.0	-0.0	0.0	0.0	-0.0	-0.0	0.0	-0.0	0.0	0.0	0.0	-0.0	0.0	-0.0	0.0	-0.0	-0.0	-0.0	0.0	-0.0	-0.0	0.0	0.0	0.0	0.0	0.0	0.0	0.0	0.0	0.0	0.0	0.0	0.0	0.0	0.0	0.0	0.0	0.0	0.0	0.0	0.0	0.0	0.0	0.0	0.0	0.0	0.0	0.0	0.0	0.0	0.0	0.0	0.0	0.0	0.0	0.0	0.0	0.0	0.0	0.0	0.0	0.0	0.0	0.0	0.0	0.0	0.0	0.0
G2-319	-0.06102374521149492	0.03666806403709861	0.009438787144772044	-0.022125739967688206	-0.016243611435694152	0.010387381481697645	0.007846925968281241	0.0016676724525698894	-0.011310170043805644	0.009796974752859402	0.003188516661553379	0.0025711816881504508	0.011964283093262779	0.002273745671196736	-0.005615453486812857	0.006069931599471644	8.008833311009616e-05	-0.00024725509006346406	0.0010850348513092528	-0.0019575798794364647	-0.0002446894669591028	0.00014991996640814889	0.0004268888755558515	0.0003449482874194119	-0.00039214679717984434	9.165784876952361e-05	8.690486594511656e-06	0.0	-0.0	0.0	0.0	-0.0	-0.0	-0.0	-0.0	0.0	-0.0	0.0	0.0	0.0	0.0	-0.0	0.0	0.0	0.0	-0.0	-0.0	-0.0	0.0	0.0	0.0	-0.0	0.0	-0.0	-0.0	0.0	0.0	0.0	-0.0	0.0	0.0	0.0	0.0	0.0	0.0	0.0	0.0	0.0	0.0	0.0	0.0	0.0	0.0	0.0	0.0	0.0	0.0	0.0	0.0	0.0	0.0	0.0	0.0	0.0	0.0	0.0	0.0	0.0	0.0	0.0	0.0	0.0	0.0	0.0	0.0	0.0	0.0	0.0	0.0	0.0	0.0	0.0	0.0	0.0	0.0	0.0
G2-320	-0.06102374521149492	0.03666806403709861	0.009438787144772044	-0.022125739967688206	-0.016243611435694152	0.010387381481697643	0.007846925968281245	0.0016676724525698894	-0.01131017004380565	0.009796974752859403	0.0031885166615533804	0.0025711816881504425	0.011964283093262768	0.0022737456711967472	-0.0056154534868128455	0.006069931599471624	8.008833311010381e-05	-0.0002472550900634634	0.0010850348513092567	-0.001957579879436451	-0.00024468946695915697	0.00014991996640807825	0.00042688887555583177	0.000344948287419386	-0.0003921467971799455	9.16578487695312e-05	8.690486594349813e-06	-0.0	0.0	0.0	-0.0	0.0	-0.0	0.0	0.0	0.0	0.0	0.0	0.0	0.0	0.0	0.0	0.0	-0.0	0.0	-0.0	-0.0	0.0	0.0	0.0	0.0	-0.0	0.0	0.0	0.0	-0.0	0.0	-0.0	-0.0	0.0	0.0	0.0	0.0	0.0	0.0	0.0	0.0	0.0	0.0	0.0	0.0	0.0	0.0	0.0	0.0	0.0	0.0	0.0	0.0	0.0	0.0	0.0	0.0	0.0	0.0	0.0	0.0	0.0	0.0	0.0	0.0	0.0	0.0	0.0	0.0	0.0	0.0	0.0	0.0	0.0	0.0	0.0	0.0	0.0	0.0	0.0
G2-321	-0.06102374521149492	0.036668064037098616	0.009438787144772044	-0.022125739967688202	-0.016243611435694152	0.010387381481697638	0.007846925968281245	0.0016676724525698883	-0.011310170043805644	0.009796974752859407	0.0031885166615533756	0.0025711816881504417	0.011964283093262784	0.0022737456711967056	-0.005615453486812865	0.006069931599471656	8.008833311011323e-05	-0.0002472550900634537	0.0010850348513092264	-0.001957579879436446	-0.0002446894669590416	0.00014991996640815534	0.00042688887555583855	0.0003449482874194732	-0.0003921467971798673	9.165784876940363e-05	8.690486593704886e-06	0.0	-0.0	-0.0	-0.0	-0.0	-0.0	-0.0	-0.0	0.0	-0.0	-0.0	0.0	-0.0	0.0	-0.0	-0.0	0.0	-0.0	0.0	-0.0	-0.0	0.0	0.0	-0.0	-0.0	-0.0	-0.0	0.0	0.0	0.0	-0.0	-0.0	0.0	0.0	0.0	0.0	0.0	0.0	0.0	0.0	0.0	0.0	0.0	0.0	0.0	0.0	0.0	0.0	0.0	0.0	0.0	0.0	0.0	0.0	0.0	0.0	0.0	0.0	0.0	0.0	0.0	0.0	0.0	0.0	0.0	0.0	0.0	0.0	0.0	0.0	0.0	0.0	0.0	0.0	0.0	0.0	0.0	0.0	0.0
G2-322	-0.06102374521149492	0.036668064037098616	0.009438787144772044	-0.022125739967688202	-0.016243611435694152	0.010387381481697636	0.007846925968281245	0.0016676724525698861	-0.011310170043805646	0.009796974752859396	0.003188516661553369	0.0025711816881504278	0.011964283093262779	0.0022737456711966826	-0.0056154534868128585	0.006069931599471657	8.008833311010891e-05	-0.0002472550900634583	0.0010850348513092407	-0.001957579879436411	-0.0002446894669590684	0.00014991996640816957	0.0004268888755558146	0.00034494828741946836	-0.00039214679717985567	9.165784876948421e-05	8.690486594087609e-06	0.0	0.0	-0.0	0.0	0.0	0.0	0.0	0.0	-0.0	-0.0	0.0	0.0	0.0	0.0	0.0	-0.0	0.0	0.0	0.0	-0.0	-0.0	0.0	0.0	0.0	-0.0	-0.0	0.0	-0.0	-0.0	-0.0	0.0	0.0	0.0	0.0	0.0	0.0	0.0	0.0	0.0	0.0	0.0	0.0	0.0	0.0	0.0	0.0	0.0	0.0	0.0	0.0	0.0	0.0	0.0	0.0	0.0	0.0	0.0	0.0	0.0	0.0	0.0	0.0	0.0	0.0	0.0	0.0	0.0	0.0	0.0	0.0	0.0	0.0	0.0	0.0	0.0	0.0	0.0	0.0	0.0
G2-323	-0.06006641337398969	0.034045097312189916	0.008444536520029331	-0.0215680485561002	-0.015014445835614456	0.007363220107738271	0.008154836291823295	0.002994345331203574	-0.008830692357721952	0.009071094684667406	-0.014352576349070369	0.0009348942167143391	0.00644469931665355	0.007165574477814057	-0.00794825921426752	0.008835142733434232	-0.0006229029686925849	0.0015254468041074572	0.006089607851201329	0.011090119735357236	0.0030089089452041786	0.0004940933033946808	0.0034930466640203496	0.00011292075875377149	0.0005766621966905546	-0.0004897193725409217	1.0633780450463771e-05	0.0	0.0	-0.0	-0.0	-0.0	-0.0	-0.0	0.0	-0.0	-0.0	0.0	0.0	-0.0	-0.0	-0.0	0.0	0.0	0.0	0.0	0.0	0.0	0.0	0.0	0.0	-0.0	0.0	-0.0	0.0	-0.0	-0.0	0.0	0.0	0.0	0.0	0.0	0.0	0.0	0.0	0.0	0.0	0.0	0.0	0.0	0.0	0.0	0.0	0.0	0.0	0.0	0.0	0.0	0.0	0.0	0.0	0.0	0.0	0.0	0.0	0.0	0.0	0.0	0.0	0.0	0.0	0.0	0.0	0.0	0.0	0.0	0.0	0.0	0.0	0.0	0.0	0.0	0.0	0.0	0.0	0.0
G2-324	-0.05378831661844588	0.0006986553193547615	-0.06141561991177817	0.03438999954583563	0.010275470741034352	-0.013546445545404273	-0.0012534933013884676	-0.017853988588757932	-0.00880529904076731	0.03705564626581331	-0.00028263554632541535	0.016311826204989378	0.01684171807422865	0.008758895798130406	-0.0010468632517721887	0.005019700522582451	-0.001640729198917659	0.004656336541845961	0.005544061418029422	0.007549303781584531	0.0026652798412807525	-0.000867102998759683	0.004035151136449368	0.002459145577445527	-0.0013098949547061013	-0.0005623585753121177	9.978282628342038e-05	0.0	0.0	-0.0	-0.0	-0.0	-0.0	-0.0	0.0	-0.0	-0.0	0.0	0.0	-0.0	-0.0	-0.0	0.0	0.0	0.0	0.0	0.0	0.0	0.0	0.0	0.0	-0.0	0.0	-0.0	0.0	-0.0	-0.0	0.0	0.0	0.0	0.0	0.0	0.0	0.0	0.0	0.0	0.0	0.0	0.0	0.0	0.0	0.0	0.0	0.0	0.0	0.0	0.0	0.0	0.0	0.0	0.0	0.0	0.0	0.0	0.0	0.0	0.0	0.0	0.0	0.0	0.0	0.0	0.0	0.0	0.0	0.0	0.0	0.0	0.0	0.0	0.0	0.0	0.0	0.0	0.0	0.0
G2-325	-0.05614496845343474	0.02332184060973082	-0.08123034729753788	0.07489978498776023	0.016461941080883582	0.015719746595318374	-0.013535797481225846	0.06379937212900041	-0.026607328730365348	-0.00032822560518925084	-0.016771227889785807	-0.001134435546348231	-0.0064843933872754216	0.0063731754763446434	-0.0006999091581113517	0.002899264098714932	0.0012641886334210613	0.003638380066964436	0.002064069218016452	0.004707989224685204	-0.001839682468980272	-0.0011661212610306873	-0.0012237863748161036	-0.0004889669154008891	0.0017250720877709112	0.0001550372087312709	1.4909712293005514e-05	-0.0	0.0	0.0	-0.0	-0.0	-0.0	0.0	0.0	0.0	-0.0	-0.0	-0.0	0.0	-0.0	0.0	-0.0	-0.0	0.0	0.0	-0.0	0.0	-0.0	0.0	-0.0	-0.0	0.0	-0.0	-0.0	0.0	-0.0	0.0	-0.0	0.0	0.0	0.0	0.0	0.0	0.0	0.0	0.0	0.0	0.0	0.0	0.0	0.0	0.0	0.0	0.0	0.0	0.0	0.0	0.0	0.0	0.0	0.0	0.0	0.0	0.0	0.0	0.0	0.0	0.0	0.0	0.0	0.0	0.0	0.0	0.0	0.0	0.0	0.0	0.0	0.0	0.0	0.0	0.0	0.0	0.0	0.0
G2-326	-0.05891130803525736	0.024571092006526133	-0.08044379854053578	0.07270052173865742	0.012242059547107447	0.02185737700424668	-0.011628900084391372	0.06004897879745343	-0.03748702548041328	0.00043252885772244613	0.020632759241603592	0.01312572354202203	0.02252398924736814	-0.0027072543082242158	0.0063752090745713315	0.0062785852702093425	-0.0069701900385468404	-0.003287633474373424	0.012133929331557533	-0.008357622902362128	0.0019339609576647975	0.003338495582665061	0.003630175128209705	0.0009369025860614421	-0.0003777960152610213	-0.0006653917915819548	4.525357385721002e-05	0.0	0.0	-0.0	-0.0	-0.0	-0.0	-0.0	0.0	-0.0	-0.0	0.0	0.0	-0.0	-0.0	-0.0	0.0	0.0	0.0	0.0	0.0	0.0	0.0	0.0	0.0	-0.0	0.0	-0.0	0.0	-0.0	-0.0	0.0	0.0	0.0	0.0	0.0	0.0	0.0	0.0	0.0	0.0	0.0	0.0	0.0	0.0	0.0	0.0	0.0	0.0	0.0	0.0	0.0	0.0	0.0	0.0	0.0	0.0	0.0	0.0	0.0	0.0	0.0	0.0	0.0	0.0	0.0	0.0	0.0	0.0	0.0	0.0	0.0	0.0	0.0	0.0	0.0	0.0	0.0	0.0	0.0
G2-327	-0.05614496845343473	0.02332184060973082	-0.08123034729753788	0.07489978498776025	0.016461941080883585	0.01571974659531837	-0.01353579748122584	0.06379937212900043	-0.02660732873036536	-0.00032822560518928163	-0.016771227889785818	-0.0011344355463482221	-0.006484393387275427	0.006373175476344629	-0.0006999091581113147	0.0028992640987149814	0.0012641886334211036	0.0036383800669644193	0.0020640692180163797	0.004707989224685261	-0.0018396824689802178	-0.0011661212610306196	-0.0012237863748163606	-0.0004889669154010159	0.0017250720877708394	0.00015503720873138004	1.4909712293238004e-05	-0.0	-0.0	-0.0	0.0	-0.0	0.0	-0.0	-0.0	0.0	-0.0	0.0	-0.0	-0.0	0.0	-0.0	0.0	0.0	-0.0	-0.0	-0.0	-0.0	-0.0	-0.0	0.0	-0.0	-0.0	0.0	0.0	-0.0	0.0	-0.0	-0.0	0.0	0.0	0.0	0.0	0.0	0.0	0.0	0.0	0.0	0.0	0.0	0.0	0.0	0.0	0.0	0.0	0.0	0.0	0.0	0.0	0.0	0.0	0.0	0.0	0.0	0.0	0.0	0.0	0.0	0.0	0.0	0.0	0.0	0.0	0.0	0.0	0.0	0.0	0.0	0.0	0.0	0.0	0.0	0.0	0.0	0.0	0.0
G2-328	-0.05614496845343473	0.023321840609730825	-0.08123034729753788	0.07489978498776023	0.016461941080883585	0.015719746595318364	-0.01353579748122583	0.06379937212900041	-0.026607328730365348	-0.0003282256051892392	-0.016771227889785807	-0.001134435546348206	-0.006484393387275444	0.006373175476344685	-0.0006999091581113906	0.00289926409871499	0.0012641886334211069	0.003638380066964458	0.0020640692180163536	0.00470798922468523	-0.0018396824689803433	-0.0011661212610304765	-0.001223786374816298	-0.0004889669154011046	0.0017250720877707332	0.000155037208731471	1.4909712292121934e-05	0.0	-0.0	0.0	-0.0	0.0	-0.0	-0.0	-0.0	-0.0	0.0	-0.0	0.0	-0.0	-0.0	-0.0	0.0	0.0	-0.0	-0.0	0.0	0.0	0.0	0.0	-0.0	-0.0	-0.0	-0.0	-0.0	0.0	0.0	-0.0	0.0	0.0	0.0	0.0	0.0	0.0	0.0	0.0	0.0	0.0	0.0	0.0	0.0	0.0	0.0	0.0	0.0	0.0	0.0	0.0	0.0	0.0	0.0	0.0	0.0	0.0	0.0	0.0	0.0	0.0	0.0	0.0	0.0	0.0	0.0	0.0	0.0	0.0	0.0	0.0	0.0	0.0	0.0	0.0	0.0	0.0	0.0	0.0
G2-329	0.1318408491764052	0.02154351922300383	-0.0024043994118112732	0.19398160387178537	0.08040359840027957	0.09537522543324944	0.042112358193817166	0.05566488299141544	-0.028369444539783597	-0.016993170093476256	-0.018148075994924708	0.018607214960191968	-0.008574173486725395	0.015219993174682606	-0.01171225883655371	-0.0026633666998799248	-0.011783676066187888	0.016970459085783988	0.0030500339049204634	0.0008642495256306207	-0.00037026738710006925	0.0012662904393437886	0.00048004856301475836	-0.00018013216498794077	-0.00026916141472480866	0.0002478001750751807	-4.7089419267079045e-05	0.0	0.0	-0.0	-0.0	-0.0	-0.0	-0.0	0.0	-0.0	-0.0	0.0	0.0	-0.0	-0.0	-0.0	0.0	0.0	0.0	0.0	0.0	0.0	0.0	0.0	0.0	-0.0	0.0	-0.0	0.0	-0.0	-0.0	0.0	0.0	0.0	0.0	0.0	0.0	0.0	0.0	0.0	0.0	0.0	0.0	0.0	0.0	0.0	0.0	0.0	0.0	0.0	0.0	0.0	0.0	0.0	0.0	0.0	0.0	0.0	0.0	0.0	0.0	0.0	0.0	0.0	0.0	0.0	0.0	0.0	0.0	0.0	0.0	0.0	0.0	0.0	0.0	0.0	0.0	0.0	0.0	0.0
G2-330	-0.05748113001221802	0.02736038692283721	-0.08039983184753653	0.07437279925598983	0.01351866713166917	0.021605908676148772	-0.012940520387729812	0.061600629680468304	-0.03367320979618616	0.0038439406701624036	0.020841620840716325	0.0042548178029950924	0.004342119789146705	-0.0036102806718077904	0.0034409710816972203	0.0004105514076427343	0.004527164173815182	0.002275913311387479	-0.009848833972761147	-0.008272193178571615	0.0037908360295033456	-0.008337163821382132	-0.0018426662756234216	0.0004964524512306157	-0.004994888985670775	0.0005713324893309159	-2.373135219512426e-05	0.0	0.0	-0.0	-0.0	-0.0	-0.0	-0.0	0.0	-0.0	-0.0	0.0	0.0	-0.0	-0.0	-0.0	0.0	0.0	0.0	0.0	0.0	0.0	0.0	0.0	0.0	-0.0	0.0	-0.0	0.0	-0.0	-0.0	0.0	0.0	0.0	0.0	0.0	0.0	0.0	0.0	0.0	0.0	0.0	0.0	0.0	0.0	0.0	0.0	0.0	0.0	0.0	0.0	0.0	0.0	0.0	0.0	0.0	0.0	0.0	0.0	0.0	0.0	0.0	0.0	0.0	0.0	0.0	0.0	0.0	0.0	0.0	0.0	0.0	0.0	0.0	0.0	0.0	0.0	0.0	0.0	0.0
G2-413	-0.05881933697069751	0.043612803417788566	0.006329113881806643	-0.02973984755937381	-0.013664789461239434	-0.005796306068569273	0.0016944209026818903	-0.012432459728161043	0.015395991105157	-0.02813419990188467	0.0006648907426888946	0.00036167933584114125	-0.022523688875346837	-0.0014997770298072598	0.011551445728863257	-0.0033581077695216217	-0.003807372305110756	0.003772739941544046	-0.0011817997836558692	0.012897353857046337	0.010177761967701647	-0.0050084190042534674	-0.0017155997151367451	0.003161826384550366	0.002260848078423734	0.0012625850780923719	0.00019258403290424122	0.0	0.0	-0.0	-0.0	-0.0	-0.0	-0.0	0.0	-0.0	-0.0	0.0	0.0	-0.0	-0.0	-0.0	0.0	0.0	0.0	0.0	0.0	0.0	0.0	0.0	0.0	-0.0	0.0	-0.0	0.0	-0.0	-0.0	0.0	0.0	0.0	0.0	0.0	0.0	0.0	0.0	0.0	0.0	0.0	0.0	0.0	0.0	0.0	0.0	0.0	0.0	0.0	0.0	0.0	0.0	0.0	0.0	0.0	0.0	0.0	0.0	0.0	0.0	0.0	0.0	0.0	0.0	0.0	0.0	0.0	0.0	0.0	0.0	0.0	0.0	0.0	0.0	0.0	0.0	0.0	0.0	0.0
G2-414	0.060444450603123055	-0.024616850720904335	0.009315540452032178	0.04781998631703536	0.05276187836115546	-0.022010528693334207	-0.04679977132952603	-0.010507344763760345	0.0004426205513308722	0.03212575831503512	-0.022702721733827244	0.004628468489331544	-0.013758481240054361	0.0023008628045501902	0.01810035996135399	-0.006959312670784603	0.00785581981690092	0.0050671664147711425	0.0010656790827549233	-0.003275867336536475	-0.000416558273117834	0.00012461235383844763	-0.002262241429415843	-0.005032110613918317	-0.0020488099297283828	0.00024104958977242013	3.8932167222367675e-06	0.0	0.0	-0.0	-0.0	-0.0	-0.0	-0.0	0.0	-0.0	-0.0	0.0	0.0	-0.0	-0.0	-0.0	0.0	0.0	0.0	0.0	0.0	0.0	0.0	0.0	0.0	-0.0	0.0	-0.0	0.0	-0.0	-0.0	0.0	0.0	0.0	0.0	0.0	0.0	0.0	0.0	0.0	0.0	0.0	0.0	0.0	0.0	0.0	0.0	0.0	0.0	0.0	0.0	0.0	0.0	0.0	0.0	0.0	0.0	0.0	0.0	0.0	0.0	0.0	0.0	0.0	0.0	0.0	0.0	0.0	0.0	0.0	0.0	0.0	0.0	0.0	0.0	0.0	0.0	0.0	0.0	0.0
G2-415	-0.050824646840975624	0.00018585144665638094	-0.06104284383881779	0.0345025948156831	0.013685921153216905	-0.023788889173066055	-0.0058970054042574846	-0.023196760076554968	0.01849774558492036	-0.003913242216708835	0.0024786939307021054	0.0026217636115890347	0.005315067356635542	-0.0007511659245833706	-0.00635248516498755	-0.0041398135621091205	0.004785565201613909	0.002172650966733707	-0.007305366792831183	-0.008309990303090622	-0.0069542114205022	0.0023625787295488984	-0.004692375213234546	-0.001511288171405878	0.002348502530382505	0.001504490488026802	3.484538787221969e-05	0.0	0.0	-0.0	-0.0	-0.0	-0.0	-0.0	0.0	-0.0	-0.0	0.0	0.0	-0.0	-0.0	-0.0	0.0	0.0	0.0	0.0	0.0	0.0	0.0	0.0	0.0	-0.0	0.0	-0.0	0.0	-0.0	-0.0	0.0	0.0	0.0	0.0	0.0	0.0	0.0	0.0	0.0	0.0	0.0	0.0	0.0	0.0	0.0	0.0	0.0	0.0	0.0	0.0	0.0	0.0	0.0	0.0	0.0	0.0	0.0	0.0	0.0	0.0	0.0	0.0	0.0	0.0	0.0	0.0	0.0	0.0	0.0	0.0	0.0	0.0	0.0	0.0	0.0	0.0	0.0	0.0	0.0
G2-416	-0.051077861922459236	0.0014325954797014008	-0.061441562294753234	0.03472038394951491	0.012706275772854402	-0.022210628568438612	-0.006029134275573356	-0.024632044539014877	0.017212347196383874	-0.001817867013656155	0.01676087298913588	0.004906256157151039	0.006095279082710436	-0.004720034075924598	-0.005821164872081255	-0.007789141824044235	0.007757127960372028	-0.002479821754332957	-0.011447025276849543	-2.7809082901864915e-05	2.0485582131734443e-05	0.001284953336242379	0.0028014533290017614	0.001300721329955755	0.00041821519869378505	-0.0007508633640893002	1.656212480239501e-05	0.0	0.0	-0.0	-0.0	-0.0	-0.0	-0.0	0.0	-0.0	-0.0	0.0	0.0	-0.0	-0.0	-0.0	0.0	0.0	0.0	0.0	0.0	0.0	0.0	0.0	0.0	-0.0	0.0	-0.0	0.0	-0.0	-0.0	0.0	0.0	0.0	0.0	0.0	0.0	0.0	0.0	0.0	0.0	0.0	0.0	0.0	0.0	0.0	0.0	0.0	0.0	0.0	0.0	0.0	0.0	0.0	0.0	0.0	0.0	0.0	0.0	0.0	0.0	0.0	0.0	0.0	0.0	0.0	0.0	0.0	0.0	0.0	0.0	0.0	0.0	0.0	0.0	0.0	0.0	0.0	0.0	0.0
G3-417	0.06041144804666702	-0.030270785854307845	0.008389311135999791	0.04525189065510281	0.04668257277828225	-0.026542963380603534	-0.046635320052584354	-0.0239121152462245	0.012513828590606249	0.0014701053673972144	0.017556334729471188	0.016723779576132518	0.0005292184604020685	-0.0039058804210899893	0.004747113889750468	-0.0019003021421814172	-0.01032348755222758	-0.014759459183359806	0.013556971084682994	-0.00599370413924333	0.0016214692921019853	0.011395365115181553	0.0008183907736280709	-0.002650307179510994	-0.00024158644844957393	-3.8824845951497925e-05	-3.161595185583282e-05	0.0	0.0	-0.0	-0.0	-0.0	-0.0	-0.0	0.0	-0.0	-0.0	0.0	0.0	-0.0	-0.0	-0.0	0.0	0.0	0.0	0.0	0.0	0.0	0.0	0.0	0.0	-0.0	0.0	-0.0	0.0	-0.0	-0.0	0.0	0.0	0.0	0.0	0.0	0.0	0.0	0.0	0.0	0.0	0.0	0.0	0.0	0.0	0.0	0.0	0.0	0.0	0.0	0.0	0.0	0.0	0.0	0.0	0.0	0.0	0.0	0.0	0.0	0.0	0.0	0.0	0.0	0.0	0.0	0.0	0.0	0.0	0.0	0.0	0.0	0.0	0.0	0.0	0.0	0.0	0.0	0.0	0.0
G3-418	-0.05132951661504432	0.0032417081093900936	-0.062139788439970034	0.03399931100449672	0.0122698902207347	-0.025559481609370827	-0.007357656472838436	-0.026871975517276398	0.017099299128150527	0.0016516031472476045	0.003425533020092499	0.009062817549117932	-0.017629990401397407	-0.006215052728403844	0.005912494076512332	-0.010290335988832219	-0.0029965594806800866	-0.004477688506454834	0.003399147813858466	0.004570826697531897	0.00791889045808262	-0.0017610686232418466	0.004178634077984509	0.0012565034813081005	-0.0023662244460702754	-0.0011889868304160894	-0.00010104869935165284	0.0	0.0	-0.0	-0.0	-0.0	-0.0	-0.0	0.0	-0.0	-0.0	0.0	0.0	-0.0	-0.0	-0.0	0.0	0.0	0.0	0.0	0.0	0.0	0.0	0.0	0.0	-0.0	0.0	-0.0	0.0	-0.0	-0.0	0.0	0.0	0.0	0.0	0.0	0.0	0.0	0.0	0.0	0.0	0.0	0.0	0.0	0.0	0.0	0.0	0.0	0.0	0.0	0.0	0.0	0.0	0.0	0.0	0.0	0.0	0.0	0.0	0.0	0.0	0.0	0.0	0.0	0.0	0.0	0.0	0.0	0.0	0.0	0.0	0.0	0.0	0.0	0.0	0.0	0.0	0.0	0.0	0.0
G3-419	0.052393573295438735	0.015020699586246671	0.08442573670342883	-0.01965166102321908	0.018682224978778562	0.00019839246981186428	-0.040762504759200055	-0.006602418350482407	0.011720665708186879	-0.017780133429664106	0.012258613032846881	-0.0015665565440272427	-0.005953908525965808	-0.0028551883031645436	-0.00927930429902934	-0.006134944281600696	0.0012230864733767462	-0.007787902252164544	-0.017675695527888762	0.001648304300565797	-0.006875066028831553	-0.0009049184958179789	0.02038019142532281	-0.007413358531257325	0.0004893970477698832	0.003475215129291296	4.947661751963999e-05	0.0	0.0	-0.0	-0.0	-0.0	-0.0	-0.0	0.0	-0.0	-0.0	0.0	0.0	-0.0	-0.0	-0.0	0.0	0.0	0.0	0.0	0.0	0.0	0.0	0.0	0.0	-0.0	0.0	-0.0	0.0	-0.0	-0.0	0.0	0.0	0.0	0.0	0.0	0.0	0.0	0.0	0.0	0.0	0.0	0.0	0.0	0.0	0.0	0.0	0.0	0.0	0.0	0.0	0.0	0.0	0.0	0.0	0.0	0.0	0.0	0.0	0.0	0.0	0.0	0.0	0.0	0.0	0.0	0.0	0.0	0.0	0.0	0.0	0.0	0.0	0.0	0.0	0.0	0.0	0.0	0.0	0.0
G3-420	-0.049552417162822195	0.028887041576174794	-0.09427399125835313	0.009242808404256073	0.07540030635349793	-0.0403118359756828	0.02137606715907367	0.03294146197595217	0.13968343993821772	0.04235349236028127	0.009436290946141969	-0.019119099992970772	-5.0592529808729575e-05	0.005224538022445997	0.0016899650374070613	0.043802887425778925	0.0032899415566493774	-0.0007096410551182103	0.0004220312646279345	-0.0007359821327608748	0.0020982456751715175	0.002213047232957458	-0.0003195624633319278	0.0006011729767635813	0.0005044014907589759	1.0509218003637583e-05	-2.7273582181040645e-06	0.0	0.0	-0.0	-0.0	-0.0	-0.0	-0.0	0.0	-0.0	-0.0	0.0	0.0	-0.0	-0.0	-0.0	0.0	0.0	0.0	0.0	0.0	0.0	0.0	0.0	0.0	-0.0	0.0	-0.0	0.0	-0.0	-0.0	0.0	0.0	0.0	0.0	0.0	0.0	0.0	0.0	0.0	0.0	0.0	0.0	0.0	0.0	0.0	0.0	0.0	0.0	0.0	0.0	0.0	0.0	0.0	0.0	0.0	0.0	0.0	0.0	0.0	0.0	0.0	0.0	0.0	0.0	0.0	0.0	0.0	0.0	0.0	0.0	0.0	0.0	0.0	0.0	0.0	0.0	0.0	0.0	0.0
G3-421	0.10969269684709859	0.0488101352014332	0.1057980445521765	0.008681311600221495	0.042999028373534	0.05744337209438736	0.016043034443732097	-0.04841950510209538	0.019934396803259858	-0.04417957142473	0.02310851311046654	0.01950556505661503	-0.01848365518179221	0.03760128263727728	-0.038350780572184995	-0.022477255988619865	0.07477381553124483	0.0072135017778869	0.015489849530464683	-0.0031153100837780176	0.005524307616162407	0.003332830781401261	-0.0007322796736654383	-0.00018076344991195016	0.0002210076043612417	-6.578504088015723e-05	5.834843223197299e-07	0.0	0.0	-0.0	-0.0	-0.0	-0.0	-0.0	0.0	-0.0	-0.0	0.0	0.0	-0.0	-0.0	-0.0	0.0	0.0	0.0	0.0	0.0	0.0	0.0	0.0	0.0	-0.0	0.0	-0.0	0.0	-0.0	-0.0	0.0	0.0	0.0	0.0	0.0	0.0	0.0	0.0	0.0	0.0	0.0	0.0	0.0	0.0	0.0	0.0	0.0	0.0	0.0	0.0	0.0	0.0	0.0	0.0	0.0	0.0	0.0	0.0	0.0	0.0	0.0	0.0	0.0	0.0	0.0	0.0	0.0	0.0	0.0	0.0	0.0	0.0	0.0	0.0	0.0	0.0	0.0	0.0	0.0
G3-422	-0.05763056708811545	0.034434387346015574	0.008078153082194709	-0.021292237367042596	-0.013134905336185164	-0.0018465303455223096	0.0034409629980574207	-0.004999320773182035	0.01722702412288898	-0.02514180502807998	0.0019401388235053734	-0.010817112200166358	-0.005059527527066498	-0.004843589680357787	-0.015540565686094757	-0.0030875065081031727	0.008578182536684667	-0.013326488695813725	-0.011953028795326715	-0.001896682653699755	0.003022704365980969	0.0038461412185086643	0.002396642532990777	0.0018441281570673266	0.0014476016764159087	-0.0009092960817779668	-2.8053539427013837e-05	0.0	0.0	-0.0	-0.0	-0.0	-0.0	-0.0	0.0	-0.0	-0.0	0.0	0.0	-0.0	-0.0	-0.0	0.0	0.0	0.0	0.0	0.0	0.0	0.0	0.0	0.0	-0.0	0.0	-0.0	0.0	-0.0	-0.0	0.0	0.0	0.0	0.0	0.0	0.0	0.0	0.0	0.0	0.0	0.0	0.0	0.0	0.0	0.0	0.0	0.0	0.0	0.0	0.0	0.0	0.0	0.0	0.0	0.0	0.0	0.0	0.0	0.0	0.0	0.0	0.0	0.0	0.0	0.0	0.0	0.0	0.0	0.0	0.0	0.0	0.0	0.0	0.0	0.0	0.0	0.0	0.0	0.0
G3-423	0.06951217655652697	-0.016813779572119252	-0.0032618860669160294	0.09679489664485443	0.06978160942917717	0.0036430593957237477	-0.0820842640021063	0.07464309949306379	-0.011612217518756013	-0.047629918032386614	0.014394189860625326	-0.0017198644038275783	0.0009152035907511026	-0.00048559195096760344	0.009923192616798157	-0.0055673532691145645	-0.004233200743003085	-0.012106370133304466	-0.005540721567488723	-7.90209348483202e-05	0.0013320391947074656	0.0017593382392927703	-0.0010621602557431122	-0.0005757909752336528	-7.318377127494581e-05	-0.00015772482744835567	8.331121198863781e-05	0.0	0.0	-0.0	-0.0	-0.0	-0.0	-0.0	0.0	-0.0	-0.0	0.0	0.0	-0.0	-0.0	-0.0	0.0	0.0	0.0	0.0	0.0	0.0	0.0	0.0	0.0	-0.0	0.0	-0.0	0.0	-0.0	-0.0	0.0	0.0	0.0	0.0	0.0	0.0	0.0	0.0	0.0	0.0	0.0	0.0	0.0	0.0	0.0	0.0	0.0	0.0	0.0	0.0	0.0	0.0	0.0	0.0	0.0	0.0	0.0	0.0	0.0	0.0	0.0	0.0	0.0	0.0	0.0	0.0	0.0	0.0	0.0	0.0	0.0	0.0	0.0	0.0	0.0	0.0	0.0	0.0	0.0
G3-424	-0.05371313820045144	0.02098469908564407	-0.08134213178061632	0.07490665616559489	0.017633456079729923	0.007964869938741057	-0.01765909615181597	0.05152909656451586	-0.0011553743302783093	-0.047521284067576726	0.012895842916526682	-0.004073339903223738	-0.002215128450017669	-0.011813611476556178	-0.0005769232962897665	-0.009366256897392228	0.00029520031699187087	-0.007147866105348762	-0.003058637638911606	0.0017640376835630427	0.00025454612831743884	0.0036623767954018648	0.0006442272718880952	0.00020392640693566135	0.00013617038626102885	0.0004553116329470571	-0.002514303587920798	0.0	0.0	-0.0	-0.0	-0.0	-0.0	-0.0	0.0	-0.0	-0.0	0.0	0.0	-0.0	-0.0	-0.0	0.0	0.0	0.0	0.0	0.0	0.0	0.0	0.0	0.0	-0.0	0.0	-0.0	0.0	-0.0	-0.0	0.0	0.0	0.0	0.0	0.0	0.0	0.0	0.0	0.0	0.0	0.0	0.0	0.0	0.0	0.0	0.0	0.0	0.0	0.0	0.0	0.0	0.0	0.0	0.0	0.0	0.0	0.0	0.0	0.0	0.0	0.0	0.0	0.0	0.0	0.0	0.0	0.0	0.0	0.0	0.0	0.0	0.0	0.0	0.0	0.0	0.0	0.0	0.0	0.0
G3-425	0.0731127865148845	0.03671477096841025	0.08405302793320034	-0.056930377294020534	0.08993788605756904	-0.010310473604491428	-0.028888050027847563	0.03972732103590204	0.12285740471778671	0.026453717823138562	-0.0016041338603952253	-0.04023041270979576	-0.005338950493946686	0.018508112593013274	0.00841363710725104	0.049070607458134505	-0.006412647306968312	-0.00960725186144934	0.0015938769009539021	-0.0010773753966806167	0.0008447856080551011	0.0001802521076388748	-0.0002888630286233289	0.00047175055516756795	-0.00018860669775407242	7.676305210058467e-05	2.7724326170353445e-06	0.0	0.0	-0.0	-0.0	-0.0	-0.0	-0.0	0.0	-0.0	-0.0	0.0	0.0	-0.0	-0.0	-0.0	0.0	0.0	0.0	0.0	0.0	0.0	0.0	0.0	0.0	-0.0	0.0	-0.0	0.0	-0.0	-0.0	0.0	0.0	0.0	0.0	0.0	0.0	0.0	0.0	0.0	0.0	0.0	0.0	0.0	0.0	0.0	0.0	0.0	0.0	0.0	0.0	0.0	0.0	0.0	0.0	0.0	0.0	0.0	0.0	0.0	0.0	0.0	0.0	0.0	0.0	0.0	0.0	0.0	0.0	0.0	0.0	0.0	0.0	0.0	0.0	0.0	0.0	0.0	0.0	0.0
G3-426	-0.059138531580875855	0.03747933571070176	0.007056291217732102	-0.023029505540935934	-0.012901988739196662	-0.007124154180949528	0.0014729501758970435	-0.007645633063671314	0.020336973615254293	-0.024520462218206533	-0.02382699992902386	-0.005830598870569512	-0.026922570382847563	-0.0035820279665482995	-0.0037039203709307547	-0.0018957723290380258	-0.004051906903438631	-0.0006205804991449376	0.006575019274296732	-0.005449043939467744	0.001282670802988794	-0.0007107640429059812	0.0015524111730013746	-0.0005566936857716921	-0.0005987294733812759	-5.839320006210644e-05	-8.009757361233291e-05	0.0	-0.0	0.0	0.0	0.0	-0.0	0.0	0.0	0.0	0.0	0.0	0.0	0.0	-0.0	-0.0	0.0	-0.0	0.0	0.0	0.0	0.0	-0.0	0.0	0.0	-0.0	-0.0	0.0	-0.0	0.0	0.0	0.0	0.0	0.0	0.0	0.0	0.0	0.0	0.0	0.0	0.0	0.0	0.0	0.0	0.0	0.0	0.0	0.0	0.0	0.0	0.0	0.0	0.0	0.0	0.0	0.0	0.0	0.0	0.0	0.0	0.0	0.0	0.0	0.0	0.0	0.0	0.0	0.0	0.0	0.0	0.0	0.0	0.0	0.0	0.0	0.0	0.0	0.0	0.0	0.0
G3-427	0.050360094833483623	0.00900642136117037	0.0780324453326264	-0.016157371748559475	0.01797326016572158	-0.004202089126364945	-0.032202525943358935	-0.0029592784439845597	0.014036115234264202	-0.020893611278485505	-0.018839091665203683	-0.005905710091964773	-0.007633318894015537	0.0037217124810963453	-0.01146691518847608	-0.0003205171564365515	-0.004816606425419697	0.004544401878258527	-0.0003293836719175939	0.004077287953757286	0.0018865609848739816	-0.0015261084445060665	-0.002465439555817032	0.0013869026502966156	-0.0017909697654936315	-0.0006947860203254389	2.5349896809302073e-05	-0.0	0.0	-0.0	-0.0	-0.0	0.0	-0.0	0.0	0.0	0.0	0.0	0.0	0.0	-0.0	0.0	0.0	0.0	0.0	0.0	0.0	0.0	0.0	-0.0	-0.0	-0.0	-0.0	-0.0	0.0	-0.0	0.0	0.0	0.0	0.0	0.0	0.0	0.0	0.0	0.0	0.0	0.0	0.0	0.0	0.0	0.0	0.0	0.0	0.0	0.0	0.0	0.0	0.0	0.0	0.0	0.0	0.0	0.0	0.0	0.0	0.0	0.0	0.0	0.0	0.0	0.0	0.0	0.0	0.0	0.0	0.0	0.0	0.0	0.0	0.0	0.0	0.0	0.0	0.0	0.0	0.0
G3-428	-0.059138531580875855	0.03747933571070176	0.007056291217732102	-0.023029505540935934	-0.012901988739196669	-0.0071241541809495285	0.0014729501758970363	-0.0076456330636713084	0.020336973615254283	-0.02452046221820654	-0.023826999929023884	-0.005830598870569509	-0.02692257038284756	-0.0035820279665483104	-0.003703920370930756	-0.0018957723290380416	-0.004051906903438635	-0.0006205804991449448	0.006575019274296731	-0.005449043939467686	0.001282670802988768	-0.00071076404290603	0.0015524111730013958	-0.0005566936857716116	-0.0005987294733812432	-5.839320006227651e-05	-8.009757361248458e-05	-0.0	0.0	-0.0	-0.0	-0.0	0.0	-0.0	-0.0	-0.0	-0.0	-0.0	-0.0	-0.0	0.0	0.0	-0.0	0.0	0.0	-0.0	-0.0	0.0	0.0	0.0	-0.0	-0.0	0.0	-0.0	0.0	-0.0	-0.0	-0.0	-0.0	0.0	0.0	0.0	0.0	0.0	0.0	0.0	0.0	0.0	0.0	0.0	0.0	0.0	0.0	0.0	0.0	0.0	0.0	0.0	0.0	0.0	0.0	0.0	0.0	0.0	0.0	0.0	0.0	0.0	0.0	0.0	0.0	0.0	0.0	0.0	0.0	0.0	0.0	0.0	0.0	0.0	0.0	0.0	0.0	0.0	0.0	0.0
G3-429	0.0507024997710741	0.009509123621499256	0.07851228571177318	-0.016494888851850846	0.016641526704028877	-0.00222949980552902	-0.03185491736909465	-0.003572976884143436	0.01167082292439915	-0.018879606944934072	-0.005254247055205038	-0.00570370933084245	-0.005242927707767836	-0.0002677705853145628	-0.011495539758381017	-0.0019654909395741414	-0.0015727613917909998	-0.0036029835684472902	-0.006945229841440377	-0.009913554135796355	-0.005812024619089161	0.0034831998376510104	-0.01025964938357534	-0.0020407047762094153	0.0029617198960198935	0.0006606583395192583	-3.5376058899173246e-05	0.0	0.0	-0.0	-0.0	-0.0	-0.0	-0.0	0.0	-0.0	-0.0	0.0	0.0	-0.0	-0.0	-0.0	0.0	0.0	0.0	0.0	0.0	0.0	0.0	0.0	0.0	-0.0	0.0	-0.0	0.0	-0.0	-0.0	0.0	0.0	0.0	0.0	0.0	0.0	0.0	0.0	0.0	0.0	0.0	0.0	0.0	0.0	0.0	0.0	0.0	0.0	0.0	0.0	0.0	0.0	0.0	0.0	0.0	0.0	0.0	0.0	0.0	0.0	0.0	0.0	0.0	0.0	0.0	0.0	0.0	0.0	0.0	0.0	0.0	0.0	0.0	0.0	0.0	0.0	0.0	0.0	0.0
G3-430	-0.05887288466637902	0.034033827312001885	0.0075123956499112444	-0.02161414709998606	-0.011204378694139342	-0.005493173565108694	0.003271552334714866	-0.002908512674355792	0.021055588840709467	-0.02882794567369004	-0.024239393376485213	-0.011221276277205355	-0.00820809411281416	0.001770016127554323	-0.015205879907923632	0.0035250278557715717	0.0035160886327778116	0.0041403014766169454	-0.002145770852489397	-0.00015212712243445656	-0.003827883548471264	-0.0013216414828239706	0.00030065527113543945	0.0003915458020462662	-0.00036578731569663025	0.00013263460043650956	8.314765787725157e-05	0.0	0.0	-0.0	-0.0	-0.0	-0.0	-0.0	0.0	-0.0	-0.0	0.0	0.0	-0.0	-0.0	-0.0	0.0	0.0	0.0	0.0	0.0	0.0	0.0	0.0	0.0	-0.0	0.0	-0.0	0.0	-0.0	-0.0	0.0	0.0	0.0	0.0	0.0	0.0	0.0	0.0	0.0	0.0	0.0	0.0	0.0	0.0	0.0	0.0	0.0	0.0	0.0	0.0	0.0	0.0	0.0	0.0	0.0	0.0	0.0	0.0	0.0	0.0	0.0	0.0	0.0	0.0	0.0	0.0	0.0	0.0	0.0	0.0	0.0	0.0	0.0	0.0	0.0	0.0	0.0	0.0	0.0

Biplot	0	0

Site constraints	0	0
